# l Dl_TT Dl_TE Dl_TB Dl_ET Dl_BT Dl_EE Dl_EB Dl_BE Dl_BB
7.050000000000000000e+01 1.746268675974145935e+03 -5.214108883993603172e+00 -1.545094884694928061e-01 -5.214108883993603172e+00 -1.545094884694928061e-01 3.062728026275050586e-01 2.030748629306077923e-03 2.030748629306076622e-03 2.443745235445016553e-03
1.065000000000000000e+02 3.046463593138957549e+03 -2.899049415309608690e+01 -1.416530679416910243e-01 -2.899049415309608690e+01 -1.416530679416910243e-01 8.502700010586613510e-01 7.081553947413360417e-03 7.081553947413350009e-03 9.941620759993795298e-03
1.425000000000000000e+02 4.068348027120523511e+03 -4.316508269404174314e+01 -7.671446373466160873e-01 -4.316508269404174314e+01 -7.671446373466160873e-01 1.109243298439826164e+00 -8.826843012746775005e-03 -8.826843012746776740e-03 2.252291907776933499e-02
1.785000000000000000e+02 5.026780633733044851e+03 -3.605551049222692939e+01 -2.059884310682710828e-01 -3.605551049222692939e+01 -2.059884310682710828e-01 8.268542322004247547e-01 -2.514864620949588958e-03 -2.514864620949591560e-03 5.475529169195448263e-03
2.145000000000000000e+02 5.644578787947814817e+03 5.532145464585010330e+00 -3.872929697909713864e-01 5.532145464585010330e+00 -3.872929697909713864e-01 8.036630761166848602e-01 -2.013505616508787927e-02 -2.013505616508788273e-02 1.744583863190482878e-02
2.505000000000000000e+02 5.383036697698596981e+03 6.202647201804727217e+01 3.658410558234655441e-01 6.202647201804727217e+01 3.658410558234655441e-01 2.483214472090843117e+00 -1.796855748317948819e-03 -1.796855748317947084e-03 9.599166335808425460e-03
2.865000000000000000e+02 4.678712128759770167e+03 1.149282081115510010e+02 -7.892473064210472344e-01 1.149282081115510010e+02 -7.892473064210472344e-01 6.974064376283219957e+00 -1.524146493666566488e-02 -1.524146493666566834e-02 2.453767475841976686e-02
3.225000000000000000e+02 3.250394237953951688e+03 1.116180104140065339e+02 -8.007306249198758996e-02 1.116180104140065339e+02 -8.007306249198758996e-02 1.291524299484416893e+01 -9.283881380622109256e-03 -9.283881380622110990e-03 3.737865536733501332e-02
3.585000000000000000e+02 2.361395432793657619e+03 7.611992311766860553e+01 -1.069676671231130083e+00 7.611992311766860553e+01 -1.069676671231130083e+00 1.879683057044591621e+01 2.886783009559936233e-02 2.886783009559936927e-02 2.796241234634583642e-02
3.945000000000000000e+02 1.809683713884057170e+03 9.337516820019178709e+00 -3.351222372641293745e-02 9.337516820019178709e+00 -3.351222372641293745e-02 2.175383705125135947e+01 6.428613882899138210e-02 6.428613882899143761e-02 4.953519682279920733e-02
4.305000000000000000e+02 1.782371354762731244e+03 -4.864125637705106442e+01 4.584791380338258948e-01 -4.864125637705106442e+01 4.584791380338258948e-01 1.914581853439019099e+01 6.115960205616093742e-03 6.115960205616107620e-03 3.954387079116498949e-02
4.665000000000000000e+02 2.159993661969489040e+03 -7.713304866897792067e+01 -4.427134564685850093e-01 -7.713304866897792067e+01 -4.427134564685850093e-01 1.387095246630627443e+01 6.723392812746585220e-03 6.723392812746586955e-03 7.937942580042907370e-02
5.025000000000000000e+02 2.502407925581240306e+03 -5.598482382035653870e+01 4.943245348605195266e-01 -5.598482382035653870e+01 4.943245348605195266e-01 8.152950907081756071e+00 -2.453807540598268097e-03 -2.453807540598265495e-03 4.040013716867751903e-02
5.385000000000000000e+02 2.597796764229321980e+03 -1.428910545359441286e+01 -1.177550051664482789e+00 -1.428910545359441286e+01 -1.177550051664482789e+00 7.450726764057489682e+00 -6.781917581221548474e-02 -6.781917581221549862e-02 6.646779753897474885e-02
5.745000000000000000e+02 2.422265953536048983e+03 2.390050615523938049e+01 -1.916352101700387611e-01 2.390050615523938049e+01 -1.916352101700387611e-01 1.314736635664391073e+01 9.379967232515201009e-03 9.379967232515242642e-03 7.505852324035060252e-02
6.105000000000000000e+02 2.124940744577877922e+03 2.218739264217911256e+01 -5.922851784066414105e-01 2.218739264217911256e+01 -5.922851784066414105e-01 2.272915348321487983e+01 -6.478322928617526524e-03 -6.478322928617523055e-03 6.196166645630200864e-02
6.465000000000000000e+02 1.884790532385122560e+03 -1.438169212280746478e+01 -1.860459617882479488e-01 -1.438169212280746478e+01 -1.860459617882479488e-01 3.271183101942495597e+01 -2.000388501136330516e-02 -2.000388501136333985e-02 7.953095771419625704e-02
6.825000000000000000e+02 1.831921397124656323e+03 -6.945314476633032541e+01 1.587693036955132586e-01 -6.945314476633032541e+01 1.587693036955132586e-01 3.740156099568868342e+01 1.153125777031437961e-02 1.153125777031437788e-02 3.647707248446106082e-02
7.185000000000000000e+02 1.985892253700926176e+03 -1.192834431380223350e+02 3.868941789163016232e-01 -1.192834431380223350e+02 3.868941789163016232e-01 3.525848411874157762e+01 -5.366792806924061687e-02 -5.366792806924058912e-02 1.111599279081327829e-01
7.545000000000000000e+02 2.274868281740841212e+03 -1.353471513606518215e+02 6.635957170319386478e-01 -1.353471513606518215e+02 6.635957170319386478e-01 2.735233697617755411e+01 -2.149789122855035040e-02 -2.149789122855035733e-02 1.403075889658522701e-01
7.905000000000000000e+02 2.554377026089699029e+03 -1.049889450045110522e+02 -6.524876134466443822e-02 -1.049889450045110522e+02 -6.524876134466443822e-02 1.763295843506917748e+01 -1.523081352047397051e-02 -1.523081352047396357e-02 8.442550151911903944e-02
8.265000000000000000e+02 2.528157844621158347e+03 -4.466151790987238712e+01 -1.987606943932910264e-01 -4.466151790987238712e+01 -1.987606943932910264e-01 1.277410537072919539e+01 9.899459430354096146e-02 9.899459430354098921e-02 1.389753033199412624e-01
8.625000000000000000e+02 2.275399645318161220e+03 1.674615051712872571e+01 2.590724476421476519e-01 1.674615051712872571e+01 2.590724476421476519e-01 1.516305606804791672e+01 -5.007823279191325749e-02 -5.007823279191325055e-02 8.578789651644258551e-02
8.985000000000000000e+02 1.931461628123362061e+03 5.630362850427314925e+01 -5.393675345250914521e-01 5.630362850427314925e+01 -5.393675345250914521e-01 2.382413338450541573e+01 9.949433317257658227e-02 9.949433317257658227e-02 1.534756633537338877e-01
9.345000000000000000e+02 1.514261974902997736e+03 5.245869929877631677e+01 -1.601175334817484253e-01 5.245869929877631677e+01 -1.601175334817484253e-01 3.363595659493590517e+01 -1.463868408773962015e-02 -1.463868408773964097e-02 2.466130417022264001e-02
9.705000000000000000e+02 1.195799044738915882e+03 1.667509124350431904e+01 -3.671030909452503987e-01 1.667509124350431904e+01 -3.671030909452503987e-01 4.077532341878250577e+01 -2.233227780214315505e-02 -2.233227780214314812e-02 1.673032227562344099e-01
1.006500000000000000e+03 1.058963698344815157e+03 -3.425068498301281039e+01 -1.858977082025321803e-01 -3.425068498301281039e+01 -1.858977082025321803e-01 4.186274262787998879e+01 1.316311774510266763e-01 1.316311774510267318e-01 8.092543264272521186e-02
1.042500000000000000e+03 1.070607389107085282e+03 -6.677325305121402721e+01 6.862859767275112377e-01 -6.677325305121402721e+01 6.862859767275112377e-01 3.460666202691133719e+01 -1.107557195905180814e-01 -1.107557195905181091e-01 9.392026509155861069e-02
1.078500000000000000e+03 1.181608268921777835e+03 -7.799690171966052787e+01 -2.931722071622487880e-01 -7.799690171966052787e+01 -2.931722071622487880e-01 2.534797420918545185e+01 8.679649673537452592e-02 8.679649673537452592e-02 9.402845881735524824e-02
1.114500000000000000e+03 1.234401680960477051e+03 -5.875539551018631101e+01 -8.903370518352842211e-01 -5.875539551018631101e+01 -8.903370518352842211e-01 1.693854713099617015e+01 1.022276434711190396e-01 1.022276434711190118e-01 7.516967463043809639e-02
1.150500000000000000e+03 1.235646803891469744e+03 -3.037643415548286896e+01 1.318439480055509927e-01 -3.037643415548286896e+01 1.318439480055509927e-01 1.356914280121127803e+01 -5.451810357023050002e-02 -5.451810357023050696e-02 1.764749546735701058e-01
1.186500000000000000e+03 1.107183089836350518e+03 -1.309465668837351604e+00 5.458655907471934299e-01 -1.309465668837351604e+00 5.458655907471934299e-01 1.566297494973342097e+01 -3.769802542992786720e-02 -3.769802542992788108e-02 6.150590848972473795e-02
1.222500000000000000e+03 9.566555420077010012e+02 6.026679532968811870e+00 -8.894735678675347312e-02 6.026679532968811870e+00 -8.894735678675347312e-02 2.161407711298589263e+01 8.314796386670003647e-02 8.314796386670003647e-02 5.239461513861609632e-02
1.258500000000000000e+03 8.249305939851597032e+02 -4.585576504104616369e+00 6.439478300607422989e-01 -4.585576504104616369e+00 6.439478300607422989e-01 2.793256111718000412e+01 -6.910244756800321131e-02 -6.910244756800318355e-02 6.197389104798519538e-02
1.294500000000000000e+03 7.442806582352653777e+02 -2.839414573511543693e+01 -4.681339205254289593e-02 -2.839414573511543693e+01 -4.681339205254289593e-02 3.058298200962444824e+01 -1.293206978134856522e-01 -1.293206978134855967e-01 5.012701404354266005e-02
1.330500000000000000e+03 7.287383316829661908e+02 -5.008612739990549301e+01 -1.518067228269586733e-01 -5.008612739990549301e+01 -1.518067228269586733e-01 2.821198301486362681e+01 9.585980275075545176e-02 9.585980275075545176e-02 6.455827011143554228e-02
1.366500000000000000e+03 7.805114287708573784e+02 -6.072904444077285291e+01 2.266737126795234647e-01 -6.072904444077285291e+01 2.266737126795234647e-01 2.320530309231138943e+01 3.148116141568640253e-02 3.148116141568640947e-02 1.030390710646894026e-01
1.402500000000000000e+03 8.153155758166441274e+02 -5.296101061276546318e+01 -3.090116154357321343e-01 -5.296101061276546318e+01 -3.090116154357321343e-01 1.694156866102383674e+01 -1.722823750854186181e-02 -1.722823750854186875e-02 1.785089247405601265e-01
1.438500000000000000e+03 8.238147228769221329e+02 -3.462561447244388546e+01 -4.570398310613814352e-02 -3.462561447244388546e+01 -4.570398310613814352e-02 1.254188943644039789e+01 1.949503708822436510e-02 1.949503708822433734e-02 1.415248145660371604e-01
1.474500000000000000e+03 7.632934819866911766e+02 -1.385518841038918225e+01 5.993182063658891723e-01 -1.385518841038918225e+01 5.993182063658891723e-01 1.147142147277504876e+01 5.706731313157664687e-02 5.706731313157663993e-02 5.854081477919654067e-03
1.510500000000000000e+03 6.710193284888562175e+02 2.261993942802217106e+00 -3.875718002945145735e-02 2.261993942802217106e+00 -3.875718002945145735e-02 1.352680720076607024e+01 1.131579778867596552e-02 1.131579778867597419e-02 1.522778978136364869e-01
1.546500000000000000e+03 5.569421115126137920e+02 6.674528142888363824e+00 -1.472425686497069175e-01 6.674528142888363824e+00 -1.472425686497069175e-01 1.719767523704808809e+01 -9.168821651568487274e-02 -9.168821651568484499e-02 1.555891011635076315e-01
1.582500000000000000e+03 4.698552402706694693e+02 -7.818584432684416718e-01 3.242079465813196837e-01 -7.818584432684416718e-01 3.242079465813196837e-01 1.997421782704503102e+01 4.930842482256614367e-02 4.930842482256612980e-02 7.391682021043380346e-02
1.618500000000000000e+03 4.154592218393312919e+02 -1.514492912049807671e+01 -1.799527122462745155e-01 -1.514492912049807671e+01 -1.799527122462745155e-01 2.056022097742999222e+01 5.299186940566927295e-02 5.299186940566927989e-02 2.993510812349685704e-02
1.654500000000000000e+03 3.960748579591652856e+02 -2.479021722278043427e+01 -2.693241956453555908e-01 -2.479021722278043427e+01 -2.693241956453555908e-01 1.849253944802050498e+01 -5.517416791340521570e-03 -5.517416791340497284e-03 5.253048020898955922e-02
1.690500000000000000e+03 4.016381427898134007e+02 -2.973810353097935888e+01 1.412857015008652517e-01 -2.973810353097935888e+01 1.412857015008652517e-01 1.481754251640399112e+01 -3.086280306962267683e-02 -3.086280306962268377e-02 1.361048713615580635e-02
1.726500000000000000e+03 4.110796404434364604e+02 -2.655236375964080509e+01 -2.700198112548283236e-01 -2.655236375964080509e+01 -2.700198112548283236e-01 1.090260580891902009e+01 1.150447202375895484e-02 1.150447202375895137e-02 3.617310230330719051e-02
1.762500000000000000e+03 3.982113082824278649e+02 -1.818607327889369785e+01 -2.020083500518620734e-01 -1.818607327889369785e+01 -2.020083500518620734e-01 8.624615644137314519e+00 -3.448411237677850849e-02 -3.448411237677850849e-02 -2.095631154539404906e-01
1.798500000000000000e+03 3.728763868947108904e+02 -1.078612398250923832e+01 -6.705732679275352992e-02 -1.078612398250923832e+01 -6.705732679275352992e-02 7.938597904307740372e+00 -8.114375161824928517e-02 -8.114375161824929905e-02 6.795983563050653209e-02
1.834500000000000000e+03 3.351443031244768918e+02 -5.228995922248542705e+00 7.091793724505689178e-02 -5.228995922248542705e+00 7.091793724505689178e-02 8.790651940192455882e+00 2.670905580188356887e-02 2.670905580188357581e-02 7.778295157427523449e-03
1.870500000000000000e+03 2.918927534575656750e+02 -5.262807821052668977e+00 -3.783069571092315675e-01 -5.262807821052668977e+00 -3.783069571092315675e-01 1.025164104567424772e+01 4.633828782825963333e-02 4.633828782825961251e-02 9.020784242934502817e-02
1.906500000000000000e+03 2.638450786965429984e+02 -9.119867101856364400e+00 3.053593280002657728e-01 -9.119867101856364400e+00 3.053593280002657728e-01 1.089671983031646363e+01 3.466455083479175886e-02 3.466455083479173804e-02 1.741933669235186735e-02
1.942500000000000000e+03 2.499023282164317550e+02 -1.464801889021862280e+01 -5.285665986734284783e-01 -1.464801889021862280e+01 -5.285665986734284783e-01 1.093903032007847287e+01 -1.215923388341660222e-02 -1.215923388341660222e-02 8.641255246111774480e-02
1.978500000000000000e+03 2.499477504557829377e+02 -1.759354964771505792e+01 -5.343147204094021718e-02 -1.759354964771505792e+01 -5.343147204094021718e-02 9.651869663462292692e+00 1.203278146669393006e-01 1.203278146669393284e-01 -3.936780335650044704e-02
2.014500000000000000e+03 2.503754493858013177e+02 -1.784315601527486095e+01 -4.778771369814440173e-01 -1.784315601527486095e+01 -4.778771369814440173e-01 7.911737558278486127e+00 6.740806053983768031e-02 6.740806053983769419e-02 1.290135720636411132e-01
2.050500000000000000e+03 2.437332353934937998e+02 -1.337770913657931793e+01 4.240441547990180804e-01 -1.337770913657931793e+01 4.240441547990180804e-01 5.940089499470643020e+00 3.935173629099054243e-02 3.935173629099054937e-02 -1.027241851256979061e-01
2.086500000000000000e+03 2.339371751326135040e+02 -9.500076766125518546e+00 1.169480848989216115e-01 -9.500076766125518546e+00 1.169480848989216115e-01 5.171624570691891520e+00 3.827288553512585983e-02 3.827288553512583902e-02 -1.035594455026211252e-01
2.122500000000000000e+03 2.111855181739527723e+02 -4.949785612653093025e+00 2.417904939882355164e-02 -4.949785612653093025e+00 2.417904939882355164e-02 4.996390518762266808e+00 -1.082761319788254073e-01 -1.082761319788254628e-01 2.551154054065687959e-01
2.158500000000000000e+03 1.881537269171614639e+02 -3.268823951860134969e+00 3.189632466149387724e-02 -3.268823951860134969e+00 3.189632466149387724e-02 5.186847137918834783e+00 7.406341359976775784e-02 7.406341359976771621e-02 1.015037345160805932e-01
2.207000000000000000e+03 1.596703560617389144e+02 -3.503298004345896111e+00 1.706982007209230656e-01 -3.503298004345896111e+00 1.706982007209230656e-01 6.141652002487191453e+00 -5.760400470040268062e-02 -5.760400470040270143e-02 -1.555635253747967260e-02
2.268000000000000000e+03 1.411071922346334304e+02 -6.684982633511912020e+00 9.394852856312477241e-02 -6.684982633511912020e+00 9.394852856312477241e-02 5.728077592450395272e+00 2.339333438925912390e-01 2.339333438925912390e-01 -1.525388441540696527e-01
2.329000000000000000e+03 1.332120473138673162e+02 -8.053596494801119832e+00 -2.342026868858869126e-01 -8.053596494801119832e+00 -2.342026868858869126e-01 4.416208425026931117e+00 -2.841993570341493774e-02 -2.841993570341494815e-02 3.946563430434023648e-03
2.390000000000000000e+03 1.274843717630472355e+02 -6.022384262768238017e+00 -4.987302730840924569e-01 -6.022384262768238017e+00 -4.987302730840924569e-01 3.148790305790916122e+00 9.897935792177975367e-02 9.897935792177976755e-02 -4.533917644650274636e-02
2.451000000000000000e+03 1.144716935972855936e+02 -3.635642146145222409e+00 -2.402288266432567043e-01 -3.635642146145222409e+00 -2.402288266432567043e-01 2.723110198276342597e+00 3.616671709010317592e-02 3.616671709010318286e-02 1.563905806292472667e-01
2.512000000000000000e+03 9.978970616386355630e+01 -2.834366211226051036e+00 -1.800414190819638605e-01 -2.834366211226051036e+00 -1.800414190819638605e-01 2.827298164423879712e+00 -2.961608059078005284e-02 -2.961608059078003896e-02 -1.101057604004549856e-01
2.573000000000000000e+03 9.094382901518515894e+01 -4.141588182471403812e+00 -9.679220206729441389e-02 -4.141588182471403812e+00 -9.679220206729441389e-02 3.012623101806478410e+00 -2.947279900123165805e-02 -2.947279900123165805e-02 -8.208893504081316494e-04
2.634000000000000000e+03 8.685068501872235913e+01 -4.145483473059557333e+00 -6.641629731382076018e-02 -4.145483473059557333e+00 -6.641629731382076018e-02 2.172409786894913708e+00 -3.482178016748566345e-03 -3.482178016748563310e-03 1.513653196877887651e-02
2.695000000000000000e+03 8.234096165072612905e+01 -3.424846154845127444e+00 5.238993086769540286e-02 -3.424846154845127444e+00 5.238993086769540286e-02 1.963512482549333971e+00 -2.027793560350004201e-02 -2.027793560350004548e-02 1.844577115064917894e-01
2.756000000000000000e+03 7.564720010863686639e+01 -2.167903661982346186e+00 -6.495458045618052699e-03 -2.167903661982346186e+00 -6.495458045618052699e-03 1.586325377493158495e+00 -1.356114937796443765e-01 -1.356114937796443765e-01 1.480510399445902625e-01
2.817000000000000000e+03 6.799508987982518704e+01 -1.330031154229784018e+00 1.261742158667440439e-01 -1.330031154229784018e+00 1.261742158667440439e-01 1.488615343574531069e+00 2.089620176220228498e-01 2.089620176220228220e-01 1.753391854978568198e-01
2.878000000000000000e+03 6.241132491592610876e+01 -1.453421503990786734e+00 -3.555301500080031846e-02 -1.453421503990786734e+00 -3.555301500080031846e-02 1.406624750546534353e+00 1.521959139856801646e-02 1.521959139856803034e-02 -1.319485075372986704e-01
2.939000000000000000e+03 5.907243124102910059e+01 -1.772034396721570815e+00 -9.358193988327216661e-02 -1.772034396721570815e+00 -9.358193988327216661e-02 1.204215122373311520e+00 -1.579777663604551852e-01 -1.579777663604552129e-01 -1.061611241514584802e-01
3.000000000000000000e+03 5.726949377861309642e+01 -2.116224649724287143e+00 1.462697237732751843e-01 -2.116224649724287143e+00 1.462697237732751843e-01 1.035259990603369040e+00 9.952714780550619977e-02 9.952714780550618590e-02 5.089672560456937750e-03
3.061000000000000000e+03 5.479518181545866184e+01 -1.498707980539292439e+00 2.105553530289362429e-01 -1.498707980539292439e+00 2.105553530289362429e-01 1.174746614653852994e+00 -9.436704824821944004e-02 -9.436704824821949555e-02 3.692879513194849417e-02
3.122000000000000000e+03 5.193531517876980530e+01 -9.385442741416812895e-01 -4.643051590980504933e-02 -9.385442741416812895e-01 -4.643051590980504933e-02 7.763213995980682292e-01 1.453694930174880516e-02 1.453694930174880343e-02 2.506559798754715573e-01
3.183000000000000000e+03 5.022927631041105201e+01 -1.097481225999719090e+00 2.051320277913327161e-01 -1.097481225999719090e+00 2.051320277913327161e-01 4.174804653828724788e-01 1.449020860665564681e-01 1.449020860665564958e-01 -3.423480391784431420e-01
3.244000000000000000e+03 4.949546450238617012e+01 -1.024161539779365082e+00 9.914984170462608215e-02 -1.024161539779365082e+00 9.914984170462608215e-02 6.860875811961301141e-01 -4.922013306755733397e-02 -4.922013306755731316e-02 -3.787998394677383890e-02
3.305000000000000000e+03 4.798756688932483172e+01 -8.506544188101736736e-01 -4.078002944192266055e-02 -8.506544188101736736e-01 -4.078002944192266055e-02 6.277687325104159832e-01 -2.581838716741503004e-01 -2.581838716741502449e-01 3.837260635719735857e-01
3.366000000000000000e+03 4.713260331980291085e+01 -7.375995065532692241e-01 7.631743830578598814e-04 -7.375995065532692241e-01 7.631743830578598814e-04 6.497348658537251964e-01 2.405627911486286630e-01 2.405627911486287185e-01 1.014844695712289052e-01
3.447000000000000000e+03 4.570601651318501268e+01 -4.318296237058231180e-01 1.182212452373167244e-01 -4.318296237058231180e-01 1.182212452373167244e-01 6.500794698053559140e-01 2.346468385302372950e-01 2.346468385302373227e-01 1.461032125950424421e-01
3.548000000000000000e+03 4.490290929261846031e+01 -3.717057081409360642e-01 5.176458871181157523e-02 -3.717057081409360642e-01 5.176458871181157523e-02 2.267584056343904808e-01 -1.405452416174333696e-01 -1.405452416174333696e-01 -6.082293635356356143e-01
3.649000000000000000e+03 4.515191745636090559e+01 -6.312890328912670324e-01 1.269378374537234039e-02 -6.312890328912670324e-01 1.269378374537234039e-02 4.656252783050139343e-01 9.059972263023990946e-02 9.059972263023993722e-02 -4.608734340807013607e-02
3.750000000000000000e+03 4.585080389175941207e+01 -2.863864182100669398e-01 1.442739743818053921e-01 -2.863864182100669398e-01 1.442739743818053921e-01 -4.289894875783727829e-02 -1.818823319167702235e-01 -1.818823319167702512e-01 1.618264949448920687e-01
3.851000000000000000e+03 4.601418186585375736e+01 -2.824922717640274694e-01 6.804046593500352735e-02 -2.824922717640274694e-01 6.804046593500352735e-02 4.083355219251142976e-01 1.420579448834597414e-01 1.420579448834596858e-01 9.757383372906473784e-02
3.952000000000000000e+03 4.663074631287275906e+01 -8.994482347891939733e-02 -7.364299587548087112e-02 -8.994482347891939733e-02 -7.364299587548087112e-02 4.130974972656762945e-01 -1.994023737127887108e-01 -1.994023737127887386e-01 2.716459722575769731e-01
4.053000000000000000e+03 4.682331892407709262e+01 1.303587918191605882e-02 2.585925915927272389e-01 1.303587918191605882e-02 2.585925915927272389e-01 3.175397557974415363e-01 3.996617177434264034e-02 3.996617177434275137e-02 2.098902841788522974e-02
4.154000000000000000e+03 4.887240112755526411e+01 -4.816279085973022567e-01 -1.752366258480238803e-01 -4.816279085973022567e-01 -1.752366258480238803e-01 -2.363718197908802089e-03 1.389099698938131289e-01 1.389099698938131011e-01 1.830391986112814839e-01
4.255000000000000000e+03 4.968983664794585309e+01 -1.257960388852082390e-01 -4.908763423278164617e-02 -1.257960388852082390e-01 -4.908763423278164617e-02 -4.835787370828500964e-01 4.015329590212268762e-02 4.015329590212249333e-02 2.731472861518527973e-01
4.356000000000000000e+03 5.229173393589019980e+01 -5.826540465542859315e-02 1.308811032894769966e-01 -5.826540465542859315e-02 1.308811032894769966e-01 -1.882525881334217721e-01 -1.115231722965937811e-01 -1.115231722965937949e-01 3.294306070880237544e-04
4.457000000000000000e+03 5.286246470313845691e+01 -5.255082653146342375e-02 -9.136265297851056677e-02 -5.255082653146342375e-02 -9.136265297851056677e-02 -3.199389626867026326e-01 -4.858453119648084018e-01 -4.858453119648084018e-01 -4.288152581366564964e-01
4.558000000000000000e+03 5.421608843486189500e+01 -3.285695218727431310e-01 -4.881441543083429035e-01 -3.285695218727431310e-01 -4.881441543083429035e-01 -7.448939654834435542e-01 1.588576746239445392e-01 1.588576746239444559e-01 4.513498811538809719e-01
4.659000000000000000e+03 5.610230323910771943e+01 7.645990981680368392e-01 2.407265217851958239e-01 7.645990981680368392e-01 2.407265217851958239e-01 9.314886590825746104e-01 1.457328045397600302e+00 1.457328045397599636e+00 3.421332448907282164e-01
4.760000000000000000e+03 5.783605934705751395e+01 -5.946613319153269961e-01 1.739152973920159440e-01 -5.946613319153269961e-01 1.739152973920159440e-01 -1.140216025497801544e+00 -4.237628853104277726e-02 -4.237628853104277032e-02 -5.653758877354119611e-02
4.861000000000000000e+03 5.948847190919691030e+01 1.051907326522660391e+00 1.861681659927241772e-03 1.051907326522660391e+00 1.861681659927241772e-03 -3.140799774660808508e-01 -1.184225890761376743e+00 -1.184225890761376965e+00 7.951565928693885565e-01
4.962000000000000000e+03 6.190507978618164486e+01 -6.221784534904128972e-01 -5.231128067180841335e-01 -6.221784534904128972e-01 -5.231128067180841335e-01 3.127017537375760270e-01 1.514932910223567020e-01 1.514932910223567020e-01 -1.167304073854122493e+00
5.063000000000000000e+03 6.334676083053427220e+01 -2.453866825235409832e-01 5.837882294875202938e-01 -2.453866825235409832e-01 5.837882294875202938e-01 -1.882503400062288668e-01 6.593516077412929777e-01 6.593516077412928666e-01 1.199100880932056246e+00
5.164000000000000000e+03 6.461795690204650100e+01 -1.339993615158771023e-01 -3.401623648053492821e-01 -1.339993615158771023e-01 -3.401623648053492821e-01 1.942952012875762413e-01 -1.127827242112877215e+00 -1.127827242112876993e+00 1.240296407073298718e-01
5.265000000000000000e+03 6.901562218313071639e+01 -3.742127798047677478e-01 -5.657903582261846198e-01 -3.742127798047677478e-01 -5.657903582261846198e-01 -1.461931872895835482e+00 -2.112938550061763676e-01 -2.112938550061763954e-01 7.032130339459078394e-01
5.366000000000000000e+03 7.027109081289056292e+01 9.141025210308664217e-01 -1.959627166955061339e-01 9.141025210308664217e-01 -1.959627166955061339e-01 1.034139507526955271e+00 -1.025664827798366208e+00 -1.025664827798366430e+00 -6.493872409795569123e-01
5.467000000000000000e+03 7.269839139202109379e+01 -3.954323757843458687e-01 1.231991590377816248e+00 -3.954323757843458687e-01 1.231991590377816248e+00 -2.085946036250633906e+00 -4.710688318388644991e-01 -4.710688318388641660e-01 1.361761320010259624e-01
5.568000000000000000e+03 7.572564435024445118e+01 1.959884895872405774e-01 -1.227086465636962470e-01 1.959884895872405774e-01 -1.227086465636962470e-01 -3.457802030078926392e-01 -1.851533644823232239e+00 -1.851533644823232683e+00 -2.606069229908293483e+00
5.669000000000000000e+03 7.791437566813088722e+01 1.326646771988568840e+00 4.258466406091527823e-01 1.326646771988568840e+00 4.258466406091527823e-01 1.085001721330454361e+00 -6.904171247641891496e-01 -6.904171247641898157e-01 -6.806362242727723721e-01
5.770000000000000000e+03 8.060707270586382833e+01 -9.622593667096074332e-02 -3.708677238954278810e-01 -9.622593667096074332e-02 -3.708677238954278810e-01 2.355815863576747660e+00 5.570991950691173145e-02 5.570991950691084327e-02 5.195171098654658870e+00
5.871000000000000000e+03 8.034209393076737626e+01 1.032835626800672202e-01 9.810391929199744343e-01 1.032835626800672202e-01 9.810391929199744343e-01 -6.962100228119082468e-01 -1.853788419361991124e+00 -1.853788419361991346e+00 3.159907345152890290e+00
