# l Dl_TT Dl_TE Dl_TB Dl_ET Dl_BT Dl_EE Dl_EB Dl_BE Dl_BB
7.050000000000000000e+01 1.971842497306711266e+03 -6.875880804965074589e+00 -8.183621184229024070e-01 -7.771921599451985685e+00 3.922446049742567276e-02 3.164539566651403124e-01 1.036436496556657552e-02 1.063562782992136940e-02 7.616644212919101292e-03
1.065000000000000000e+02 2.966280713532865775e+03 -2.889456879576159665e+01 2.884798207598221476e-01 -2.809544111900198970e+01 3.862876399536109284e-01 8.842719728028247683e-01 2.150367251502038196e-04 -3.643492865683924196e-03 5.355355813405426359e-03
1.425000000000000000e+02 4.067776740477344447e+03 -4.305839241863779421e+01 1.036015335584151931e+00 -4.306846991860395235e+01 3.034311543678881451e-01 1.094644787120659490e+00 -2.304295399709035616e-02 -1.809625073760418729e-02 -8.493080906942573199e-03
1.785000000000000000e+02 5.282537783536097777e+03 -3.717631496107753009e+01 7.399005638280707897e-01 -3.699269054633515452e+01 4.901000101016384503e-01 8.637670352768402893e-01 2.369795084821677694e-02 2.554889822294520788e-02 2.278647226120579863e-02
2.145000000000000000e+02 5.723372078767408311e+03 6.951837038086836174e+00 1.176821789049796507e+00 6.538959970894470786e+00 8.166776649422029521e-01 8.370947220589410875e-01 8.933364116515046804e-03 8.416643884584150415e-03 -4.613450537215910488e-03
2.505000000000000000e+02 5.461585482265324572e+03 6.331666241913873705e+01 -1.280479680797607323e+00 6.318926856597339992e+01 -3.202202607797990375e-01 2.473298325822575805e+00 -6.148882471574328677e-03 7.848272316087503281e-03 8.981797817203897999e-03
2.865000000000000000e+02 4.591012117194498387e+03 1.127730720249814169e+02 1.643207105887226072e-01 1.137983399064395940e+02 -2.520310445132348254e-01 7.037992355952670920e+00 6.794392323225650898e-03 -1.842194902781526047e-02 8.194682921583453655e-03
3.225000000000000000e+02 3.197374301343978914e+03 1.133812379350703452e+02 -4.325474283558334854e-01 1.128771640123976283e+02 -6.388746637915279081e-01 1.341111907769533929e+01 5.476395750387642869e-02 4.111112627982323187e-02 6.161278692482981961e-02
3.585000000000000000e+02 2.340928026086894533e+03 8.134322445517719302e+01 1.333564871954849573e-01 8.147126297058710520e+01 9.910209344291853739e-01 1.952886748770358594e+01 -5.238705096963960917e-03 2.990903403673909888e-03 5.630118883553533043e-02
3.945000000000000000e+02 1.773551580886913598e+03 8.987739966337722208e+00 -3.446600467154352643e-01 9.451843727912057957e+00 4.235992056939021089e-02 2.132644810577976457e+01 -3.991892629263322362e-02 -2.738306201099959328e-02 7.589088439032876110e-02
4.305000000000000000e+02 1.798019277917159343e+03 -4.963960235615904537e+01 2.303719286951990963e-01 -4.921446349658394581e+01 2.619692089135185198e-02 1.938351899368138476e+01 -9.440671837916837783e-02 -3.060489572673356223e-02 8.084242799484894770e-02
4.665000000000000000e+02 2.093843164788503600e+03 -7.251715920086211042e+01 -3.618522382053948050e-01 -7.252984792569364458e+01 3.599594825154292521e-01 1.329614704129440383e+01 -1.010988093291765449e-02 2.669053233318501028e-03 7.018367624412330530e-02
5.025000000000000000e+02 2.540623840616095094e+03 -5.645995224319671735e+01 5.286324998059142022e-01 -5.636448503852085423e+01 -2.829898773293034742e-01 8.284389295604801973e+00 4.324027577052515399e-04 8.896220721167674012e-03 3.225211149849056824e-02
5.385000000000000000e+02 2.541780224061331865e+03 -1.359283478247040833e+01 -5.099755494758350105e-01 -1.380713285021441195e+01 -5.439878160738955692e-01 7.460068676485414052e+00 9.158013476696977295e-02 4.072053297075319163e-03 6.042925011913998640e-02
5.745000000000000000e+02 2.417984618118728577e+03 1.985817674805224087e+01 7.828994068414885099e-02 2.135662142003566544e+01 6.357768458967927305e-02 1.314552629042508158e+01 -1.502754806632473732e-02 -1.719185836604094492e-02 8.080758496188952811e-02
6.105000000000000000e+02 2.144728352416552298e+03 2.423032343750827167e+01 1.934813758276293927e-01 2.359997238829780741e+01 2.443734116558276825e-01 2.279073742970587446e+01 1.020835544064289599e-02 -2.506282035860272692e-02 1.054606432942674366e-01
6.465000000000000000e+02 1.885734699625192206e+03 -1.264121074574644865e+01 -5.059525057546961913e-01 -1.238491194788560890e+01 -5.134310357276111736e-01 3.275988626718649499e+01 -9.903065623130852257e-02 9.068635237515046063e-03 1.028841766415660441e-01
6.825000000000000000e+02 1.789661853999333516e+03 -6.865348129657562026e+01 5.057693377042120630e-01 -6.970968797058404220e+01 4.902153000597398447e-01 3.699011528304752972e+01 -1.507057324864538063e-02 -9.085777836012967623e-02 1.144165544969250603e-01
7.185000000000000000e+02 2.013931783238204389e+03 -1.193724769202915184e+02 3.376617707953032399e-01 -1.208364114341208335e+02 5.826782044636289459e-01 3.458482779753562397e+01 -6.188209464360981682e-02 2.900366462097325737e-02 6.194753966764683650e-02
7.545000000000000000e+02 2.300933859171441327e+03 -1.346336714386841322e+02 -5.812433143892711263e-01 -1.342066839284330797e+02 -5.632192157513995490e-01 2.661580175834269824e+01 1.301432802183007109e-02 4.063556849288191969e-02 1.044471271858492256e-01
7.905000000000000000e+02 2.492501824075822242e+03 -1.026208592669332234e+02 8.739003445401003489e-01 -1.032071043786456244e+02 1.329007307224249423e+00 1.763658449394426952e+01 -6.286192559818017112e-02 -7.507633025658029535e-02 1.091170025512459840e-01
8.265000000000000000e+02 2.518451989237852104e+03 -4.392798001770253080e+01 2.137203311025157593e-01 -4.425213196823219874e+01 5.247287767551155335e-01 1.290048017018686544e+01 4.332424772788188994e-02 -7.562713901295620156e-02 6.782895048508048863e-02
8.625000000000000000e+02 2.285694848891085712e+03 1.768917222930396349e+01 8.473154075532287610e-01 1.880700353709137929e+01 9.934619619375479882e-01 1.526276468764259775e+01 8.029073504565772262e-03 6.157302089287796515e-02 1.211567511820884485e-01
8.985000000000000000e+02 1.928207478810259090e+03 5.472524776703793492e+01 9.188723106714147271e-01 5.472693079210530698e+01 7.708680907138595884e-02 2.331965389275340783e+01 2.385348911655484072e-02 8.432801773920570176e-03 9.994083247493940059e-02
9.345000000000000000e+02 1.486654289058827089e+03 5.228333473893683703e+01 3.202800981897763188e-01 5.207508822824067352e+01 2.324223146671655360e-01 3.404751679901378481e+01 -3.670302022807260534e-02 8.053217453075800503e-02 9.541065330236744857e-02
9.705000000000000000e+02 1.209507722025952944e+03 1.510332294584033441e+01 -3.032482400699196834e-01 1.522019478482610211e+01 4.561870264344022319e-01 4.169890377495843126e+01 -7.111238196142077861e-02 -3.059540305892950729e-02 1.035896679278784788e-01
1.006500000000000000e+03 1.053193510434639848e+03 -3.484337642951305014e+01 6.627581134932548634e-01 -3.473815361000641389e+01 -1.019312279364407020e-01 4.139966607692481659e+01 -5.418038164533364037e-02 -8.421440774352126346e-03 9.090806899119756312e-02
1.042500000000000000e+03 1.093055976768495384e+03 -6.858824053674794641e+01 -6.563741999917011016e-02 -6.828029314878861555e+01 6.354533116280345340e-01 3.509087494548731456e+01 6.275704606692758536e-02 -1.571468726753658951e-01 6.476750542799662724e-02
1.078500000000000000e+03 1.179029646233035237e+03 -7.801399106050097032e+01 7.297924450453982526e-02 -7.716051448381068667e+01 -3.908750763594044386e-01 2.566862417218940351e+01 1.318078584230798211e-01 5.392314781647447597e-02 7.842163191303255787e-02
1.114500000000000000e+03 1.221969234944307573e+03 -6.124744500260595714e+01 -5.184143011988148197e-01 -6.075401772067361605e+01 1.595846457370279081e-01 1.714347327551865874e+01 6.324162484177592303e-02 6.355110531455597164e-03 8.748939185285153908e-02
1.150500000000000000e+03 1.224241968103802492e+03 -2.990119794752109073e+01 4.428643821718982188e-01 -2.970513324578716663e+01 6.850327729004288546e-01 1.330641570783845040e+01 3.251525024944348224e-02 -9.926310785884534527e-02 1.127753397170932620e-01
1.186500000000000000e+03 1.111849323130795483e+03 -2.356269968194087738e+00 2.193552220163635103e-01 -2.245272454260377692e+00 1.931395985725859743e-01 1.563619566261364469e+01 4.327459446364150669e-02 1.034640909497035466e-01 9.381243063883852595e-02
1.222500000000000000e+03 9.489626082109687104e+02 6.432378197710781009e+00 3.612625600284572469e-01 6.734147397294288240e+00 -3.797005223061159507e-01 2.132746222132952596e+01 -1.337039061154844943e-01 -7.712977497434109209e-02 1.527098472086950154e-01
1.258500000000000000e+03 8.085980765303405633e+02 -4.715431273192459471e+00 -1.830733272128029498e-02 -4.799952365537071941e+00 7.231615057904478006e-02 2.755633558549025253e+01 -1.724158767787921376e-01 -1.248143622288296062e-01 6.178309077516812992e-02
1.294500000000000000e+03 7.377080293260390818e+02 -2.913849779630642445e+01 -2.009803761165383507e-01 -2.975504388165732905e+01 4.014503733982370814e-01 3.041391655069598698e+01 -1.042977836272726277e-01 -2.094912743430566437e-01 1.319890153204232308e-01
1.330500000000000000e+03 7.432769065801558099e+02 -4.956449765315219480e+01 1.233621324155437238e-02 -4.937879069318963587e+01 5.348238079299340031e-01 2.833382558916779814e+01 7.469390595042112169e-02 8.299776180066106845e-02 3.514357810035359519e-02
1.366500000000000000e+03 7.752040675167078234e+02 -5.978898647340889738e+01 8.294595860929191433e-01 -5.976077272426923059e+01 2.858714145557882391e-01 2.341310085819016962e+01 -3.823635130075378474e-02 -2.351533331724837972e-02 7.022717027589753247e-02
1.402500000000000000e+03 8.168485442252328994e+02 -5.238857142441062109e+01 -3.288387961238098400e-01 -5.279317084895033929e+01 3.455193975587772526e-02 1.679465207933511550e+01 2.488254031419662171e-02 3.140007736841777392e-02 1.082841746022683849e-01
1.438500000000000000e+03 8.186295467454850723e+02 -3.463394351734636700e+01 -2.996057906196774590e-01 -3.476715320190734104e+01 2.922930948697199938e-02 1.259616176061925685e+01 -3.346021286349371709e-02 2.568034664216685761e-02 3.550024603493857206e-02
1.474500000000000000e+03 7.644730583336263408e+02 -1.271927570498292326e+01 -9.508344461570591988e-02 -1.236163351401742361e+01 -2.820142266185334812e-01 1.154944303799844363e+01 7.122800320521820161e-02 6.703963590039510589e-02 6.295202852290342210e-03
1.510500000000000000e+03 6.662155218031164168e+02 3.644243285897474482e+00 -5.815902630856624178e-01 2.861019699217502321e+00 5.145595825515145716e-01 1.342994397989352429e+01 -1.890564470368908540e-02 2.568885993248171129e-02 1.005507944419795213e-01
1.546500000000000000e+03 5.561355478521577425e+02 5.258432895739495017e+00 8.268471587996562011e-01 5.443342551578581379e+00 3.346710026377892055e-01 1.724589406972892291e+01 -6.530616458564063309e-02 1.581824489739139250e-02 4.365975089147287186e-02
1.582500000000000000e+03 4.610681003074308819e+02 -1.353559710659795634e+00 6.837051305298508241e-01 -1.434302538900187773e+00 3.911122388877772971e-01 2.014943677197207705e+01 -1.116505458334268591e-01 5.663444285335794692e-02 1.678441897734494342e-02
1.618500000000000000e+03 4.085398514794737821e+02 -1.449681928970787581e+01 -3.561982618177146620e-02 -1.535898820856153435e+01 3.970941038593879258e-01 2.036725295838647298e+01 3.878526461946982251e-02 -1.433784572039810135e-01 1.090371912409547062e-01
1.654500000000000000e+03 3.981012594795806763e+02 -2.515294081468732301e+01 -3.113881769291226842e-02 -2.528427987845661917e+01 2.796650495476270953e-02 1.841027449328539589e+01 -6.673578889564391048e-02 -5.069038856488470961e-03 2.782228069211653207e-02
1.690500000000000000e+03 3.993551277610688430e+02 -2.908627296670720597e+01 -2.148966527512956859e-01 -2.950366287314523106e+01 4.952958882686837178e-02 1.474354300105740201e+01 8.974803473588352509e-02 5.664441730787458940e-02 9.316242125920387585e-03
1.726500000000000000e+03 4.088637304527806009e+02 -2.657094861578173095e+01 -2.189629654304696416e-01 -2.682593010518934662e+01 -2.468647168433559247e-01 1.101914482782288474e+01 1.603130246235167089e-01 -1.646768607453764632e-01 -1.510505238687557747e-02
1.762500000000000000e+03 3.987465080414244767e+02 -1.896385933374564559e+01 -2.722791699762680540e-01 -1.923771290093318953e+01 2.323072216053612138e-02 8.568327883537225631e+00 -4.363294046571198487e-02 -1.622240960997003295e-02 1.579237799565345185e-02
1.798500000000000000e+03 3.663793038635995458e+02 -9.405523025166111495e+00 3.824255100473641922e-02 -1.035978822438494262e+01 1.816677305164622613e-01 7.919283930529729787e+00 7.210418313598844497e-02 -7.275313892600560051e-02 9.565957573370587053e-02
1.834500000000000000e+03 3.281514671369689609e+02 -5.418216152004038833e+00 -2.889846712174740651e-01 -5.004005210065929354e+00 -4.025976374242579148e-01 8.799551208741302588e+00 5.494477768613863222e-02 -7.063679253920129852e-02 2.572053475450682483e-02
1.870500000000000000e+03 2.887441796911616620e+02 -5.816381790775785987e+00 1.235009847333076172e-01 -5.618812435664573890e+00 -3.887876949571365814e-02 1.008245019710008350e+01 -1.451281861820267333e-02 2.399922114852932192e-02 6.171722170506077632e-02
1.906500000000000000e+03 2.621520243546368647e+02 -9.154507110467704933e+00 2.647883114705201768e-01 -8.493869934682646061e+00 2.301994172279890338e-01 1.121680803752947497e+01 -9.652550143915525349e-02 8.493407880887873795e-02 8.506390731510915515e-02
1.942500000000000000e+03 2.444269995880972033e+02 -1.478771830183846703e+01 -6.587728964572608925e-02 -1.462746466536439804e+01 -3.350950032964206127e-01 1.110477901282588320e+01 1.155163981238689214e-01 4.137942831294597751e-02 5.296441950742940968e-02
1.978500000000000000e+03 2.430294064179695113e+02 -1.675765313288955483e+01 1.239584071917421287e-01 -1.758610325640100669e+01 -2.605204228776591968e-01 9.673369777704589723e+00 -9.912013084904794380e-02 -4.800871704116198985e-02 -3.274064018211626098e-02
2.014500000000000000e+03 2.416562180813433542e+02 -1.717603325214549059e+01 -4.103117089569663367e-01 -1.761549886126817910e+01 -7.407878601125864049e-02 7.945783766953545602e+00 -7.048843610529957615e-02 1.582846359598545360e-01 4.066580354631341154e-02
2.050500000000000000e+03 2.394471135201424659e+02 -1.445098013535919534e+01 1.691507143469515029e-01 -1.437025719114310007e+01 2.262795513596780328e-01 6.322764717253840594e+00 -2.536095037949959718e-01 9.542276947240829754e-02 1.284372624835505294e-01
2.086500000000000000e+03 2.259094801113939184e+02 -9.439668944658468064e+00 -9.112598692195870986e-02 -9.186906463356443453e+00 -1.165484384574577148e-01 5.152792940722575210e+00 9.152910380269316248e-02 -3.303112545407793643e-02 1.605705340419124327e-01
2.122500000000000000e+03 2.055790813250742417e+02 -5.402691927654137416e+00 8.217438076763616817e-02 -4.975899301745569936e+00 -5.851431419664261391e-01 5.027351204263664997e+00 9.490092450967714532e-02 1.559637455438269149e-01 5.858086312118949285e-02
2.158500000000000000e+03 1.798252020340551098e+02 -2.933728196263021282e+00 -1.433523543854576809e-01 -3.166353093331952806e+00 4.651272618509671997e-02 5.230491383782188919e+00 -1.008038423201661066e-01 -5.319007011301163379e-02 6.244773888814982021e-04
2.207000000000000000e+03 1.532919939592212302e+02 -3.673472765643079452e+00 2.987210211549918421e-02 -3.575950694137661756e+00 -5.349078186414091274e-02 5.927903773259609821e+00 -2.648604467120427991e-02 3.007318359015805770e-02 9.739578203519566602e-02
2.268000000000000000e+03 1.320027428757248344e+02 -6.907608153992160105e+00 2.753502131113069185e-01 -6.751304721041936574e+00 -1.386757818513694174e-01 5.881764956205233652e+00 -3.112489433116216037e-02 5.763927412249343629e-02 1.294971628297216237e-01
2.329000000000000000e+03 1.267312670766508802e+02 -7.616661447444963429e+00 2.226116292913003225e-01 -7.881388067975684031e+00 -3.121161159562011456e-01 4.452608832050710674e+00 -1.468377346580674592e-01 3.338938394474184890e-02 1.322144383864949091e-01
2.390000000000000000e+03 1.197227618519441705e+02 -5.873659313494423273e+00 -5.850616681661856278e-02 -5.650736009552330685e+00 -1.072401838208588698e-01 3.149275246156705066e+00 -5.482988300643443225e-02 -5.240362023489122251e-02 -1.163740798789093395e-01
2.451000000000000000e+03 1.058477356364901141e+02 -3.175198186565989289e+00 1.613416180781431786e-01 -3.405090292476051772e+00 -1.911553804196921280e-01 2.886010423005130221e+00 -1.481187641510686714e-01 -2.134766253929489821e-01 6.069172047180429463e-02
2.512000000000000000e+03 9.123721504306251973e+01 -2.753231571883282491e+00 2.531382214368423922e-01 -3.186122097302235723e+00 8.254847684485283610e-02 3.046101758308234597e+00 -1.134208366740715040e-01 4.396992456257486914e-02 -4.119116765005116643e-02
2.573000000000000000e+03 8.287761282232580129e+01 -3.866179668281916282e+00 -2.679722424641824141e-02 -3.953999225468753043e+00 8.415804319987998938e-02 2.919417952263958060e+00 -1.061988396884058217e-01 3.403326163315269215e-03 -1.269776338568125162e-03
2.634000000000000000e+03 7.760328706396661858e+01 -4.058495405511587606e+00 1.976994473595872215e-02 -4.077236496208307415e+00 -1.762465994259601598e-01 2.318419356760836436e+00 -7.798988787287561286e-02 9.200425042653317953e-02 -9.033571423228137220e-02
2.695000000000000000e+03 7.324488333150098640e+01 -3.543114968126073627e+00 9.866047362377081131e-02 -3.772742838101711627e+00 -1.584925526039124288e-02 1.872971310696758485e+00 -1.380863640170526541e-01 -2.983694576920509559e-02 -1.006073197301777210e-02
2.756000000000000000e+03 6.553973888749530374e+01 -2.094931942491284005e+00 1.177768072862665494e-01 -2.119509307593811620e+00 -2.816656525150330048e-01 1.530664809990826658e+00 2.634039549771463040e-01 -6.645568564084600172e-02 -6.106116452524248950e-02
2.817000000000000000e+03 5.813864710565181326e+01 -1.641836263995698264e+00 -3.664048184439955835e-01 -1.695350069778224222e+00 1.280391041338043712e-01 1.432648345356496433e+00 -6.808282543298878331e-02 -7.016606128438095114e-02 6.094785546738558379e-02
2.878000000000000000e+03 5.183247079532752366e+01 -1.441399532498983227e+00 -1.120837632854725652e-01 -1.599873749010628288e+00 -9.734403506477237733e-03 1.572653905158472698e+00 5.030838488484493110e-02 1.812009597075107115e-01 -1.133494121395574594e-01
2.939000000000000000e+03 4.889203647030602440e+01 -1.860080197045987038e+00 -1.928744863036310070e-02 -1.685172308453799062e+00 3.465697265783281855e-01 1.200518012726313088e+00 -1.477165445305901881e-01 1.794320623678045956e-01 5.563483014727250292e-02
3.000000000000000000e+03 4.682711593909905901e+01 -1.779601757694431630e+00 -9.475456654030665893e-02 -1.407988508301674546e+00 -2.171698207861256225e-01 1.149858122352930723e+00 7.617316447945980673e-02 1.390701075149439192e-02 1.185358010936815032e-01
3.061000000000000000e+03 4.422826416740031163e+01 -1.161150793710318929e+00 -1.075543148171711483e-01 -1.399070879540431189e+00 1.246865496982590971e-01 8.843915007832527930e-01 7.198359740933321649e-02 1.922689912139407820e-01 2.318641623963493478e-02
3.122000000000000000e+03 4.056049885542003608e+01 -9.294645118736120093e-01 -1.608887618418589627e-01 -8.227009448437052619e-01 2.036812673962775377e-01 7.539502291227946351e-01 -6.438517794204635936e-02 8.345842424742556942e-02 -8.397586309640329982e-02
3.183000000000000000e+03 3.861680482511304291e+01 -8.805660319357770938e-01 -3.972069376587203937e-01 -1.100570550702581363e+00 1.013637035195953107e-01 6.037917848138607546e-01 2.813091474379940671e-01 -3.218819771128281909e-02 2.016187266509692488e-01
3.244000000000000000e+03 3.663841986702301767e+01 -8.208230878347251291e-01 2.151537385559532389e-01 -8.507454298067886889e-01 1.878697139897166080e-02 6.342880449821883815e-01 6.766133131148405200e-02 9.411157160160656121e-02 -4.430991856981891797e-02
3.305000000000000000e+03 3.570672201708401872e+01 -7.425706161750902368e-01 6.973157697056316107e-02 -8.483517862414000632e-01 9.708984207848925241e-02 4.741108273397457995e-01 -2.138669989678274874e-01 -1.472614179558281999e-01 -1.022762588320139526e-01
3.366000000000000000e+03 3.435248831117686308e+01 -4.789658450493984865e-01 -2.196169798319940469e-01 -7.278173783134804786e-01 2.548607111669247693e-01 3.892968375082671018e-01 -6.102189787112186070e-02 2.405107560629029390e-02 -1.684007172118561768e-01
3.447000000000000000e+03 3.231227672346643942e+01 -3.081131539778343420e-01 8.635712648615165299e-02 -5.395730174203993146e-01 1.956624886373686811e-01 4.311735408331237585e-01 1.023769643186462630e-01 4.796922350135061214e-02 2.112258915536440185e-01
3.548000000000000000e+03 3.135544055494463578e+01 -2.391660451482386651e-01 5.224635330644288034e-02 -3.120346586718588666e-01 -1.078010908055400743e-03 5.399083588924941807e-02 -8.247998226664229882e-02 7.066729341952555921e-02 6.390062163642781790e-02
3.649000000000000000e+03 3.104362660405776353e+01 -7.197414004308186342e-02 -1.627617798367035351e-01 -5.691817640594039052e-01 2.031570158061416775e-01 3.789147061640889269e-02 1.335466709277058628e-01 1.351842559672236099e-01 3.015842248859493258e-02
3.750000000000000000e+03 3.012885190179089534e+01 -2.155960043448648111e-01 -2.651860815001575999e-01 -4.145701025649142224e-01 -6.879254675539803188e-02 3.029259914698320122e-01 -1.952686214017004540e-01 3.740035447860469708e-01 1.671748123227827509e-01
3.851000000000000000e+03 2.986793372988319817e+01 -4.861126191027167476e-01 2.541315916505806904e-01 -5.493582209966473007e-02 3.389242568860467153e-01 1.157309906766375990e-01 3.637665080279666729e-01 6.767743605809350971e-02 -2.812802767875220988e-01
3.952000000000000000e+03 3.040632301020735184e+01 -1.132542249834832815e-01 4.898048915007502391e-01 -8.675591221358053273e-02 -9.511706510210379828e-02 1.907412646325157279e-01 4.464793421175894395e-02 1.490363526494200772e-02 -2.239062080550449640e-01
4.053000000000000000e+03 3.029920491022370044e+01 2.473658552121422716e-01 -1.672015721167684210e-01 -1.407181200342763061e-01 1.446946901153767229e-01 -1.933923486378392176e-01 -6.629566638294735748e-02 1.435316981219895704e-01 -1.947369622893714292e-01
4.154000000000000000e+03 3.094709152607721592e+01 -1.048940655166233499e-01 -5.206089644434995500e-02 -3.054910367642389435e-01 -6.025500674069966811e-02 2.042054948139715442e-01 2.323312658565030997e-01 1.626968653959412481e-02 -2.632867111314407538e-01
4.255000000000000000e+03 3.084431977627344423e+01 9.240420779904376380e-02 2.916700946798444355e-02 -1.927197591872796267e-01 1.896647529399426990e-02 5.873399256964293436e-01 -5.111227552959586307e-01 -1.384880453173940040e-01 1.423175200196417911e-01
4.356000000000000000e+03 3.164575329507117374e+01 4.004185461111756106e-01 3.164358918698399470e-01 -2.657343422789948395e-01 3.010564923945492355e-01 -1.246694584042758736e-01 -3.725739879145470446e-01 1.957558756238447217e-01 1.762824828889104078e-01
4.457000000000000000e+03 3.223787550491991993e+01 -2.828953064215974367e-01 6.527111135984488277e-02 -2.855964794157266062e-02 -2.683028038276263905e-02 2.566010810133844688e-01 -9.107543628587712325e-02 -1.377820934584780277e-01 -5.231964259064926237e-01
4.558000000000000000e+03 3.298219219346979258e+01 7.945383968360336668e-03 7.158016442758108333e-02 1.701076288631387101e-01 -2.049542391011996145e-01 1.050788620930581813e-01 -1.559538022353748055e-01 -4.627375649967775395e-01 -2.513824113548678296e-01
4.659000000000000000e+03 3.433243752013655126e+01 3.277703038973669436e-01 -6.713466781012872309e-01 1.242764996167345093e-01 1.202802610035420411e-01 8.977434594949311730e-01 5.427891329087774358e-02 -6.761272892942105095e-01 -8.103495171525904039e-02
4.760000000000000000e+03 3.517358052319828232e+01 -2.388426642643949882e-01 -2.271393480661507147e-03 -4.931591224504855431e-01 -4.732386952813082415e-01 -5.293915967103541842e-01 -4.331592385131094458e-01 4.932831551530548198e-01 2.593338663211320338e-01
4.861000000000000000e+03 3.636231280450863323e+01 6.681396592975560877e-02 1.107637895412902640e-01 2.839036576859322869e-01 4.579164034696278085e-01 5.790424169265769860e-01 4.858761488133490625e-01 -2.027605285277181424e-02 -2.167204478726499906e-01
4.962000000000000000e+03 3.704822304735960614e+01 5.092229358511037862e-01 1.851056987805172194e-01 -6.011076631829386646e-02 3.096156581261514940e-01 4.047392378026965498e-01 -8.952357829117804644e-02 -4.274700715567407716e-01 1.305962742782451613e-01
5.063000000000000000e+03 3.757597296141065613e+01 -2.719235578052127122e-01 -8.642908351378947307e-02 -2.325497755113034581e-01 -2.318699684166607711e-01 -5.395063994764837112e-01 -2.572051846058326374e-02 -7.962556747453632122e-02 2.078228953948266788e-01
5.164000000000000000e+03 3.907340170421096559e+01 -7.194149519977893759e-02 8.236808012428435688e-02 2.984081525233974949e-02 3.065423852929938242e-01 -1.549578388095897985e-01 4.630271771726451324e-01 4.750234826090310447e-01 3.007719128423234634e-01
5.265000000000000000e+03 3.919135914250341557e+01 -3.988614836495809612e-01 5.364947664663577420e-01 2.927797703666135121e-01 5.871528612663624580e-01 -4.152647501011055287e-01 8.673048982517026495e-01 7.943402634443319510e-01 -1.349831361240202976e-01
5.366000000000000000e+03 4.164700945202753246e+01 -3.826858944789295336e-01 -4.046203219245759208e-01 9.070664750399227982e-02 9.198019509150157091e-02 -1.228981135297902427e-01 1.547378177339681748e+00 -1.206713700617060292e+00 2.264669550557714128e-01
5.467000000000000000e+03 4.207178483048964779e+01 -3.807283693958266602e-01 4.048037460986995129e-01 -6.194252815121334410e-02 -3.621082638124796527e-02 -4.524127722691331233e-01 -1.360637584994565330e+00 4.352501374166843906e-01 6.089739011102248689e-01
5.568000000000000000e+03 4.365906367589308701e+01 5.945248517652537146e-01 -3.267320655258452167e-01 -6.696640213532766284e-01 -1.658352840085788871e-02 -4.970656761640080967e-01 7.632339334026402300e-01 6.111637361267019397e-02 4.190778929982538203e-01
5.669000000000000000e+03 4.403276370049606925e+01 -8.710555326844151569e-01 9.267329245213441480e-01 -5.523818371569200192e-02 2.529338632274639731e-01 7.503832159765666532e-01 -3.184658280324464963e-01 -1.049715762155517762e+00 2.988876505640531978e-01
5.770000000000000000e+03 4.603747364761336769e+01 1.140753126066207157e+00 -4.341023392457356578e-01 5.632416087331262311e-01 1.891319568657186534e-01 1.015224273044969650e+00 -1.444475881340583634e-01 7.105210477695939053e-02 1.380694533305310445e+00
5.871000000000000000e+03 4.806242665822864524e+01 5.977719524442091092e-01 1.067823865023004526e+00 -3.217633798821689095e-01 -7.650191306757847531e-02 1.849863964188463994e+00 8.919749964863353808e-01 -3.295307233437191341e-01 -8.573550332409285435e-01
