# l Dl_TT Dl_TE Dl_TB Dl_ET Dl_BT Dl_EE Dl_EB Dl_BE Dl_BB
7.050000000000000000e+01 1.829440200765182226e+03 -1.092862867800038718e+00 -1.537270351742723307e-01 -1.092862867800038718e+00 -1.537270351742723307e-01 5.010047689669787641e-01 1.299520872323198933e-02 1.299520872323201015e-02 -1.032921776948490626e-02
1.065000000000000000e+02 2.434105967072657677e+03 -2.325737791428947077e+01 9.692633698266499565e+00 -2.325737791428947077e+01 9.692633698266499565e+00 9.337821666238126372e-01 -7.361011281852265775e-02 -7.361011281852264387e-02 -6.203997976292896510e-02
1.425000000000000000e+02 3.925549048409080569e+03 -4.799264197899981355e+01 6.493334567326010109e-01 -4.799264197899981355e+01 6.493334567326010109e-01 9.976266862999672025e-01 -2.331924411751438997e-02 -2.331924411751441079e-02 1.289423683567392509e-01
1.785000000000000000e+02 4.541264252261196816e+03 -3.254187926203768200e+01 -2.226451686433551291e+00 -3.254187926203768200e+01 -2.226451686433551291e+00 1.039175097278439486e+00 2.408306643833929561e-04 2.408306643834345895e-04 -9.500120400482370275e-02
2.145000000000000000e+02 5.571478359908863240e+03 6.261564297005090651e+00 -2.304731070665310799e+00 6.261564297005090651e+00 -2.304731070665310799e+00 7.772083628380617171e-01 6.125278086881810746e-02 6.125278086881809358e-02 1.387258079574802128e-01
2.505000000000000000e+02 5.484688164102436531e+03 6.367106297679939786e+01 -3.180661693751503094e-01 6.367106297679939786e+01 -3.180661693751503094e-01 2.443234843427633418e+00 5.615097152102677125e-04 5.615097152102711819e-04 4.689900546672116227e-02
2.865000000000000000e+02 4.524399349483241167e+03 1.091845374811959459e+02 -3.430204023015629655e+00 1.091845374811959459e+02 -3.430204023015629655e+00 6.650412637371544200e+00 -2.687505090213584968e-02 -2.687505090213584968e-02 3.450515941122005437e-01
3.225000000000000000e+02 3.322224185211817712e+03 1.164223688043234688e+02 -4.637373330692220463e+00 1.164223688043234688e+02 -4.637373330692220463e+00 1.315176272836773741e+01 -8.690979907006007865e-02 -8.690979907006005090e-02 -1.224411295889294010e-01
3.585000000000000000e+02 2.347483398451525318e+03 7.909105274234488547e+01 -4.212727578573760567e+00 7.909105274234488547e+01 -4.212727578573760567e+00 1.903683065473674674e+01 -5.888356392236560044e-03 -5.888356392236587800e-03 4.558793888131015132e-02
3.945000000000000000e+02 1.717407157029530708e+03 1.062364183383852634e+01 3.596508240160536385e+00 1.062364183383852634e+01 3.596508240160536385e+00 2.173176290348230211e+01 -8.981526835873943071e-02 -8.981526835873943071e-02 -1.097644399878437288e-01
4.305000000000000000e+02 1.784358730105208679e+03 -4.428733928768343731e+01 2.481983446759264300e+00 -4.428733928768343731e+01 2.481983446759264300e+00 1.912500229350930780e+01 2.638216035423551764e-03 2.638216035423565642e-03 7.227403539872684357e-02
4.665000000000000000e+02 2.120865789658157155e+03 -7.719115033767971568e+01 2.437151426966899237e-01 -7.719115033767971568e+01 2.437151426966899237e-01 1.319882464764418017e+01 -2.252048948368228776e-01 -2.252048948368228221e-01 3.434226671753333737e-01
5.025000000000000000e+02 2.502616515968818931e+03 -5.832369999105289082e+01 1.234211866736268259e+00 -5.832369999105289082e+01 1.234211866736268259e+00 8.383275169388175740e+00 -7.558787528748897588e-02 -7.558787528748896201e-02 3.212384047015032218e-01
5.385000000000000000e+02 2.712825616032673679e+03 -1.652892992986434706e+01 2.705934126114707183e+00 -1.652892992986434706e+01 2.705934126114707183e+00 7.162688372741230936e+00 7.504336634143793372e-02 7.504336634143794760e-02 2.467381077448290994e-01
5.745000000000000000e+02 2.474799599560657498e+03 2.268161707367904256e+01 -2.808290774122930600e+00 2.268161707367904256e+01 -2.808290774122930600e+00 1.295081617534476237e+01 -2.113918048134378336e-01 -2.113918048134376670e-01 2.874428421653287338e-02
6.105000000000000000e+02 2.167909482592159748e+03 2.688023798298553757e+01 -2.146952662286506275e+00 2.688023798298553757e+01 -2.146952662286506275e+00 2.240677426599000555e+01 -1.564053435745281218e-01 -1.564053435745281495e-01 -2.242049826834845994e-01
6.465000000000000000e+02 2.011594894346435012e+03 -9.166588779713247703e+00 -4.583016142900360190e-01 -9.166588779713247703e+00 -4.583016142900360190e-01 3.318640129316694498e+01 4.240325388962556258e-02 4.240325388962555564e-02 1.661187249162801582e-02
6.825000000000000000e+02 1.824713051991835073e+03 -6.688494472615265352e+01 2.149348489903833759e+00 -6.688494472615265352e+01 2.149348489903833759e+00 3.731937258221444864e+01 2.942248100496874796e-01 2.942248100496874241e-01 5.986217136305991282e-01
7.185000000000000000e+02 2.002521123307296193e+03 -1.217343889365201761e+02 2.744775401923991720e-01 -1.217343889365201761e+02 2.744775401923991720e-01 3.513683426870525750e+01 -3.436564903563625872e-01 -3.436564903563626983e-01 -1.597323513727336164e-01
7.545000000000000000e+02 2.242942133959513285e+03 -1.307328720761253749e+02 1.070149897375956893e+00 -1.307328720761253749e+02 1.070149897375956893e+00 2.673554825189048145e+01 -2.565591450923637717e-01 -2.565591450923638828e-01 1.444650875787746869e-01
7.905000000000000000e+02 2.488698521482792330e+03 -1.010821481689628456e+02 6.208422330706512282e-01 -1.010821481689628456e+02 6.208422330706512282e-01 1.748214532503901353e+01 -4.398192356713632317e-02 -4.398192356713635093e-02 3.016661217516950488e-01
8.265000000000000000e+02 2.594554620004787921e+03 -4.385918213953743816e+01 2.794707868278688778e+00 -4.385918213953743816e+01 2.794707868278688778e+00 1.250452577656183628e+01 2.327722161864168582e-01 2.327722161864167749e-01 3.969873836721253269e-01
8.625000000000000000e+02 2.347513752400500380e+03 2.093789761143407446e+01 7.132968302042241859e-02 2.093789761143407446e+01 7.132968302042241859e-02 1.504178553304725874e+01 -6.625578460308229056e-02 -6.625578460308237383e-02 -1.513230016874949901e-01
8.985000000000000000e+02 1.987647439017224769e+03 5.419357303765040967e+01 1.960314886110270938e-01 5.419357303765040967e+01 1.960314886110270938e-01 2.371485968678970480e+01 -2.136994037547527980e-01 -2.136994037547526593e-01 -1.701389295321246303e-02
9.345000000000000000e+02 1.551546395216166502e+03 5.348151873771047349e+01 -1.721856417522192428e+00 5.348151873771047349e+01 -1.721856417522192428e+00 3.337358329510257704e+01 -2.725818022845851729e-01 -2.725818022845851729e-01 2.873346292166701899e-01
9.705000000000000000e+02 1.233943753722840484e+03 1.886426630539074267e+01 1.192253857009236140e-01 1.886426630539074267e+01 1.192253857009236140e-01 4.182439977604524728e+01 -1.763419696096316103e-02 -1.763419696096318878e-02 -2.933472522921304251e-03
1.006500000000000000e+03 1.094566074519183076e+03 -3.326145943077714406e+01 4.524417670255653778e-02 -3.326145943077714406e+01 4.524417670255653778e-02 4.153972741015675041e+01 -3.995364545459433869e-01 -3.995364545459433314e-01 1.601205505729317302e-01
1.042500000000000000e+03 1.125006697727504843e+03 -7.228114519777582814e+01 -1.511591231062610952e+00 -7.228114519777582814e+01 -1.511591231062610952e+00 3.581468331147085138e+01 -1.171191101422990599e-01 -1.171191101422991016e-01 -1.841771810117941166e-01
1.078500000000000000e+03 1.189880392124812715e+03 -7.699834001508939707e+01 7.127597504502762860e-01 -7.699834001508939707e+01 7.127597504502762860e-01 2.599088322712254850e+01 -4.684168440208342776e-01 -4.684168440208344442e-01 1.691036147038251503e-01
1.114500000000000000e+03 1.266021847234881079e+03 -5.731495351408473482e+01 -1.189792276937220894e+00 -5.731495351408473482e+01 -1.189792276937220894e+00 1.700596447015434620e+01 -1.583831653556654340e-01 -1.583831653556654895e-01 2.963877854133422640e-01
1.150500000000000000e+03 1.267199436171353454e+03 -2.889499262090066622e+01 6.044476411674382099e-01 -2.889499262090066622e+01 6.044476411674382099e-01 1.341421722746849099e+01 -3.601342846378426943e-01 -3.601342846378426943e-01 6.231448478391857781e-01
1.186500000000000000e+03 1.125225919340222617e+03 -4.682252032058194402e+00 -9.352574671573113951e-01 -4.682252032058194402e+00 -9.352574671573113951e-01 1.546517738105339212e+01 -1.079771406557974434e+00 -1.079771406557974878e+00 -2.766774688696566065e-01
1.222500000000000000e+03 9.984247180331138907e+02 6.441263120005219278e+00 -2.496937997565598644e-01 6.441263120005219278e+00 -2.496937997565598644e-01 2.085817569360841972e+01 -2.542513482894654953e-01 -2.542513482894654953e-01 3.506894734296822635e-02
1.258500000000000000e+03 8.447909509258081471e+02 -6.566755042988885904e+00 -9.957911236952140532e-01 -6.566755042988885904e+00 -9.957911236952140532e-01 2.799290557116255229e+01 2.646873109888561171e-01 2.646873109888561726e-01 -4.528159803705992248e-01
1.294500000000000000e+03 7.778720750327603355e+02 -2.463997283058376553e+01 -1.070307619899675045e+00 -2.463997283058376553e+01 -1.070307619899675045e+00 2.950014536890040162e+01 -3.778517264363903116e-01 -3.778517264363902561e-01 4.597468776493805476e-01
1.330500000000000000e+03 7.670959818184963979e+02 -4.790578978002145050e+01 -5.195762633427247756e-02 -4.790578978002145050e+01 -5.195762633427247756e-02 2.884821621418445758e+01 3.675160678822168014e-01 3.675160678822168014e-01 -1.405936464047073953e-01
1.366500000000000000e+03 8.330213040421356254e+02 -6.136247193907730946e+01 -4.907129303831999634e-01 -6.136247193907730946e+01 -4.907129303831999634e-01 2.397302172889019189e+01 4.468710054698067924e-01 4.468710054698068479e-01 -2.993524990464702107e-01
1.402500000000000000e+03 8.488540435773729769e+02 -5.463145170459942790e+01 -1.541671200448292200e+00 -5.463145170459942790e+01 -1.541671200448292200e+00 1.679053231134987456e+01 5.434455677482490088e-02 5.434455677482488700e-02 -8.655872022276120958e-01
1.438500000000000000e+03 8.655063361281963807e+02 -3.508122101799416725e+01 4.382137144403851492e-01 -3.508122101799416725e+01 4.382137144403851492e-01 1.202972556008086258e+01 9.912650599559361120e-02 9.912650599559344466e-02 6.253530968917735133e-02
1.474500000000000000e+03 8.137678613409037780e+02 -1.395599702297554146e+01 -1.377190870345766704e+00 -1.395599702297554146e+01 -1.377190870345766704e+00 1.175613386692233853e+01 3.082201752213258317e-01 3.082201752213257206e-01 -6.653450567905300206e-02
1.510500000000000000e+03 7.137867577451499983e+02 1.462231690230717973e+00 1.887213433415012354e+00 1.462231690230717973e+00 1.887213433415012354e+00 1.320373198953959459e+01 -2.050267692242360718e-01 -2.050267692242359052e-01 4.173849037697484332e-02
1.546500000000000000e+03 5.991000290766728540e+02 4.830895577461791213e+00 1.263638284646535714e+00 4.830895577461791213e+00 1.263638284646535714e+00 1.681333862300374093e+01 -2.882572871013586724e-01 -2.882572871013587279e-01 2.274879298061615873e-01
1.582500000000000000e+03 5.219603179058500473e+02 -1.881045215947921401e+00 3.609833683813852279e-01 -1.881045215947921401e+00 3.609833683813852279e-01 1.994327883774285226e+01 2.635922865505688217e-02 2.635922865505688217e-02 4.828435756816116253e-01
1.618500000000000000e+03 4.634899029756366531e+02 -1.545838229755421978e+01 6.518977793943000476e-01 -1.545838229755421978e+01 6.518977793943000476e-01 2.157610112061131957e+01 -2.390502549882517203e-01 -2.390502549882516647e-01 6.603256813405446179e-02
1.654500000000000000e+03 4.568404511419980736e+02 -2.726319195133034867e+01 -3.785309240548987986e-01 -2.726319195133034867e+01 -3.785309240548987986e-01 1.916878826258706781e+01 -3.719931683561643609e-01 -3.719931683561643609e-01 3.465909016843848889e-01
1.690500000000000000e+03 4.667368052537793801e+02 -3.146217822272104314e+01 2.688304447422019683e-01 -3.146217822272104314e+01 2.688304447422019683e-01 1.547396908716000041e+01 -1.065267011486538407e-01 -1.065267011486536741e-01 -2.960711518173311241e-01
1.726500000000000000e+03 4.642906493018164156e+02 -2.574149617837136717e+01 -2.564726379442762383e+00 -2.574149617837136717e+01 -2.564726379442762383e+00 1.078501919351630178e+01 8.580673165145210612e-01 8.580673165145210612e-01 8.407392941028726252e-01
1.762500000000000000e+03 4.623075786679470980e+02 -1.916273553020021936e+01 -1.903471465560864662e+00 -1.916273553020021936e+01 -1.903471465560864662e+00 7.910855025640015192e+00 5.721534238461106758e-01 5.721534238461106758e-01 8.835802949284511376e-01
1.798500000000000000e+03 4.327566211728219514e+02 -1.051785950277968951e+01 -6.400006201435900488e-01 -1.051785950277968951e+01 -6.400006201435900488e-01 8.564816860729937531e+00 -1.162436176921410463e-01 -1.162436176921410047e-01 7.146433870734690552e-02
1.834500000000000000e+03 3.948853525988074580e+02 -7.148784888635456802e+00 2.425210949630181467e+00 -7.148784888635456802e+00 2.425210949630181467e+00 8.924675282373462082e+00 9.038239151526711312e-02 9.038239151526709925e-02 -3.382220748992341153e-01
1.870500000000000000e+03 3.637089304825711906e+02 -4.706779242193254831e+00 -3.717943695540559257e-01 -4.706779242193254831e+00 -3.717943695540559257e-01 9.170750481903787943e+00 4.528472960086737942e-01 4.528472960086739607e-01 1.928108225111752061e-01
1.906500000000000000e+03 3.307584992023332688e+02 -1.156071042719533537e+01 2.043493508875841580e-01 -1.156071042719533537e+01 2.043493508875841580e-01 1.247525373678767480e+01 -5.623539978593837807e-01 -5.623539978593836697e-01 -4.408473754528279692e-03
1.942500000000000000e+03 3.189110121278066003e+02 -1.574817859384562624e+01 -1.524951648539508708e-01 -1.574817859384562624e+01 -1.524951648539508708e-01 1.135886187127743163e+01 5.406245778373663241e-02 5.406245778373661159e-02 -2.338405244248404624e-01
1.978500000000000000e+03 3.121118230953834995e+02 -1.974699462363900437e+01 -2.948144442557070199e-01 -1.974699462363900437e+01 -2.948144442557070199e-01 1.022664835919369786e+01 2.576494514405233693e-01 2.576494514405229252e-01 -9.344472302254655527e-02
2.014500000000000000e+03 3.153562088544193216e+02 -1.654292481871088683e+01 4.737260363247405293e-01 -1.654292481871088683e+01 4.737260363247405293e-01 7.229296091056643725e+00 -4.144636428566175201e-01 -4.144636428566175201e-01 -2.704015289660533505e-01
2.050500000000000000e+03 3.149306107042626763e+02 -1.206356278736509324e+01 -2.401330859089063630e-01 -1.206356278736509324e+01 -2.401330859089063630e-01 6.964447863904815073e+00 -9.775654472764613301e-01 -9.775654472764613301e-01 -1.561329881176684031e-01
2.086500000000000000e+03 3.140541352561378403e+02 -1.124558311385523623e+01 -1.891231034081171769e+00 -1.124558311385523623e+01 -1.891231034081171769e+00 5.583220776895628568e+00 5.636389569288376977e-01 5.636389569288381418e-01 3.536903215353229268e-01
2.122500000000000000e+03 2.873684220341344258e+02 -4.138513213189378703e+00 -7.216305793040349581e-01 -4.138513213189378703e+00 -7.216305793040349581e-01 4.945845361320479583e+00 -1.818524121249450176e-01 -1.818524121249449343e-01 9.526893679845293006e-01
2.158500000000000000e+03 2.609608212612872649e+02 -3.646153341256219704e+00 1.583315166789764916e+00 -3.646153341256219704e+00 1.583315166789764916e+00 5.982445358508961419e+00 -5.425440844513207406e-02 -5.425440844513210181e-02 -1.256417903639983624e+00
2.207000000000000000e+03 2.396186154810019104e+02 -4.074725592005776775e+00 -1.130223848373731743e-01 -4.074725592005776775e+00 -1.130223848373731743e-01 5.972012743318590111e+00 -4.014862874082515409e-01 -4.014862874082515409e-01 4.343684224707306668e-02
2.268000000000000000e+03 2.188011952774006659e+02 -7.509719628741425623e+00 1.402757209291591034e-01 -7.509719628741425623e+00 1.402757209291591034e-01 6.505821362492312687e+00 -5.903848492834210537e-01 -5.903848492834209427e-01 1.126683709414415951e-01
2.329000000000000000e+03 2.192537197034417602e+02 -6.594216047482237997e+00 1.466357758370991915e-01 -6.594216047482237997e+00 1.466357758370991915e-01 4.824278497770356999e+00 -8.003338805436779335e-01 -8.003338805436779335e-01 9.174545017366840804e-01
2.390000000000000000e+03 2.108614635268477002e+02 -5.641562641823854918e+00 -9.908724734250022870e-01 -5.641562641823854918e+00 -9.908724734250022870e-01 3.363300707674307333e+00 -3.061338983148809145e-01 -3.061338983148808590e-01 2.724621991726917103e-01
2.451000000000000000e+03 2.053745504799439061e+02 -3.330528915144784108e+00 -3.633488570561957398e-01 -3.330528915144784108e+00 -3.633488570561957398e-01 1.894605576745241438e+00 -6.522970169195336787e-01 -6.522970169195336787e-01 -2.709211068776790077e-01
2.512000000000000000e+03 1.965743008160700356e+02 -3.090981446699499369e+00 5.646806454880397563e-01 -3.090981446699499369e+00 5.646806454880397563e-01 2.833755961127743639e+00 -4.145131302085041103e-01 -4.145131302085041658e-01 5.822646160097384449e-01
2.573000000000000000e+03 1.918917957106727954e+02 -3.463311008474307950e+00 9.576970677100017371e-01 -3.463311008474307950e+00 9.576970677100017371e-01 2.777115499260379927e+00 2.274551076857189713e-02 2.274551076857198040e-02 1.052832986640483304e+00
2.634000000000000000e+03 1.894877559891253895e+02 -3.432649481402067160e+00 -3.140727424111182664e-01 -3.432649481402067160e+00 -3.140727424111182664e-01 1.999150066201148324e+00 5.226437524512663746e-01 5.226437524512663746e-01 9.539945296189257518e-02
2.695000000000000000e+03 1.868622851486043999e+02 -3.977474550847605705e+00 -9.519364513102310799e-01 -3.977474550847605705e+00 -9.519364513102310799e-01 1.330777916360403879e+00 -8.623621244754725579e-01 -8.623621244754724469e-01 5.633607485845891771e-01
2.756000000000000000e+03 1.805511991697857468e+02 -2.361141933425683348e+00 5.439643281229109562e-01 -2.361141933425683348e+00 5.439643281229109562e-01 1.246255732760416235e+00 6.226918769198479531e-01 6.226918769198480641e-01 -1.578323476636594558e+00
2.817000000000000000e+03 1.798457358974971783e+02 -1.236177886490680278e+00 1.964373586297010754e-02 -1.236177886490680278e+00 1.964373586297010754e-02 1.317727215631804283e+00 1.294460884413137225e-01 1.294460884413136115e-01 -1.043638757460508826e+00
2.878000000000000000e+03 1.772669395898543030e+02 -1.004979058237166267e+00 1.332956970814902498e-02 -1.004979058237166267e+00 1.332956970814902498e-02 2.497880077131658272e+00 -7.346165576353499982e-02 -7.346165576353498594e-02 -7.624479524445991752e-01
2.939000000000000000e+03 1.761458108023743705e+02 -2.787518227111480229e+00 3.475591473821776911e-01 -2.787518227111480229e+00 3.475591473821776911e-01 1.227769116548364181e+00 1.830041926208778869e-01 1.830041926208780256e-01 -1.673270830153421596e+00
3.000000000000000000e+03 1.817156971450702372e+02 -1.732014433339063908e+00 -4.965211523422147222e-02 -1.732014433339063908e+00 -4.965211523422147222e-02 1.739749044884764784e+00 3.717761426961009308e-01 3.717761426961011528e-01 1.276917722657680887e+00
3.061000000000000000e+03 1.838953594405759304e+02 -3.288882708719681469e-01 -2.262390490233409657e-01 -3.288882708719681469e-01 -2.262390490233409657e-01 1.413494617417800248e+00 2.658547169318124515e-01 2.658547169318123959e-01 -7.924073135226256115e-01
3.122000000000000000e+03 1.815335426395402862e+02 -1.023619219137007041e+00 -1.110038007211885169e+00 -1.023619219137007041e+00 -1.110038007211885169e+00 -9.651507207592787685e-01 -7.845870594843085133e-01 -7.845870594843081802e-01 2.087015574309813437e-01
3.183000000000000000e+03 1.841873362672713199e+02 -1.149059935980103031e+00 1.069001267848578962e+00 -1.149059935980103031e+00 1.069001267848578962e+00 7.577617361812739871e-02 -3.385158879015065514e-01 -3.385158879015065514e-01 1.587111247488860732e-01
3.244000000000000000e+03 1.851484073836348330e+02 -3.794519510286450403e-01 3.180274054409399365e-01 -3.794519510286450403e-01 3.180274054409399365e-01 -4.708520778883910213e-02 4.243125505136883246e-01 4.243125505136886577e-01 -2.475068269709166102e-01
3.305000000000000000e+03 1.885908201004399132e+02 -6.069237398785476412e-02 5.841580015862422037e-01 -6.069237398785476412e-02 5.841580015862422037e-01 -3.727562358709171630e-02 -1.394010558712729608e+00 -1.394010558712729164e+00 -2.824563855809449353e-01
3.366000000000000000e+03 1.939779035194096366e+02 -2.772679053517702608e-01 6.842811208817967117e-03 -2.772679053517702608e-01 6.842811208817967117e-03 7.352211249298812312e-01 -1.888566892286707155e-01 -1.888566892286708265e-01 -2.542164988581161911e+00
3.447000000000000000e+03 1.984789246751673772e+02 -1.857893970629198810e+00 -9.458633547496517746e-01 -1.857893970629198810e+00 -9.458633547496517746e-01 6.516660877420398235e-01 2.174177785055322887e-01 2.174177785055322887e-01 1.255984114562644693e+00
3.548000000000000000e+03 2.060442493511392001e+02 -2.204555986099162312e-01 -3.896891442628832025e-01 -2.204555986099162312e-01 -3.896891442628832025e-01 1.094156130331497501e+00 2.823250733817850300e-02 2.823250733817794789e-02 2.157749317946985185e-02
3.649000000000000000e+03 2.120790003570392912e+02 -8.457614090646341509e-01 -1.263952515553988798e-01 -8.457614090646341509e-01 -1.263952515553988798e-01 1.854706949631383051e+00 7.505660706592727216e-01 7.505660706592726106e-01 1.059729230289243151e+00
3.750000000000000000e+03 2.189748078003635499e+02 -3.369974794647637717e-01 7.343922797049758922e-01 -3.369974794647637717e-01 7.343922797049758922e-01 1.246383626610455764e+00 8.047566638663808947e-01 8.047566638663812277e-01 2.800155179659321036e-01
3.851000000000000000e+03 2.257553945466039238e+02 -5.809991671292025206e-01 -3.005619438197679738e-01 -5.809991671292025206e-01 -3.005619438197679738e-01 -1.712374693350020793e+00 5.449361619628926290e-01 5.449361619628926290e-01 -4.608683360657829242e-01
3.952000000000000000e+03 2.368566786677233154e+02 -1.437526108672827707e+00 9.122659011982553467e-01 -1.437526108672827707e+00 9.122659011982553467e-01 1.427957463129181148e+00 -1.436503787823505185e+00 -1.436503787823504963e+00 -1.230415467449239575e-01
4.053000000000000000e+03 2.411084318636872865e+02 3.898756499089840455e-01 -7.495425926089414881e-02 3.898756499089840455e-01 -7.495425926089414881e-02 -5.758191800338881006e-01 4.336775484003770886e-01 4.336775484003771997e-01 1.481473468002603600e+00
4.154000000000000000e+03 2.554532516518831073e+02 1.778216214579374288e+00 -3.331687888333461078e-01 1.778216214579374288e+00 -3.331687888333461078e-01 -1.957855008770775784e+00 -3.387415327853251501e-01 -3.387415327853253166e-01 -7.183492077197314307e-01
4.255000000000000000e+03 2.615481300367443964e+02 1.072532779004944814e+00 -7.366173019756252494e-01 1.072532779004944814e+00 -7.366173019756252494e-01 -2.329758557451529821e+00 6.947229172391617968e-01 6.947229172391619079e-01 -5.666990393677175941e-01
4.356000000000000000e+03 2.694148566919159293e+02 1.463091817938213968e+00 8.301817500313607434e-01 1.463091817938213968e+00 8.301817500313607434e-01 -3.356350288496635081e-01 -1.222409592583063809e+00 -1.222409592583064031e+00 -1.637271020159050350e+00
4.457000000000000000e+03 2.780635420974223848e+02 4.452550453018965237e-01 4.764551497077979536e-01 4.452550453018965237e-01 4.764551497077979536e-01 -1.397231346800036578e+00 2.398034018381844934e+00 2.398034018381845378e+00 5.347032257233651498e-01
4.558000000000000000e+03 2.907501940572323633e+02 -6.156243604565863059e-01 -2.635804939619900700e-01 -6.156243604565863059e-01 -2.635804939619900700e-01 1.132782424985563363e+00 -1.130906105180063514e+00 -1.130906105180063070e+00 1.339563451253208637e+00
4.659000000000000000e+03 3.002922266152255588e+02 1.071429729394867358e+00 -1.074159585709663300e+00 1.071429729394867358e+00 -1.074159585709663300e+00 7.954752807555004468e-01 -2.679426606857563953e-01 -2.679426606857563398e-01 5.301756891814535244e-01
4.760000000000000000e+03 3.105818937651888518e+02 7.673317037245386274e-01 -2.497105512609450351e+00 7.673317037245386274e-01 -2.497105512609450351e+00 -4.211630798597142400e-01 -9.003301972761938998e-01 -9.003301972761941219e-01 -2.632605473060110945e+00
4.861000000000000000e+03 3.212047604308623932e+02 1.213907326187134483e+00 2.002872827546042345e+00 1.213907326187134483e+00 2.002872827546042345e+00 -1.376817519716891924e+00 5.717500360179278429e-02 5.717500360179283980e-02 1.207139948166338961e+00
4.962000000000000000e+03 3.333838606645279015e+02 1.909699561911387233e+00 -5.903207358807012195e-01 1.909699561911387233e+00 -5.903207358807012195e-01 2.156584000867635798e+00 -3.387988051848468962e-01 -3.387988051848469517e-01 -5.958551854050110341e-01
5.063000000000000000e+03 3.414788662014097440e+02 2.168084591712936271e-01 2.834177301252260861e-02 2.168084591712936271e-01 2.834177301252260861e-02 -6.607435089021612695e-02 1.082706317805882446e+00 1.082706317805881779e+00 2.689277343485844796e+00
5.164000000000000000e+03 3.554065587308577960e+02 -2.448439752738058584e-01 6.887776695016303297e-01 -2.448439752738058584e-01 6.887776695016303297e-01 1.078111475020888221e+00 2.121245023226477233e+00 2.121245023226477233e+00 -3.519937582382277164e+00
5.265000000000000000e+03 3.674365877555181896e+02 -2.913693619363194598e-02 1.936879277857263826e-01 -2.913693619363194598e-02 1.936879277857263826e-01 2.148062459568925164e-01 -1.859640439162365100e+00 -1.859640439162364878e+00 -1.288953196409088786e+00
5.366000000000000000e+03 3.777803355108703158e+02 1.342059145319416835e+00 7.609134323883171014e-02 1.342059145319416835e+00 7.609134323883171014e-02 2.867260606613777352e-01 -5.261839762154857381e-01 -5.261839762154857381e-01 -6.460032584688334412e-01
5.467000000000000000e+03 3.881815438480318790e+02 8.682027926093531800e-01 -2.758471901622188138e-01 8.682027926093531800e-01 -2.758471901622188138e-01 -2.410148170304878601e+00 -8.832949503504949895e-01 -8.832949503504949895e-01 3.128619598053748785e+00
5.568000000000000000e+03 4.005081205400184103e+02 -5.312464091989521631e-01 -5.569577912052328106e-01 -5.312464091989521631e-01 -5.569577912052328106e-01 1.728037642860603462e+00 -3.114848731167785267e+00 -3.114848731167785267e+00 -3.935693697772943089e+00
5.669000000000000000e+03 4.139572177778480864e+02 3.475512193807306360e+00 -1.151913038926131172e+00 3.475512193807306360e+00 -1.151913038926131172e+00 -3.841792562376475373e-01 -9.985839693117255500e-01 -9.985839693117256610e-01 1.268817111741991965e+00
5.770000000000000000e+03 4.243507366463339281e+02 2.910206626314796985e+00 -1.156165584263756596e+00 2.910206626314796985e+00 -1.156165584263756596e+00 1.517262248393314472e+00 3.230326840773432573e-01 3.230326840773434238e-01 -2.162017419864302070e+00
5.871000000000000000e+03 4.422598236107305638e+02 -5.415546119870083830e-01 8.229949334088383361e-01 -5.415546119870083830e-01 8.229949334088383361e-01 -6.426678133011115790e+00 2.275255293215616259e+00 2.275255293215615815e+00 -3.082071345339564949e+00
