# l Dl_TT Dl_TE Dl_TB Dl_ET Dl_BT Dl_EE Dl_EB Dl_BE Dl_BB
7.050000000000000000e+01 2.007508215714386552e+03 -7.028788288832559239e+00 1.300598116644846813e+00 -7.677580856185955760e+00 1.845314594217858373e+00 3.711860285390615743e-01 -3.173731716663025747e-03 -1.564365312098736985e-02 -1.136501311170817069e-02
1.065000000000000000e+02 2.844866533682068621e+03 -2.531940451799479064e+01 -4.185381846181432386e-02 -2.455558991703641780e+01 4.555604893090368646e-01 8.213870750850127411e-01 9.966110377180020102e-03 8.602526781045257212e-03 1.161471547352292341e-02
1.425000000000000000e+02 4.048283513237902753e+03 -4.280622754867906110e+01 7.798681765685001599e-01 -4.262894900826773892e+01 6.830462974208468818e-01 1.056417073424157582e+00 -2.316230280669665312e-02 -1.838852823587085877e-02 2.270912578964539089e-02
1.785000000000000000e+02 5.163159932030079290e+03 -3.627642807965754912e+01 6.204858350900073483e-02 -3.603117239761559176e+01 -2.017918429996659602e-01 8.603859330000525052e-01 -4.353353382901650401e-03 7.766676022722552274e-03 8.249151880559333488e-03
2.145000000000000000e+02 5.760249140219975743e+03 3.920709484135327827e+00 1.694260248001923097e-01 3.894057556581888679e+00 2.654079042466872540e-01 8.569888464140018591e-01 -5.672280057724901278e-03 1.549576789993478004e-02 8.363780204467333168e-04
2.505000000000000000e+02 5.377266564610106798e+03 6.357831913922225198e+01 1.211956727115912624e+00 6.394016589427624098e+01 1.157174457729515327e+00 2.503557707255877229e+00 3.152667929523107759e-02 -1.497406879480794005e-02 1.428788783332572872e-02
2.865000000000000000e+02 4.529316017051944073e+03 1.133577802702080817e+02 -2.002619177851894250e-01 1.123071821067729701e+02 -1.681958896833534167e-01 6.993455446168509226e+00 2.083333909553121074e-02 1.144536439606256423e-02 8.977903945962133897e-03
3.225000000000000000e+02 3.291826313053703416e+03 1.138388288026472139e+02 5.383900306968937288e-01 1.133231446574874042e+02 7.513112246084265866e-01 1.308192963337419990e+01 -5.577029140783679173e-02 -1.352382770969193931e-03 2.718160824056912658e-02
3.585000000000000000e+02 2.299155329082004755e+03 7.527305272606685094e+01 -9.296253801452364351e-01 7.611912700157820666e+01 -8.127081261151105629e-01 1.922566631443580576e+01 -3.669821692201059166e-02 4.592126780711472400e-02 2.372654105646214429e-02
3.945000000000000000e+02 1.797017098899055100e+03 1.107848577069631268e+01 -1.881692129619584319e-01 1.153428439821239238e+01 -8.272204503084212845e-02 2.165567379376526702e+01 2.813328237827563555e-02 -1.777013692670490266e-02 3.363610858445612029e-02
4.305000000000000000e+02 1.794421661282719242e+03 -4.897519255520149528e+01 1.384125697552252565e-01 -4.881681874427930268e+01 6.694689425650157677e-01 1.932742986304493371e+01 -5.870238861962101540e-02 -2.634149905546669113e-02 8.281486197806489646e-02
4.665000000000000000e+02 2.118117531597355992e+03 -7.195177056507789359e+01 -4.969517890722430220e-01 -7.131368492063700160e+01 -7.006597612063553138e-01 1.311246594029332968e+01 -2.548612661987382719e-02 4.626456294560059995e-02 6.542927222286111510e-02
5.025000000000000000e+02 2.460511381799640731e+03 -5.628461715937098120e+01 -4.241395453240205393e-01 -5.662729185953851641e+01 5.117495126847457776e-01 8.241207705014190310e+00 -3.895415078695785988e-02 -2.608407935974087211e-02 3.855236423413037350e-02
5.385000000000000000e+02 2.586575486406154596e+03 -1.249520146048580571e+01 -1.316821458871420658e+00 -1.213021279228286886e+01 -1.102201916592998820e+00 7.477079761371521194e+00 -7.429950041906885350e-03 3.580508876608183219e-03 9.803979176426455555e-02
5.745000000000000000e+02 2.434770239668426711e+03 2.207044906620276237e+01 -3.433963708705236040e-01 2.280435567608220992e+01 -2.650098970035286161e-01 1.295295710836667524e+01 5.372308717632143932e-02 1.056312262218005865e-01 6.345740795681688307e-02
6.105000000000000000e+02 2.121574310030294328e+03 2.366298364032103052e+01 -1.064558872437890269e+00 2.385688118791841816e+01 5.814160795051142028e-01 2.317793386677811895e+01 2.557660780827799435e-02 3.483266587360882294e-02 9.160106196389355970e-02
6.465000000000000000e+02 1.872386688198550701e+03 -1.340920147875119284e+01 2.705685556681047821e-01 -1.415856420475639865e+01 2.324093884836891943e-02 3.200766570456744375e+01 2.635407209800446141e-02 -6.881932029572564342e-03 1.932996423599440960e-02
6.825000000000000000e+02 1.803766629526646511e+03 -6.857951256832498643e+01 8.486429841583206790e-02 -6.827232822478015350e+01 4.336858730723687771e-01 3.696532393166302910e+01 1.181908312621431090e-03 -2.045467178655005144e-02 1.235162949363349943e-01
7.185000000000000000e+02 1.991483134197952950e+03 -1.208828629106890844e+02 5.064361815363497277e-01 -1.209587216828428495e+02 9.342678238849504435e-01 3.535871139578648581e+01 -1.329500968525066350e-02 -5.245722767100736289e-02 1.279511712110425470e-01
7.545000000000000000e+02 2.291171111285156712e+03 -1.295327557661815376e+02 4.884062303344933187e-01 -1.294493608792070063e+02 5.817345723656361933e-01 2.634587166707184736e+01 -6.832505731914977065e-02 -1.000355105938045691e-01 1.263220217250697885e-01
7.905000000000000000e+02 2.501230076103594911e+03 -1.049686688678347366e+02 -3.790558061866274309e-01 -1.040923672697597056e+02 -3.449871374146512570e-01 1.761792727714124140e+01 1.106968391374874364e-02 4.786436115614163024e-03 7.978866331443731919e-02
8.265000000000000000e+02 2.514805204157481057e+03 -4.580060705490886619e+01 -1.374712815318937409e+00 -4.558466826277263806e+01 -1.213201878717542037e+00 1.296020328567786351e+01 1.224267605607130549e-01 3.748042970010204145e-02 9.682963599363059171e-02
8.625000000000000000e+02 2.333641032120257023e+03 2.089037497091286966e+01 -8.104838126243842922e-01 2.097553810321232248e+01 -9.213519750154595123e-01 1.515834079709977544e+01 3.360417496350263239e-02 -6.546197754859542361e-02 1.157589883268416997e-01
8.985000000000000000e+02 1.911081787022948902e+03 5.452742622300969799e+01 8.118617076544761835e-01 5.484575920383116454e+01 5.066539449876577006e-01 2.342483506684053651e+01 -7.888283582709353092e-02 -9.890177145881827447e-03 1.145791719354999072e-01
9.345000000000000000e+02 1.509242724389701380e+03 4.977998474154284736e+01 9.514563696066962173e-01 5.052244681621122169e+01 5.898696376700718336e-01 3.349716070017353076e+01 2.114472423595824963e-02 9.896136301561959947e-02 1.341673714305628151e-01
9.705000000000000000e+02 1.207988688084747082e+03 1.308413767502582559e+01 2.584180078024767568e-01 1.316650703846739034e+01 3.929946539189789756e-01 4.070539520501395714e+01 -1.401155173409836530e-01 -1.700202802526245838e-01 9.443368134624210986e-02
1.006500000000000000e+03 1.048768039082649011e+03 -2.895266338895512348e+01 6.143383941571126106e-02 -2.838818706764421052e+01 -4.443277278739384828e-01 4.100734926898799415e+01 -3.923231015944590727e-02 -3.358151063570511546e-02 1.302309139939056559e-01
1.042500000000000000e+03 1.055242861796901252e+03 -6.593772579093568709e+01 8.444858761879345255e-02 -6.654843128506720973e+01 4.085773780286741652e-01 3.487369004253406501e+01 -6.227265673038227811e-02 -9.351509923798366486e-02 1.543595650446534795e-01
1.078500000000000000e+03 1.160099539337091755e+03 -7.647500725585797454e+01 -5.207521817673338438e-01 -7.617363711554997963e+01 -3.671578021083762855e-02 2.527835878746738985e+01 2.342960406865370049e-02 -2.232577162030435422e-02 1.479527525307944291e-01
1.114500000000000000e+03 1.236980572008844319e+03 -5.931389636297096501e+01 -3.890098038443436934e-01 -5.871627231368076849e+01 1.408246479053301414e-01 1.700497714024149332e+01 2.294748802372616192e-02 -3.029264556993572360e-02 8.781248207316183496e-02
1.150500000000000000e+03 1.215956395521914601e+03 -2.798763856933909722e+01 4.998707487064802946e-01 -2.798962721944913312e+01 4.438558743480518487e-01 1.333739568607495940e+01 9.224263736289099042e-03 -1.587885831763692288e-02 1.241212736526560306e-01
1.186500000000000000e+03 1.103690940454065185e+03 -2.432707179621926841e+00 -4.778975038182847745e-01 -1.964386425248413559e+00 2.758366402433386488e-01 1.554455305815434407e+01 -5.127142396477435415e-04 -1.019704200386848392e-01 5.376590265712179878e-02
1.222500000000000000e+03 9.555535627453690495e+02 7.487429929364799008e+00 2.467650871041630889e-01 7.359546034937835657e+00 -2.160857782918921832e-01 2.142644828020964809e+01 4.268356956477008246e-02 -1.039101652165835415e-01 1.129755737304423552e-01
1.258500000000000000e+03 8.235020374188720780e+02 -4.004823828636186356e+00 3.603773236329106400e-01 -4.630395603691276563e+00 5.486062773128355108e-01 2.767025275570325604e+01 -1.017585174201451892e-01 -4.615147458128835561e-02 1.335334290196033558e-01
1.294500000000000000e+03 7.412655093323245410e+02 -2.871884445539743780e+01 2.925710179301888036e-01 -2.804614405686164247e+01 2.407984303472076315e-01 3.016647779128568629e+01 -3.313505131191381292e-02 -7.686904566537697443e-03 1.322982599930433711e-01
1.330500000000000000e+03 7.343712682922645172e+02 -5.006531641763488949e+01 5.208868826016649356e-01 -5.046644181556857944e+01 -2.276110119596137099e-02 2.861708023803231882e+01 -3.292605056903416538e-04 -1.487824017600012372e-01 6.852279803952901482e-02
1.366500000000000000e+03 7.658000608011416261e+02 -5.913804444090440882e+01 4.392363401846165194e-02 -5.941550737357950140e+01 -2.526929294083867239e-01 2.333676387642774586e+01 4.114716972956035390e-02 4.911838219578376630e-02 9.630843370856087549e-02
1.402500000000000000e+03 8.166077338337206584e+02 -5.303963000788755267e+01 -9.507690264459933704e-01 -5.362512630720250684e+01 6.116987004876262707e-02 1.688695279986168174e+01 7.013625758689275014e-02 -1.412076303850350219e-02 8.598610976998580235e-02
1.438500000000000000e+03 8.046892916608552468e+02 -3.414605521858231896e+01 -2.767128057862507928e-01 -3.394990166749232685e+01 -4.594463633384640033e-01 1.239068844848332773e+01 -2.717008986659388142e-02 6.310008036956638033e-02 6.240406501821946228e-02
1.474500000000000000e+03 7.584929387562535794e+02 -1.342153936659492786e+01 -5.230746720041332676e-01 -1.318651536644616407e+01 3.284264813597747579e-01 1.161777517716363128e+01 1.022530784585899549e-01 -6.208470517011922818e-02 9.474094610365034475e-02
1.510500000000000000e+03 6.644598143359967253e+02 2.877552836046900708e+00 -2.737355800212838697e-02 3.256688542969409461e+00 1.145591576084248053e-01 1.350430508571831822e+01 -6.457522260038220385e-02 -1.049892566216546197e-01 4.013047904811010980e-02
1.546500000000000000e+03 5.544240951637427770e+02 5.906785817655212156e+00 2.689738923878221000e-01 6.166691216264917230e+00 1.900849253042637410e-01 1.697506402364057010e+01 2.015159512070422432e-01 1.078192885494311942e-01 1.082909635942330695e-01
1.582500000000000000e+03 4.623232171545056417e+02 -1.476157615853892935e+00 -3.157423518207179702e-01 -1.908749633317855521e+00 -5.135092136251481199e-01 2.022776935907476314e+01 5.944820792466903175e-02 -1.364140192708045152e-02 1.789386967136748913e-02
1.618500000000000000e+03 4.121440535585131784e+02 -1.388035503462844211e+01 -1.783403723097725380e-01 -1.386788614503505457e+01 -2.863901080998337290e-01 2.063692798155471309e+01 -1.813886737694581641e-01 -7.225996059661837778e-02 1.928576302654951002e-02
1.654500000000000000e+03 3.909314180858837062e+02 -2.483588659260547615e+01 -2.637481856062584562e-01 -2.490298302099733974e+01 9.255481747440452711e-03 1.841053444632433411e+01 1.312305484295218927e-01 -5.294109437987262051e-02 9.044240262163290300e-02
1.690500000000000000e+03 4.044310578203055684e+02 -2.978203474295485620e+01 4.961071954270108719e-01 -3.027670253964495828e+01 -2.887932644653887770e-01 1.495246996573304443e+01 7.816849160754157227e-03 1.510645549667639226e-03 2.138931918119519118e-02
1.726500000000000000e+03 4.054426938894420118e+02 -2.683339353332064192e+01 6.839514302354418943e-03 -2.708663148815687194e+01 3.608285256694747645e-01 1.115294777907625345e+01 -1.056955645353382066e-02 -6.238125305201769333e-02 -8.380394385749868891e-03
1.762500000000000000e+03 3.995232257499922071e+02 -1.855914213789280609e+01 -3.407897259831640935e-01 -1.876446013815281688e+01 -2.139462967725928033e-01 8.494065066868220271e+00 2.454007226902191197e-02 5.243816324899119863e-03 1.177059793487123529e-01
1.798500000000000000e+03 3.704139451910667731e+02 -1.067232826976096760e+01 3.740633127093136862e-02 -1.044450452952475494e+01 1.092332233015698428e-01 7.873547707733600021e+00 8.355459966959211116e-02 -4.961148177713661095e-02 -4.376623393167621001e-02
1.834500000000000000e+03 3.305922201197892036e+02 -5.619383639902273408e+00 3.363829456587832389e-01 -5.577782485655464306e+00 -1.655886450486093731e-01 8.769708739962425170e+00 -5.600398116666793769e-02 -2.803727655257807344e-02 5.244206066027579105e-02
1.870500000000000000e+03 2.876153685314068298e+02 -5.567709827560227254e+00 -3.683749113228315109e-01 -5.657026626237461997e+00 -1.039538130378985792e-01 1.016619714863580626e+01 2.654662397573363808e-02 -1.089141777449713772e-01 7.234161077959438968e-02
1.906500000000000000e+03 2.615409250788765121e+02 -9.720874168580483143e+00 4.430064317401917195e-01 -1.033289430122212060e+01 -1.726263110002563411e-02 1.122909139853491567e+01 1.637531016255465433e-02 1.335698047793237864e-03 1.180444707207474186e-01
1.942500000000000000e+03 2.460270151124217932e+02 -1.383733906541395520e+01 2.099410687842477308e-01 -1.469337459184410655e+01 2.310864664942080537e-02 1.080946159503084658e+01 -1.386182746100227958e-01 -6.680988840855833777e-02 8.237281446949877572e-02
1.978500000000000000e+03 2.401591609507401017e+02 -1.737718414162407043e+01 -1.256220330640119842e-01 -1.749869173706991177e+01 -5.006872775307998902e-01 9.565071238719916380e+00 3.389297486914702451e-03 -9.921729054703858075e-02 8.602768600281883449e-02
2.014500000000000000e+03 2.410004777491185450e+02 -1.733950112046816372e+01 -1.467266765696602915e-01 -1.700152166012210131e+01 -7.280075095251507811e-02 7.880028721235845524e+00 -8.396038782046565119e-02 -3.419267437871935378e-02 7.587883353349206272e-02
2.050500000000000000e+03 2.378299383536485152e+02 -1.407995908991422596e+01 1.160492879449068065e-01 -1.436194600090518492e+01 6.802650624965747572e-02 6.251659468220465143e+00 -6.189568683627725415e-02 -6.384167539693964832e-02 -8.053768663677197612e-03
2.086500000000000000e+03 2.278530327090076071e+02 -9.353768736618381041e+00 -1.063708420933551640e-01 -9.299866461817920538e+00 -1.036493000281599880e-01 5.273823166690789321e+00 5.965872558699719663e-02 4.022259055236475367e-02 1.120433031901381105e-01
2.122500000000000000e+03 2.072309664049743674e+02 -5.465903714309221506e+00 3.912402247686645740e-02 -5.218677463851554954e+00 -1.037286861919816672e-01 4.813861208359723420e+00 1.069940499705194364e-01 -8.032928476649203731e-02 2.051984513539578669e-02
2.158500000000000000e+03 1.805740166968379299e+02 -3.250018816150202383e+00 -1.867716511076442099e-01 -3.185078649470739265e+00 -2.087630097506839311e-01 5.387767383184566938e+00 -1.811690318991734938e-02 -4.169157052451324258e-02 1.536350405409357411e-01
2.207000000000000000e+03 1.539866224602955640e+02 -4.060618573392307695e+00 -4.252298276675809952e-01 -3.961353834738425839e+00 -8.218735651759095928e-02 6.140370442745219925e+00 9.350833718061789257e-02 1.267745325115270105e-01 8.474264906361707317e-02
2.268000000000000000e+03 1.322662736191770705e+02 -6.585781450610055821e+00 8.764821187837458505e-02 -6.449630102355081718e+00 -2.676925576559829878e-02 5.832819994904238747e+00 3.700211735736209928e-02 2.004707762866597687e-02 7.189685522393624018e-02
2.329000000000000000e+03 1.262443185390180815e+02 -8.047955379208636018e+00 2.868302080645411256e-01 -8.520068200825836158e+00 4.473845088961889704e-01 4.372072696704908168e+00 -1.610730126480365010e-01 3.823841678715970971e-02 1.237908288773503507e-01
2.390000000000000000e+03 1.178489115830365677e+02 -5.860829012735527144e+00 -1.166553456223416996e-01 -5.723536100864391685e+00 -3.263212367504832179e-02 3.333736459069093439e+00 -7.865734125899806473e-02 -1.059263995140936887e-02 8.018781777226577367e-02
2.451000000000000000e+03 1.056557157343857796e+02 -3.640923975309198646e+00 1.534159836359842155e-01 -3.748700572704081413e+00 -6.898648220267471209e-02 2.709969618345112075e+00 4.025968584081034141e-02 -6.233295476885097885e-02 1.749125047228912433e-03
2.512000000000000000e+03 9.146975987157000532e+01 -2.973027986240036391e+00 -6.172529739304385976e-02 -3.157402783073012031e+00 4.999301537733000234e-02 2.867577309816385700e+00 2.258308436777793637e-02 6.853091158126055349e-02 8.916600261728761800e-02
2.573000000000000000e+03 8.169430650274689754e+01 -4.111385263994537631e+00 8.811873110605004944e-02 -4.123213498576852487e+00 -9.970106672409842496e-04 2.730660283028489843e+00 4.804693512846994197e-02 -2.946944622034797234e-02 -1.865985412242960051e-01
2.634000000000000000e+03 7.777014606172564015e+01 -4.405359883527602882e+00 -1.023937572555355252e-01 -4.193270731876578949e+00 1.982629223671669161e-01 2.333063136706398311e+00 -1.160232773896888170e-02 -1.623410987781603865e-01 -1.765580339953364344e-02
2.695000000000000000e+03 7.293630690483945500e+01 -3.126892190095808655e+00 2.506083118764597661e-01 -3.416018905780198622e+00 1.304588499237307742e-01 1.713411581512971349e+00 5.359247886481040279e-02 -9.344160961999654902e-02 -1.272405623223491974e-02
2.756000000000000000e+03 6.599406639935727981e+01 -1.755180725316737966e+00 -6.658164953585994639e-02 -2.188321186910301641e+00 -2.026555744852103769e-01 1.487812949751423419e+00 4.601034547978343631e-02 -1.286733249522682698e-02 3.010903625468738798e-02
2.817000000000000000e+03 5.805184812006565664e+01 -1.607005709354819345e+00 -1.307423408965472933e-01 -1.365313194041784417e+00 -1.276403694970233149e-01 1.350657248160785695e+00 -2.229151338484725575e-01 -5.727039234833259523e-02 6.349867036746063148e-03
2.878000000000000000e+03 5.175336701273651840e+01 -1.603248342235072066e+00 -2.614702938576833890e-01 -1.875934292941738857e+00 -1.821365776717030205e-01 1.449915817876063384e+00 1.761036268767301183e-01 4.941137923774088780e-02 -8.429919998999715891e-02
2.939000000000000000e+03 4.870112123876037913e+01 -2.271886984494329020e+00 1.029154566104357182e-01 -1.750660858084292171e+00 2.370982556362275784e-01 1.158212230161009826e+00 9.025363506274286518e-02 -1.837481344057431132e-01 -1.242502996278168070e-01
3.000000000000000000e+03 4.639867332427556335e+01 -1.597825275744159113e+00 -1.046045841677557958e-01 -1.587667873257883722e+00 1.941920028454571789e-02 9.236194567441263770e-01 -1.769553200858448583e-01 1.201272582858622096e-01 1.193469497805446089e-01
3.061000000000000000e+03 4.414540044822067699e+01 -9.529146985767248390e-01 7.013582088457578911e-02 -1.079981811690164495e+00 1.794647569744881876e-01 7.279503943841868496e-01 -1.636888587584251487e-01 1.118646147869190588e-01 1.844719843844627172e-01
3.122000000000000000e+03 4.060206163063323714e+01 -9.465045857983440669e-01 -3.170030630486065509e-02 -1.076587185138262459e+00 -1.565688961413074232e-01 7.077711699908261211e-01 -5.269955490864443315e-02 -5.581345961769783315e-02 5.426754860601584046e-02
3.183000000000000000e+03 3.846605326220725374e+01 -1.260103265524607608e+00 1.858046296781530327e-01 -1.054381814364869330e+00 -1.015475354421212090e-01 6.715367330312295158e-01 -2.628157329584076551e-01 3.037132746270440609e-01 -8.124673559986125837e-02
3.244000000000000000e+03 3.678779689609622494e+01 -8.468861061977116522e-01 -3.621937211736207807e-02 -1.005585285678561647e+00 -1.488396031534948982e-01 5.259094737839360434e-01 3.803483394109186122e-02 1.246563963013034015e-01 8.383118737749320482e-02
3.305000000000000000e+03 3.621381444469741950e+01 -1.203403402423160351e+00 1.013272092011362063e-01 -1.168951804727397015e+00 -1.288195676654518285e-01 5.356350490855884550e-01 1.371524293460819055e-01 8.947506080917075333e-02 1.178385421849099390e-01
3.366000000000000000e+03 3.462363395556201340e+01 -5.089135858870714735e-01 2.582872101949446608e-01 -5.688842700644108907e-01 5.500584912800474124e-02 3.803597993081120343e-01 -1.000829419226602207e-01 1.772754332276505751e-01 -1.635897941090263402e-02
3.447000000000000000e+03 3.303010635852377419e+01 -2.845313393906310218e-01 2.495400447679072542e-01 -7.703931489724082926e-01 -1.758017630692899069e-01 2.722162600311365255e-01 1.263201170893168968e-01 -3.387489116186225002e-02 2.818268295182487643e-02
3.548000000000000000e+03 3.163179225659363425e+01 -4.917318376281604175e-01 7.783195061500332301e-02 -2.129788490167265902e-01 -1.698244751750082049e-01 4.080673510130857218e-01 2.040736079369906419e-01 -1.225295776844431417e-01 -1.336667959202086919e-02
3.649000000000000000e+03 3.056087036227051357e+01 -4.741036374707305323e-02 2.454081046494324680e-01 -3.749678332086228139e-01 -6.824611879617015209e-02 4.027679422106192342e-01 4.688058955339850786e-03 -4.736040503736176077e-02 2.907184385256095238e-01
3.750000000000000000e+03 3.027255929240330801e+01 -2.851599834321669746e-01 -9.338865677921334707e-02 -7.997704955751512579e-02 5.465550179878700052e-03 1.138083026342369131e-01 5.024385010758695980e-02 -3.180629771652716820e-02 5.520500480433367108e-02
3.851000000000000000e+03 3.005344837481306541e+01 -6.197949843458527841e-01 -2.655438059682380114e-03 -3.702636444929877091e-01 -4.934322983905115034e-03 3.782960753853678026e-01 7.126490089266261652e-02 2.264839331591622651e-01 2.147968727202043682e-01
3.952000000000000000e+03 3.012660734582606281e+01 -4.103078326419414834e-01 8.373340900554838984e-02 -1.791111607187692578e-01 -2.595642477487880018e-01 9.240566602294786325e-02 1.722964116433301773e-01 -1.041231587277638149e-01 -1.999766970399967092e-01
4.053000000000000000e+03 3.022678444246691498e+01 -2.287826604895643046e-01 -1.069310258984530471e-01 -1.058651261405272603e-01 2.331124748339337138e-01 1.687773532347797700e-01 -1.860631089212983758e-01 -1.568959736331616006e-01 -1.035618755293798432e-01
4.154000000000000000e+03 3.066102901542676662e+01 1.336037248265361521e-01 2.645991183931266366e-02 -4.707784595252170190e-01 -3.057864707763198464e-02 -3.510438096035595201e-02 1.106321869315669837e-02 -2.859054439124915636e-01 -2.151010277282224548e-01
4.255000000000000000e+03 3.098829339965475782e+01 -2.420656660980659014e-01 -6.873438436612175351e-02 -3.819610782476858257e-01 1.833529324372874802e-01 4.816472621556115719e-02 -2.365366231905110805e-01 1.906663807300160163e-01 2.785097829585251455e-02
4.356000000000000000e+03 3.152033161306685116e+01 -2.283746603251797791e-01 3.917466354684134844e-02 3.175826773778740453e-01 2.502554452641335136e-01 -1.740554850614794424e-01 4.469147574035048365e-02 -3.906369984172855525e-02 2.946397029175940596e-01
4.457000000000000000e+03 3.222962473941538519e+01 2.634081205022390515e-01 -1.380037118302639421e-01 1.024786980580482953e-01 -2.585549967392843929e-01 1.357324588303510382e-01 1.678508912755697635e-01 2.349550511671297248e-01 -4.133699563136613020e-01
4.558000000000000000e+03 3.358661470212904021e+01 2.909724906135976452e-01 -2.821647514682482094e-01 7.354130820845363736e-01 -2.497066148418832232e-01 -5.078397156627098008e-01 -4.342847111292295059e-01 1.796423488679976810e-03 2.113674345526533882e-03
4.659000000000000000e+03 3.419951408480247323e+01 -8.951431192794560843e-02 -1.489988375768779016e-01 1.887868515026764893e-01 1.116117788573427472e-01 -8.001483162772271562e-04 5.586124674064640860e-01 -1.830543526868849691e-01 -2.695849063626624131e-01
4.760000000000000000e+03 3.487560539551111560e+01 -1.460617249414867536e-01 4.634385274031316282e-01 -1.175481716970083745e-01 -2.610506034120331220e-01 4.709957721160616950e-01 1.817757870368733042e-01 -2.896584494836975110e-01 -3.539077632358519909e-02
4.861000000000000000e+03 3.634574451200294476e+01 -1.722026275113284766e-01 5.089062740299710175e-01 -2.039960246583258641e-01 -4.886131546574827844e-01 1.240976561997465255e-01 4.602005887271308771e-01 -1.244088041073943274e-01 3.026006862739599734e-01
4.962000000000000000e+03 3.733065311901459182e+01 -2.701960770496163455e-01 -4.328131721496009110e-01 -8.548462534449552397e-02 3.295345151796777450e-01 -2.793580242235914612e-01 3.049209154005797506e-01 -7.168400844822157003e-01 -2.863169777947888184e-02
5.063000000000000000e+03 3.775546552967522018e+01 -9.567889482248694011e-02 -1.217741786245493396e-01 -1.544807640099271628e-01 -2.888616152030378803e-01 2.425340061968511707e-02 -4.715110737667803642e-01 -2.850219554273155653e-01 -6.276341572385284451e-01
5.164000000000000000e+03 3.892323175051465967e+01 8.606330662807885890e-02 8.099113577231031869e-02 8.295361839133623683e-01 -2.197679103631479947e-01 2.573412836434057493e-01 -5.462643740029829442e-02 6.050729855636840515e-01 -8.149375817706628888e-01
5.265000000000000000e+03 3.995224871957974244e+01 2.127363381504047690e-01 9.682696816367214465e-03 -2.379343443427952842e-01 -4.131725209771710539e-01 2.252729262373834640e+00 4.534711388827400436e-02 5.385808217704534107e-01 3.840875259209585169e-01
5.366000000000000000e+03 4.115091699176655027e+01 6.465705401605078562e-01 1.088427443323198851e-01 -8.446067481667763888e-01 -2.949453673394963338e-01 -1.213225914750787893e-01 9.564323672200873983e-01 -5.253897731596957055e-02 2.243628542854247954e-01
5.467000000000000000e+03 4.192158612675054030e+01 1.113913804369152105e-01 -2.076945749153843168e-01 -1.278516405762354091e-01 -6.076045731433605823e-01 -4.289334931389737759e-01 -1.140130248413475655e-01 -1.474330775128798732e-02 1.061366528592495140e+00
5.568000000000000000e+03 4.348539734932781897e+01 -5.815430594391965968e-01 1.276688300357884387e-01 1.561063657733250398e-01 -1.738667509324774152e-01 -4.006950125560815312e-01 -1.657349609881527241e+00 -1.074479742800237836e-01 8.099832425896097421e-01
5.669000000000000000e+03 4.516742871814862781e+01 1.484118636736433405e+00 3.238738184319189806e-01 7.492040282067316537e-02 -5.691880244539848643e-01 1.545999941481239315e+00 -1.115648795249329639e-01 -1.606419898179538563e-01 -1.331548210652179431e+00
5.770000000000000000e+03 4.488352049858695381e+01 -8.903894990228561346e-02 4.526055787361407678e-01 2.261995615052786734e-01 -5.230785537673776631e-01 -2.623991223448046028e+00 2.006252464698703442e+00 2.033639970803936325e+00 1.639535538339198961e+00
5.871000000000000000e+03 4.754259810960954269e+01 -3.904100484366089252e-01 -1.027311917368426641e+00 -8.341219669614708954e-01 5.519152588162288264e-01 8.316477990972315215e-01 7.160681389564508281e-01 -5.156455983511102348e-01 -1.620141515612243621e+00
