# l Dl_TT Dl_TE Dl_TB Dl_ET Dl_BT Dl_EE Dl_EB Dl_BE Dl_BB
7.050000000000000000e+01 2.055268155312777708e+03 -4.270460052749291080e+00 7.960673877795346742e-01 -4.270460052749291080e+00 7.960673877795346742e-01 2.963394804966971718e-01 4.383974143854066363e-03 4.383974143854066363e-03 9.865562772708322270e-03
1.065000000000000000e+02 2.882674970625631886e+03 -3.029217331292158377e+01 8.606880698148374753e-01 -3.029217331292158377e+01 8.606880698148374753e-01 9.353434096853634472e-01 -1.693206321990782873e-02 -1.693206321990782526e-02 1.296101072547412372e-02
1.425000000000000000e+02 4.193605247127648909e+03 -4.655940494234282312e+01 -1.899430869813241440e-01 -4.655940494234282312e+01 -1.899430869813241440e-01 1.112597375459878801e+00 1.518795270243527770e-02 1.518795270243527423e-02 1.846567159531602512e-02
1.785000000000000000e+02 5.104560449675696873e+03 -3.478729698212129051e+01 1.094968310631869057e+00 -3.478729698212129051e+01 1.094968310631869057e+00 8.125674415568610032e-01 -9.274300446404841122e-03 -9.274300446404842857e-03 1.812687445326987765e-02
2.145000000000000000e+02 5.639546689129310835e+03 4.243733271557010411e+00 4.671821211098909354e-01 4.243733271557010411e+00 4.671821211098909354e-01 7.897260886368567823e-01 9.333109056215788124e-03 9.333109056215774246e-03 2.301113510818999369e-02
2.505000000000000000e+02 5.472429166781521417e+03 6.423461669970050991e+01 1.145446329093822824e+00 6.423461669970050991e+01 1.145446329093822824e+00 2.525762257350069984e+00 1.612680664937553993e-02 1.612680664937553993e-02 4.215085062187087783e-02
2.865000000000000000e+02 4.604639716564341143e+03 1.107047533359779976e+02 8.344466388919542787e-02 1.107047533359779976e+02 8.344466388919542787e-02 6.921779283803700444e+00 8.646835151702694094e-03 8.646835151702685421e-03 7.975939852462555005e-03
3.225000000000000000e+02 3.282631451505706082e+03 1.122796116233565158e+02 -5.921090776555658630e-01 1.122796116233565158e+02 -5.921090776555658630e-01 1.326267695846127381e+01 3.119664357569346125e-02 3.119664357569345431e-02 3.014531943266955324e-02
3.585000000000000000e+02 2.310966841885855956e+03 7.293788740507352486e+01 2.715057244163909256e-01 7.293788740507352486e+01 2.715057244163909256e-01 1.868723840643029277e+01 -2.475091053079299733e-02 -2.475091053079299039e-02 3.619032447239077521e-02
3.945000000000000000e+02 1.811699308974043788e+03 1.400028385946638032e+01 1.491895984673511921e-01 1.400028385946638032e+01 1.491895984673511921e-01 2.123852177158366317e+01 1.016682177734068576e-01 1.016682177734068715e-01 4.994148441397583404e-02
4.305000000000000000e+02 1.767762500811921655e+03 -4.260940120151069976e+01 -3.205852826849723836e-01 -4.260940120151069976e+01 -3.205852826849723836e-01 1.856071281912045379e+01 4.832987884876163188e-03 4.832987884876162321e-03 4.033087596604308794e-02
4.665000000000000000e+02 2.090086229579583687e+03 -7.319428527197592871e+01 1.988268900651493087e-01 -7.319428527197592871e+01 1.988268900651493087e-01 1.325255232491316804e+01 -8.691409047324884229e-03 -8.691409047324870352e-03 4.583102237707765286e-02
5.025000000000000000e+02 2.465871939290560476e+03 -5.752141299340743785e+01 -4.411632133509404974e-01 -5.752141299340743785e+01 -4.411632133509404974e-01 8.130295306310124204e+00 4.932064377810022743e-02 4.932064377810019273e-02 9.249086266364628384e-02
5.385000000000000000e+02 2.570260857572598070e+03 -1.199814230789331759e+01 -4.968852362628485286e-01 -1.199814230789331759e+01 -4.968852362628485286e-01 7.308105634052593835e+00 -2.155981690190079958e-03 -2.155981690190078223e-03 2.304948123037323451e-02
5.745000000000000000e+02 2.410655529448913967e+03 2.362888669445252532e+01 9.755658686651545730e-02 2.362888669445252532e+01 9.755658686651545730e-02 1.326594545835249583e+01 7.496447830703688829e-03 7.496447830703691431e-03 5.156250396818146120e-02
6.105000000000000000e+02 2.113325743556016278e+03 2.684841473109497656e+01 1.163522259773686951e+00 2.684841473109497656e+01 1.163522259773686951e+00 2.321911257208060420e+01 6.488294737632349651e-03 6.488294737632356590e-03 5.284533721164759446e-02
6.465000000000000000e+02 1.845658152716636550e+03 -1.408571356691616216e+01 -1.345814475445853420e-01 -1.408571356691616216e+01 -1.345814475445853420e-01 3.272646905507054527e+01 -2.967919716814863829e-04 -2.967919716814881176e-04 5.525493633593899639e-02
6.825000000000000000e+02 1.833186852662116280e+03 -6.830474741884174250e+01 -5.575454581220351535e-01 -6.830474741884174250e+01 -5.575454581220351535e-01 3.779586267457644766e+01 -8.283949457408623651e-03 -8.283949457408630590e-03 8.532054096342579774e-02
7.185000000000000000e+02 1.998539061238189788e+03 -1.203323076465718771e+02 -1.102438213753882540e-01 -1.203323076465718771e+02 -1.102438213753882540e-01 3.514930210663230525e+01 -2.655770179140147166e-02 -2.655770179140147860e-02 2.675572591017845447e-02
7.545000000000000000e+02 2.263107021093419007e+03 -1.317466236969269460e+02 -1.263190027466978560e-01 -1.317466236969269460e+02 -1.263190027466978560e-01 2.693451693696850668e+01 9.877436720872599663e-02 9.877436720872603826e-02 6.568788625139641846e-02
7.905000000000000000e+02 2.572298969090382798e+03 -1.036602190887016093e+02 -3.156355446996561009e-01 -1.036602190887016093e+02 -3.156355446996561009e-01 1.766910467018070463e+01 -1.134137555691449618e-02 -1.134137555691449098e-02 1.213253504360234797e-01
8.265000000000000000e+02 2.529010763056600354e+03 -4.449152085405031443e+01 -3.421389024940090229e-01 -4.449152085405031443e+01 -3.421389024940090229e-01 1.288310060452082162e+01 2.100953881354752223e-02 2.100953881354752570e-02 9.079663924648652407e-02
8.625000000000000000e+02 2.317634131185966453e+03 1.938397390249606644e+01 2.252072248345365624e-01 1.938397390249606644e+01 2.252072248345365624e-01 1.512830351593629885e+01 2.358310960068601969e-02 2.358310960068599541e-02 7.718109525142952121e-02
8.985000000000000000e+02 1.914563363864994699e+03 5.428101590713340840e+01 -1.892314885934264501e-01 5.428101590713340840e+01 -1.892314885934264501e-01 2.366209281283153842e+01 6.322242197926421226e-02 6.322242197926424001e-02 1.379286706501873516e-01
9.345000000000000000e+02 1.511942382555537279e+03 4.931764545704029956e+01 -8.186284035430652084e-02 4.931764545704029956e+01 -8.186284035430652084e-02 3.385773079401288044e+01 8.059859461617056853e-02 8.059859461617058241e-02 1.104340553414801390e-01
9.705000000000000000e+02 1.203451922346244601e+03 1.622906494492496066e+01 -1.424901233292294456e-01 1.622906494492496066e+01 -1.424901233292294456e-01 4.130742102463767651e+01 -3.037857366202899312e-04 -3.037857366203003395e-04 1.597810185475911637e-01
1.006500000000000000e+03 1.071407809268210030e+03 -3.300444619279591052e+01 -3.596279380777547274e-01 -3.300444619279591052e+01 -3.596279380777547274e-01 4.162148556222423679e+01 -5.009710464124224327e-02 -5.009710464124228491e-02 6.426197973995247115e-02
1.042500000000000000e+03 1.070351311555742313e+03 -6.720462825645063276e+01 -7.945008498625932836e-02 -6.720462825645063276e+01 -7.945008498625932836e-02 3.489103837612756820e+01 5.861501373439800822e-02 5.861501373439803597e-02 9.842332376429283047e-02
1.078500000000000000e+03 1.169343593720525178e+03 -7.679024541716324848e+01 2.941483889581744116e-01 -7.679024541716324848e+01 2.941483889581744116e-01 2.499088857810535558e+01 -5.752847068126133723e-02 -5.752847068126131641e-02 9.671747315817155743e-02
1.114500000000000000e+03 1.250401951809674983e+03 -6.095580354000034617e+01 3.320783997428652934e-01 -6.095580354000034617e+01 3.320783997428652934e-01 1.664486519097977180e+01 -1.289473204345431556e-01 -1.289473204345431279e-01 1.466754831455137527e-02
1.150500000000000000e+03 1.218687365690522029e+03 -3.029119606152965360e+01 1.980190569746149432e-01 -3.029119606152965360e+01 1.980190569746149432e-01 1.314404229226267162e+01 1.643859218509003545e-03 1.643859218509010484e-03 1.440271225028888491e-01
1.186500000000000000e+03 1.113769441783065076e+03 -3.348919008803876274e+00 -3.336478126699713997e-01 -3.348919008803876274e+00 -3.336478126699713997e-01 1.536583760199464699e+01 6.557517791231833038e-02 6.557517791231833038e-02 1.763918599678602483e-01
1.222500000000000000e+03 9.635687167806338493e+02 6.213084155186755275e+00 6.847485403490420897e-01 6.213084155186755275e+00 6.847485403490420897e-01 2.149710813707649137e+01 1.546872931693816719e-02 1.546872931693817413e-02 1.242194145316412486e-02
1.258500000000000000e+03 8.209101412474864219e+02 -4.133709259626541233e+00 9.939732808532895092e-01 -4.133709259626541233e+00 9.939732808532895092e-01 2.772429455574282642e+01 -2.901156449420583955e-02 -2.901156449420581873e-02 3.524314067759143354e-02
1.294500000000000000e+03 7.554923348558744465e+02 -2.883017185669475779e+01 3.027407377492785656e-01 -2.883017185669475779e+01 3.027407377492785656e-01 3.019352910739890561e+01 7.830157149624419888e-02 7.830157149624419888e-02 9.259331246092224188e-02
1.330500000000000000e+03 7.280946207739317515e+02 -4.916575471475074721e+01 4.169616477468341964e-01 -4.916575471475074721e+01 4.169616477468341964e-01 2.895142372522939311e+01 -1.553270041309605665e-01 -1.553270041309605942e-01 7.373686072017200666e-02
1.366500000000000000e+03 7.738865416156628498e+02 -6.042633105106477132e+01 5.817492817874049538e-02 -6.042633105106477132e+01 5.817492817874049538e-02 2.307743851851450856e+01 1.314770104121752992e-01 1.314770104121752436e-01 1.150722540660845672e-01
1.402500000000000000e+03 8.231317964188950782e+02 -5.201778089610742484e+01 1.762156821709288113e-01 -5.201778089610742484e+01 1.762156821709288113e-01 1.694684034474861889e+01 -7.414797109471040620e-03 -7.414797109471044090e-03 1.741273261413409795e-02
1.438500000000000000e+03 8.184092846399363452e+02 -3.479675363209739203e+01 -6.016039697051743795e-01 -3.479675363209739203e+01 -6.016039697051743795e-01 1.264096908038441747e+01 6.407730908201798858e-02 6.407730908201800246e-02 1.793216177407383483e-01
1.474500000000000000e+03 7.675302972757577891e+02 -1.205114056014680735e+01 -4.654414958961113902e-01 -1.205114056014680735e+01 -4.654414958961113902e-01 1.163807141088985730e+01 -4.174563630043330587e-02 -4.174563630043332668e-02 1.120225968768916447e-01
1.510500000000000000e+03 6.714260533182641666e+02 2.651713040632015073e+00 4.085859959250855156e-02 2.651713040632015073e+00 4.085859959250855156e-02 1.336427652456658244e+01 1.075390543977945979e-01 1.075390543977946117e-01 1.886385962356968149e-01
1.546500000000000000e+03 5.594675634116640595e+02 6.441823790321270948e+00 -2.095877338999679595e-01 6.441823790321270948e+00 -2.095877338999679595e-01 1.719639303861458757e+01 5.964507566813929268e-02 5.964507566813925105e-02 2.965177469150009903e-02
1.582500000000000000e+03 4.628333244486761373e+02 -1.406032601504912938e+00 -5.406003818690273688e-01 -1.406032601504912938e+00 -5.406003818690273688e-01 2.032299545384658046e+01 3.811937260696686078e-03 3.811937260696693884e-03 1.721658477544879551e-01
1.618500000000000000e+03 4.127865098317470824e+02 -1.449676605361263171e+01 2.514011403592476546e-01 -1.449676605361263171e+01 2.514011403592476546e-01 2.061769075039782706e+01 1.180558067503461317e-01 1.180558067503461872e-01 7.051280873274835305e-03
1.654500000000000000e+03 3.969718515187150842e+02 -2.518551301694079925e+01 -5.376650187118720003e-02 -2.518551301694079925e+01 -5.376650187118720003e-02 1.826120973647481094e+01 -6.102153709982894442e-03 -6.102153709982896176e-03 5.357646249201555855e-03
1.690500000000000000e+03 4.048254866339173645e+02 -2.999147902580869740e+01 -1.624170596248286635e-01 -2.999147902580869740e+01 -1.624170596248286635e-01 1.472441518262963811e+01 -2.183242757093990793e-02 -2.183242757093990793e-02 8.781187498657117008e-02
1.726500000000000000e+03 4.116993080886807093e+02 -2.676402466553408033e+01 -4.865221589286307380e-02 -2.676402466553408033e+01 -4.865221589286307380e-02 1.113519390389784292e+01 6.978168945558432812e-02 6.978168945558430036e-02 3.454469975627669220e-02
1.762500000000000000e+03 4.059682568595738985e+02 -1.897570468801606935e+01 2.760413357586882777e-01 -1.897570468801606935e+01 2.760413357586882777e-01 8.503832379613841752e+00 2.707261313277359652e-02 2.707261313277359999e-02 -5.459195819651774251e-02
1.798500000000000000e+03 3.762219388517876268e+02 -1.032081497941340054e+01 2.283383864458201074e-01 -1.032081497941340054e+01 2.283383864458201074e-01 7.913317322079945981e+00 -1.121122788142372845e-01 -1.121122788142373261e-01 1.118323695703814374e-01
1.834500000000000000e+03 3.325707304708387255e+02 -5.524146652952873993e+00 -2.252142163847980494e-01 -5.524146652952873993e+00 -2.252142163847980494e-01 8.949312651017727660e+00 -3.919335547491454436e-02 -3.919335547491455130e-02 2.028574325571349535e-01
1.870500000000000000e+03 2.975952796871803798e+02 -5.276421083683902502e+00 -1.185192112102732842e-01 -5.276421083683902502e+00 -1.185192112102732842e-01 1.025940386743105392e+01 1.428025694569472204e-01 1.428025694569472481e-01 5.412435884975536765e-02
1.906500000000000000e+03 2.652054176252091793e+02 -9.212395193717551223e+00 -6.769768159312997136e-02 -9.212395193717551223e+00 -6.769768159312997136e-02 1.100287129207621106e+01 4.743197846809975998e-02 4.743197846809974610e-02 6.756608710820900289e-03
1.942500000000000000e+03 2.504190933219774706e+02 -1.417991107532014183e+01 3.651100937980075178e-01 -1.417991107532014183e+01 3.651100937980075178e-01 1.092398999864980880e+01 -1.236540656317385023e-01 -1.236540656317385301e-01 5.194508767252210141e-03
1.978500000000000000e+03 2.466585038736889146e+02 -1.768416119612902904e+01 2.970916669073683791e-02 -1.768416119612902904e+01 2.970916669073683791e-02 9.718596531633263425e+00 5.484037179267139961e-02 5.484037179267141349e-02 -1.630401043415385595e-02
2.014500000000000000e+03 2.489013962512140949e+02 -1.695532581981255404e+01 -1.639371871570001749e-01 -1.695532581981255404e+01 -1.639371871570001749e-01 7.741402242378345733e+00 -1.099389237808713338e-01 -1.099389237808713476e-01 1.809027700702869335e-01
2.050500000000000000e+03 2.425827087726746640e+02 -1.418934079409698867e+01 3.632263063692177663e-01 -1.418934079409698867e+01 3.632263063692177663e-01 6.449991649123839821e+00 -7.589393056460180809e-02 -7.589393056460182196e-02 3.141805727313948249e-02
2.086500000000000000e+03 2.319276713697147443e+02 -9.548038514225622109e+00 1.069065473622171636e-01 -9.548038514225622109e+00 1.069065473622171636e-01 5.428157061493958935e+00 6.648758981793047307e-03 6.648758981793029960e-03 -1.548044164356314478e-01
2.122500000000000000e+03 2.134360280902125453e+02 -5.276504588367211923e+00 -1.622478294057181913e-01 -5.276504588367211923e+00 -1.622478294057181913e-01 4.801517906005702940e+00 1.885156833293020334e-02 1.885156833293019640e-02 6.641039289082757702e-02
2.158500000000000000e+03 1.889002122338614811e+02 -2.514358328421651745e+00 -2.174083840088562869e-01 -2.514358328421651745e+00 -2.174083840088562869e-01 5.203711756036021541e+00 -7.783820092734300422e-02 -7.783820092734297647e-02 6.355892173705211812e-02
2.207000000000000000e+03 1.587689356019942011e+02 -3.599896568024999688e+00 2.020604301861767538e-01 -3.599896568024999688e+00 2.020604301861767538e-01 5.955354609967827173e+00 1.074408817404105543e-01 1.074408817404105820e-01 2.685175089991187480e-02
2.268000000000000000e+03 1.411865107495486029e+02 -6.719226983971048561e+00 3.505186487591196130e-03 -6.719226983971048561e+00 3.505186487591196130e-03 5.765055701098911634e+00 -1.127519216635646665e-02 -1.127519216635646665e-02 2.929994056616406217e-01
2.329000000000000000e+03 1.334029935032743595e+02 -7.870348370299086405e+00 -8.289072400806299368e-02 -7.870348370299086405e+00 -8.289072400806299368e-02 4.496749416066431415e+00 -4.482044723590770940e-02 -4.482044723590770940e-02 3.304902800088663911e-02
2.390000000000000000e+03 1.265477424425764212e+02 -5.908741184593887752e+00 -2.428915263172062022e-01 -5.908741184593887752e+00 -2.428915263172062022e-01 3.260488834240356848e+00 -1.655567622478234802e-01 -1.655567622478235079e-01 -1.324538646706563960e-01
2.451000000000000000e+03 1.139363620050640975e+02 -3.389439970680160119e+00 5.705907318828578462e-02 -3.389439970680160119e+00 5.705907318828578462e-02 2.838030383869714068e+00 -7.822332409958743238e-02 -7.822332409958746013e-02 -1.040638564057658616e-01
2.512000000000000000e+03 9.927868628485832403e+01 -3.081068480027369105e+00 3.032042575941459872e-02 -3.081068480027369105e+00 3.032042575941459872e-02 2.809157617577347388e+00 -3.079910589171006713e-02 -3.079910589171005672e-02 3.295011122848808850e-03
2.573000000000000000e+03 9.069358290976364856e+01 -4.090205580813389474e+00 -6.113787322420966702e-02 -4.090205580813389474e+00 -6.113787322420966702e-02 2.884803025109788699e+00 -2.755207026169191609e-02 -2.755207026169188833e-02 9.367933669469726346e-03
2.634000000000000000e+03 8.635865443036473721e+01 -4.275207132423792800e+00 1.271899381411107921e-01 -4.275207132423792800e+00 1.271899381411107921e-01 2.304107883569974202e+00 -2.057395817095991064e-01 -2.057395817095991619e-01 1.380345853574275750e-01
2.695000000000000000e+03 8.214769192402464171e+01 -3.269620017377331322e+00 -1.442952875384230782e-01 -3.269620017377331322e+00 -1.442952875384230782e-01 1.596614617717402762e+00 -1.248604512213184747e-01 -1.248604512213185025e-01 -1.668884265829334709e-03
2.756000000000000000e+03 7.518748911471260499e+01 -1.908037388407772372e+00 -9.193191843692155585e-02 -1.908037388407772372e+00 -9.193191843692155585e-02 1.682437893209613122e+00 -9.566775683768666272e-02 -9.566775683768662109e-02 8.600288828226176907e-02
2.817000000000000000e+03 6.761017071301300518e+01 -1.621348124085959519e+00 -1.118127984890056048e-01 -1.621348124085959519e+00 -1.118127984890056048e-01 1.557317614706219322e+00 -5.213690714843744606e-02 -5.213690714843743218e-02 -2.984965398865938035e-01
2.878000000000000000e+03 6.242416756231163788e+01 -1.735431951000082407e+00 -2.520912420883181793e-01 -1.735431951000082407e+00 -2.520912420883181793e-01 1.644836392611900067e+00 -1.867355636070363450e-02 -1.867355636070364838e-02 -1.878253949205908879e-01
2.939000000000000000e+03 5.909259173764083073e+01 -1.824589812142915157e+00 1.826844390778525062e-01 -1.824589812142915157e+00 1.826844390778525062e-01 1.346052488945802983e+00 -1.997760040180008578e-01 -1.997760040180009411e-01 -5.887136630752904526e-02
3.000000000000000000e+03 5.692760262726219622e+01 -1.678992010146308500e+00 4.864059736626733660e-02 -1.678992010146308500e+00 4.864059736626733660e-02 9.422552856320990378e-01 1.185273552107106165e-01 1.185273552107106027e-01 -1.255928772896519052e-01
3.061000000000000000e+03 5.476828130710600817e+01 -1.457773738568292732e+00 1.941842483867498304e-01 -1.457773738568292732e+00 1.941842483867498304e-01 7.034748030386906992e-01 1.118296795142316447e-02 1.118296795142315059e-02 -1.121767604630722892e-01
3.122000000000000000e+03 5.203331123721081042e+01 -8.502338793376886805e-01 3.053284126614448368e-01 -8.502338793376886805e-01 3.053284126614448368e-01 1.039077239744531145e+00 -6.925137854510129976e-02 -6.925137854510128588e-02 -3.139039244107415250e-02
3.183000000000000000e+03 5.008532097407612582e+01 -7.879191649581734902e-01 -1.258017502489514050e-01 -7.879191649581734902e-01 -1.258017502489514050e-01 1.000786698781157558e+00 6.099971010639556462e-02 6.099971010639559932e-02 1.391130548789430710e-01
3.244000000000000000e+03 4.901366434198682498e+01 -7.925242923276825113e-01 -8.065745902124905886e-02 -7.925242923276825113e-01 -8.065745902124905886e-02 3.655537656531743784e-01 1.747894771781960399e-01 1.747894771781960399e-01 -2.357796688825624168e-02
3.305000000000000000e+03 4.859864567935951385e+01 -7.584834638550738140e-01 -1.198735655243158282e-01 -7.584834638550738140e-01 -1.198735655243158282e-01 4.072107728481624833e-01 -2.535531686120788830e-01 -2.535531686120787720e-01 -1.842017449700465992e-01
3.366000000000000000e+03 4.720091402145800430e+01 -6.142188664156404965e-01 -1.708156144906964602e-01 -6.142188664156404965e-01 -1.708156144906964602e-01 7.454033199329085368e-01 1.577873765295855213e-01 1.577873765295854935e-01 -3.605792148366198657e-01
3.447000000000000000e+03 4.606257536539190056e+01 -8.129200784224428489e-01 -8.942547028461625414e-02 -8.129200784224428489e-01 -8.942547028461625414e-02 3.713907046306668125e-01 -1.323652191033828085e-01 -1.323652191033828085e-01 2.195685579041001534e-01
3.548000000000000000e+03 4.511154818405956490e+01 -2.714154683765186982e-01 -1.475306896525366285e-02 -2.714154683765186982e-01 -1.475306896525366285e-02 -8.840930848955401433e-02 -1.654125102357549837e-01 -1.654125102357550114e-01 1.644601384294996638e-01
3.649000000000000000e+03 4.513302322279336920e+01 -2.928278758796765135e-01 3.686924340575915143e-02 -2.928278758796765135e-01 3.686924340575915143e-02 1.114951594701480281e-01 9.604502205755084676e-02 9.604502205755087452e-02 6.793198463800972919e-02
3.750000000000000000e+03 4.581752271054381964e+01 -2.526523796434867464e-01 8.028524077739673803e-02 -2.526523796434867464e-01 8.028524077739673803e-02 1.829228136835074903e-01 1.161947668485143886e-01 1.161947668485144580e-01 -2.601227289932617759e-01
3.851000000000000000e+03 4.586247916437037730e+01 -4.924313185128783577e-01 3.509384982417254606e-02 -4.924313185128783577e-01 3.509384982417254606e-02 -7.169250124324190454e-02 1.343140234037692726e-01 1.343140234037692449e-01 1.089685243003707255e-01
3.952000000000000000e+03 4.688113876058945806e+01 -4.490213412717505848e-01 -2.224092795318170779e-01 -4.490213412717505848e-01 -2.224092795318170779e-01 6.045158566515742571e-01 1.113806378149005821e-01 1.113806378149005821e-01 -7.381026144531832589e-02
4.053000000000000000e+03 4.738449512008843811e+01 -1.378677837665398358e-02 -2.851658593383118653e-02 -1.378677837665398358e-02 -2.851658593383118653e-02 -1.614545467294310754e-01 -2.153907965284870829e-01 -2.153907965284870829e-01 -6.404750687888083327e-02
4.154000000000000000e+03 4.898649083892942002e+01 1.857314134637101932e-01 1.822188697060129203e-01 1.857314134637101932e-01 1.822188697060129203e-01 1.041264945606410475e-01 -1.382388594967737250e-02 -1.382388594967737250e-02 3.469221066795903363e-01
4.255000000000000000e+03 5.003689189874188514e+01 -2.958832758554283959e-01 -3.480503904167314144e-01 -2.958832758554283959e-01 -3.480503904167314144e-01 1.847776551763428421e-01 2.847927373588390321e-01 2.847927373588389210e-01 -2.359584676631859279e-01
4.356000000000000000e+03 5.092389935194870532e+01 1.025516738786631937e-01 1.564044821502269533e-03 1.025516738786631937e-01 1.564044821502269533e-03 -3.098040083744350581e-01 1.443850257988107677e-01 1.443850257988107399e-01 -9.164904481017378535e-01
4.457000000000000000e+03 5.303425509380711844e+01 4.844092112875555967e-02 -9.627131973907178397e-02 4.844092112875555967e-02 -9.627131973907178397e-02 -9.707254643070597870e-04 -3.397633670193799249e-01 -3.397633670193798139e-01 -4.055861138147113798e-01
4.558000000000000000e+03 5.518869081461665616e+01 3.467857334578933193e-02 8.731809894478692602e-03 3.467857334578933193e-02 8.731809894478692602e-03 1.012411714593612233e+00 8.494168126988094203e-02 8.494168126988094203e-02 -7.709268680236975868e-01
4.659000000000000000e+03 5.615945930731871982e+01 -3.208532787149351861e-01 6.730434113002968510e-02 -3.208532787149351861e-01 6.730434113002968510e-02 -2.204026147630106791e-01 2.221796417462229556e-02 2.221796417462240658e-02 7.463452750222133725e-01
4.760000000000000000e+03 5.726275453202872967e+01 6.749123758222631553e-01 -5.244900587957416205e-01 6.749123758222631553e-01 -5.244900587957416205e-01 -4.057287072530290639e-01 1.518812469507203611e-01 1.518812469507205831e-01 -5.597677503913610630e-01
4.861000000000000000e+03 5.973148357505683492e+01 2.591282434582043992e-01 4.951811395961128737e-01 2.591282434582043992e-01 4.951811395961128737e-01 1.492025042048262140e+00 3.694610821413316093e-01 3.694610821413318313e-01 5.066829301520672235e-01
4.962000000000000000e+03 6.175866731706597790e+01 -6.917517538407332855e-01 -9.284682308087197078e-02 -6.917517538407332855e-01 -9.284682308087197078e-02 3.584647993930673571e-01 -8.479194458447893157e-02 -8.479194458447891769e-02 -9.048096809115974137e-01
5.063000000000000000e+03 6.406500647069375987e+01 -5.905118027491917942e-01 -7.379585317319867777e-01 -5.905118027491917942e-01 -7.379585317319867777e-01 -6.930927044385857272e-01 2.795026183918742912e-01 2.795026183918744578e-01 -1.248285268591990071e+00
5.164000000000000000e+03 6.547833025131770057e+01 5.988465215547936898e-02 -1.312215160806632364e+00 5.988465215547936898e-02 -1.312215160806632364e+00 1.961199961495417643e+00 2.115032132518264718e-01 2.115032132518264718e-01 4.248958854637699956e-01
5.265000000000000000e+03 6.606729858017078527e+01 3.043583063401621436e-01 -3.691878941853839469e-01 3.043583063401621436e-01 -3.691878941853839469e-01 7.834139974550009544e-01 4.966249854559166566e-01 4.966249854559167121e-01 -9.989156512280130684e-01
5.366000000000000000e+03 7.049507322307491108e+01 9.580168728738089889e-01 -8.465126578454476025e-01 9.580168728738089889e-01 -8.465126578454476025e-01 8.855954953583951295e-02 -1.137460245181360907e+00 -1.137460245181360685e+00 -8.786891119473818623e-01
5.467000000000000000e+03 7.152506110021785446e+01 4.281975463516936031e-01 1.826617567603413816e-01 4.281975463516936031e-01 1.826617567603413816e-01 -1.933431704516542560e+00 -5.387582834962466594e-01 -5.387582834962463263e-01 -2.247077566797567982e+00
5.568000000000000000e+03 7.276014664333401072e+01 3.020390545423401463e-01 -6.015809956575546291e-01 3.020390545423401463e-01 -6.015809956575546291e-01 -6.674845021156146085e-01 -4.778617400835397100e-01 -4.778617400835398765e-01 -2.290855558234996980e+00
5.669000000000000000e+03 7.644961078323376569e+01 1.409666269181970577e-01 -6.912304219755157630e-01 1.409666269181970577e-01 -6.912304219755157630e-01 -5.316052187266052664e-01 1.158596426998537154e+00 1.158596426998538043e+00 6.303249799494636818e-01
5.770000000000000000e+03 7.650191526682445442e+01 -1.494087541956975240e+00 2.124957369078074532e+00 -1.494087541956975240e+00 2.124957369078074532e+00 1.321797808381764139e-01 4.137101878109422093e-01 4.137101878109420983e-01 4.012007182688031470e+00
5.871000000000000000e+03 8.171861987569630514e+01 3.182813059835759573e-01 4.891218406447850331e-02 3.182813059835759573e-01 4.891218406447850331e-02 5.894321816107004341e-01 -2.696369032737025329e+00 -2.696369032737025773e+00 -3.672236268073531207e+00
