# l Dl_TT Dl_TE Dl_TB Dl_ET Dl_BT Dl_EE Dl_EB Dl_BE Dl_BB
7.050000000000000000e+01 1.893063393801904795e+03 -7.330649034873818692e+00 -2.340459185395676878e-01 -7.330649034873818692e+00 -2.340459185395676878e-01 3.413416836854468728e-01 8.642635887724515716e-05 8.642635887724521137e-05 8.188919376258279106e-03
1.065000000000000000e+02 2.918322259140420101e+03 -2.646064091400648977e+01 6.904542842714349593e-01 -2.646064091400648977e+01 6.904542842714349593e-01 8.400692337359664252e-01 4.095294709901252557e-03 4.095294709901251690e-03 -9.675033208719359054e-03
1.425000000000000000e+02 3.989427086526971834e+03 -4.317831377765115519e+01 1.980252693572592260e-01 -4.317831377765115519e+01 1.980252693572592260e-01 1.081422882076412684e+00 -1.614429896357191807e-02 -1.614429896357191113e-02 -7.495285169680284548e-03
1.785000000000000000e+02 5.207687013094728172e+03 -3.474576373924766415e+01 -9.229746041720544580e-01 -3.474576373924766415e+01 -9.229746041720544580e-01 8.404833730911412948e-01 8.599840566862309785e-03 8.599840566862314989e-03 4.693783086838794819e-03
2.145000000000000000e+02 5.743446738105123586e+03 6.113341476538954211e+00 -1.288540916527642910e-01 6.113341476538954211e+00 -1.288540916527642910e-01 8.411790203623583650e-01 5.430784897871108324e-03 5.430784897871107457e-03 1.401155868169971785e-02
2.505000000000000000e+02 5.557810701307550517e+03 6.683594467132627415e+01 -1.334379103588736459e-01 6.683594467132627415e+01 -1.334379103588736459e-01 2.501883440344156107e+00 -7.641620269596008722e-03 -7.641620269596008722e-03 1.787980798722376558e-02
2.865000000000000000e+02 4.583974513634319919e+03 1.125605387761199552e+02 5.757471723657275886e-01 1.125605387761199552e+02 5.757471723657275886e-01 6.927177411669458884e+00 2.121110041486361231e-02 2.121110041486362272e-02 1.711949259031327053e-02
3.225000000000000000e+02 3.289707051033726657e+03 1.149516281816910634e+02 3.637994214566901974e-01 1.149516281816910634e+02 3.637994214566901974e-01 1.323796785190426561e+01 6.012595621149392083e-02 6.012595621149394165e-02 9.560587995450800514e-03
3.585000000000000000e+02 2.331652846563704315e+03 7.762803383578513206e+01 2.135024949087062640e-01 7.762803383578513206e+01 2.135024949087062640e-01 1.934697419423885023e+01 -7.476223727326947177e-02 -7.476223727326945789e-02 4.515123714189538118e-02
3.945000000000000000e+02 1.803220692509974242e+03 8.277319884568736796e+00 -6.931053072954534988e-02 8.277319884568736796e+00 -6.931053072954534988e-02 2.200523812076052366e+01 4.595044139494927626e-02 4.595044139494929014e-02 3.843827922478173370e-02
4.305000000000000000e+02 1.791365713186926996e+03 -4.896737595840180290e+01 2.155836723771164531e-01 -4.896737595840180290e+01 2.155836723771164531e-01 1.864831572580766306e+01 6.742308952908646763e-03 6.742308952908646763e-03 6.364018407283746070e-02
4.665000000000000000e+02 2.142784757618557251e+03 -7.134792545653809270e+01 6.469461256841001484e-01 -7.134792545653809270e+01 6.469461256841001484e-01 1.325461489326765374e+01 -1.705922310821894952e-02 -1.705922310821894952e-02 4.901900827974634001e-02
5.025000000000000000e+02 2.446643023234435077e+03 -5.450803252678717570e+01 2.488241448929677802e-01 -5.450803252678717570e+01 2.488241448929677802e-01 8.102840497536087483e+00 -2.892544598632530717e-02 -2.892544598632527941e-02 7.013389600539168822e-02
5.385000000000000000e+02 2.591246498734039051e+03 -1.528117793761594001e+01 2.168396200589104983e-01 -1.528117793761594001e+01 2.168396200589104983e-01 7.425739239130497715e+00 -4.346917097687672676e-03 -4.346917097687679615e-03 3.026656889985138849e-02
5.745000000000000000e+02 2.415734950359990762e+03 2.306734230620870107e+01 2.958653450726156375e-03 2.306734230620870107e+01 2.958653450726156375e-03 1.307299428244528627e+01 9.551336002966551164e-03 9.551336002966552899e-03 6.760584811071826405e-02
6.105000000000000000e+02 2.116518284277788553e+03 2.556749664788759091e+01 3.562421657730180380e-01 2.556749664788759091e+01 3.562421657730180380e-01 2.282053190225115813e+01 2.531072435333566947e-02 2.531072435333563825e-02 9.457816861642159845e-02
6.465000000000000000e+02 1.850546721153172030e+03 -1.433295743796443489e+01 -4.095651702793565718e-01 -1.433295743796443489e+01 -4.095651702793565718e-01 3.255325681866326448e+01 3.624674786051911707e-02 3.624674786051908931e-02 6.649646788750612769e-02
6.825000000000000000e+02 1.864142022591527621e+03 -7.118252427650443792e+01 -9.388403324061345145e-01 -7.118252427650443792e+01 -9.388403324061345145e-01 3.783253626727781693e+01 -3.950517557458525786e-02 -3.950517557458524398e-02 1.148362590648840942e-01
7.185000000000000000e+02 1.964176066848507389e+03 -1.183048341806318575e+02 -8.008390643299472256e-01 -1.183048341806318575e+02 -8.008390643299472256e-01 3.495537558777328968e+01 6.543277239714392901e-02 6.543277239714394289e-02 7.793822090866603380e-02
7.545000000000000000e+02 2.252157233572120731e+03 -1.314356033523031613e+02 -3.901608672457515525e-01 -1.314356033523031613e+02 -3.901608672457515525e-01 2.697791274136857353e+01 -3.625279973340525541e-02 -3.625279973340526235e-02 1.563896112800580440e-01
7.905000000000000000e+02 2.462369059330335858e+03 -1.028723719337462228e+02 4.974904166984203679e-01 -1.028723719337462228e+02 4.974904166984203679e-01 1.773886879757116475e+01 -7.639505271294097510e-02 -7.639505271294091959e-02 5.569247891695606328e-02
8.265000000000000000e+02 2.505164095077112961e+03 -4.385393515307623602e+01 -5.540221034505169589e-02 -4.385393515307623602e+01 -5.540221034505169589e-02 1.280168821232924614e+01 1.081936799487386025e-01 1.081936799487386303e-01 8.843098014443777355e-02
8.625000000000000000e+02 2.311877382659520208e+03 1.696406902201513844e+01 6.031298972604115516e-01 1.696406902201513844e+01 6.031298972604115516e-01 1.515397264810851752e+01 1.612265264370639495e-01 1.612265264370638662e-01 1.196297172641919565e-01
8.985000000000000000e+02 1.923252421627312060e+03 5.265476901665660847e+01 3.356135446704685554e-01 5.265476901665660847e+01 3.356135446704685554e-01 2.327663440657407179e+01 2.876498280056129231e-02 2.876498280056127843e-02 1.203040602190030700e-01
9.345000000000000000e+02 1.512526458803620699e+03 4.939072057149560635e+01 -8.784277725088360800e-01 4.939072057149560635e+01 -8.784277725088360800e-01 3.438560952458588815e+01 -1.462924074018430165e-01 -1.462924074018430720e-01 1.180122643494490309e-01
9.705000000000000000e+02 1.204014090941076120e+03 1.680419512504110457e+01 6.287845335760012810e-01 1.680419512504110457e+01 6.287845335760012810e-01 4.117144762271558278e+01 -3.824381256648907296e-02 -3.824381256648906602e-02 1.145293450111882771e-01
1.006500000000000000e+03 1.072396157930825666e+03 -3.172182602322986611e+01 -3.200084550245954618e-02 -3.172182602322986611e+01 -3.200084550245954618e-02 4.138704446347950494e+01 -6.574841433436337534e-02 -6.574841433436337534e-02 1.324281613522026724e-01
1.042500000000000000e+03 1.091756392168913862e+03 -7.242109989385218682e+01 -5.057202498335529040e-01 -7.242109989385218682e+01 -5.057202498335529040e-01 3.532907737404568138e+01 -3.989859575804310943e-02 -3.989859575804312330e-02 4.375642912061797341e-02
1.078500000000000000e+03 1.169999346960608591e+03 -7.790529304477556138e+01 -2.064588683459512575e-01 -7.790529304477556138e+01 -2.064588683459512575e-01 2.545352423057448377e+01 7.237962281135702780e-02 7.237962281135700005e-02 1.297074132053121498e-01
1.114500000000000000e+03 1.227723889355035453e+03 -6.146740403746436243e+01 2.834296435773471790e-01 -6.146740403746436243e+01 2.834296435773471790e-01 1.736789621727339750e+01 -3.176147707899092815e-02 -3.176147707899090733e-02 5.061675720770740516e-02
1.150500000000000000e+03 1.231042633429528451e+03 -3.032384151608992084e+01 4.295443606194040420e-01 -3.032384151608992084e+01 4.295443606194040420e-01 1.337486841812772020e+01 1.116093133737637230e-02 1.116093133737637230e-02 1.736013750070513617e-01
1.186500000000000000e+03 1.115502431189436038e+03 -4.311113869740389681e+00 -2.092260192450313416e-01 -4.311113869740389681e+00 -2.092260192450313416e-01 1.557434624246541865e+01 -4.499668383740195593e-02 -4.499668383740195593e-02 1.544165498813147852e-01
1.222500000000000000e+03 9.510188051018781152e+02 4.290297159678948979e+00 2.652096960494108036e-01 4.290297159678948979e+00 2.652096960494108036e-01 2.132600974340873634e+01 -3.813319495698044154e-03 -3.813319495698051093e-03 5.333861909181161765e-02
1.258500000000000000e+03 8.209985447037630593e+02 -5.831909742148936537e+00 -3.199887048883498508e-02 -5.831909742148936537e+00 -3.199887048883498508e-02 2.771635724434736758e+01 8.927047415983467571e-02 8.927047415983464795e-02 1.056811216511670676e-01
1.294500000000000000e+03 7.365577517367519249e+02 -2.751311169002050150e+01 4.467701006542107445e-01 -2.751311169002050150e+01 4.467701006542107445e-01 3.013697212675682024e+01 -3.117879794724792014e-02 -3.117879794724791320e-02 9.492017305622894863e-02
1.330500000000000000e+03 7.385617001900513969e+02 -5.007607634450286582e+01 5.696876593184453386e-01 -5.007607634450286582e+01 5.696876593184453386e-01 2.837257443730860729e+01 3.713559390614900452e-02 3.713559390614898370e-02 -9.130871431225495022e-03
1.366500000000000000e+03 7.739107400215752932e+02 -5.946064533682863384e+01 -3.989692382944177163e-01 -5.946064533682863384e+01 -3.989692382944177163e-01 2.326295517351800157e+01 3.954442459364702206e-02 3.954442459364702900e-02 4.988912464153533177e-02
1.402500000000000000e+03 8.247596927203426276e+02 -5.320629819445370856e+01 4.508062019786046593e-01 -5.320629819445370856e+01 4.508062019786046593e-01 1.697103077282854500e+01 1.524700195808541443e-02 1.524700195808542484e-02 1.019697047479917462e-01
1.438500000000000000e+03 8.111094122050101305e+02 -3.441163479965668870e+01 -4.015305494325724922e-01 -3.441163479965668870e+01 -4.015305494325724922e-01 1.250077982554460654e+01 -4.701727579590680300e-02 -4.701727579590681688e-02 5.738426991166839519e-02
1.474500000000000000e+03 7.686287431140565332e+02 -1.288020637080682285e+01 -4.206665638988471567e-02 -1.288020637080682285e+01 -4.206665638988471567e-02 1.135414252397203150e+01 1.377222705868413194e-02 1.377222705868414582e-02 1.755733609948130491e-01
1.510500000000000000e+03 6.694753164931601077e+02 2.262550679948115651e+00 -9.259448543830088585e-02 2.262550679948115651e+00 -9.259448543830088585e-02 1.344682347405582767e+01 1.369250408761410465e-01 1.369250408761411020e-01 9.291725773926169663e-02
1.546500000000000000e+03 5.560662894450233580e+02 6.258220969534194822e+00 3.230315387795119064e-01 6.258220969534194822e+00 3.230315387795119064e-01 1.691513251392251860e+01 3.511641113569405337e-02 3.511641113569405337e-02 1.928710224385020988e-01
1.582500000000000000e+03 4.700142890395536597e+02 -2.962976992835085976e+00 4.197956413941408838e-02 -2.962976992835085976e+00 4.197956413941408838e-02 2.016129071159113195e+01 1.581669866793870838e-01 1.581669866793870560e-01 1.407353164155823455e-01
1.618500000000000000e+03 4.168411440136362671e+02 -1.375629008093371652e+01 2.542042547101621697e-01 -1.375629008093371652e+01 2.542042547101621697e-01 2.070135459667435995e+01 1.810275269441390805e-02 1.810275269441391152e-02 4.767949072425889563e-03
1.654500000000000000e+03 4.024373029710922083e+02 -2.582345048937655463e+01 -1.198665926130833975e-01 -2.582345048937655463e+01 -1.198665926130833975e-01 1.888098273172429487e+01 -4.933800647228080150e-02 -4.933800647228079456e-02 6.400166710120519520e-02
1.690500000000000000e+03 4.053218262023590910e+02 -3.002758493155418051e+01 2.573571344227501001e-01 -3.002758493155418051e+01 2.573571344227501001e-01 1.470291805838195032e+01 -1.080616983103125928e-01 -1.080616983103125373e-01 1.321972727238169554e-01
1.726500000000000000e+03 4.068559869273801155e+02 -2.696038210505013666e+01 8.631190466397965777e-02 -2.696038210505013666e+01 8.631190466397965777e-02 1.123517911554293569e+01 2.937049896664179621e-02 2.937049896664182397e-02 1.498787240303636192e-01
1.762500000000000000e+03 4.005751781176539907e+02 -1.829161734624228686e+01 2.424564012352133369e-01 -1.829161734624228686e+01 2.424564012352133369e-01 8.512234558177175003e+00 -3.869185490088176277e-02 -3.869185490088174195e-02 1.064056221330083457e-01
1.798500000000000000e+03 3.717529893449526526e+02 -1.007942451855037902e+01 2.263930705291518630e-01 -1.007942451855037902e+01 2.263930705291518630e-01 8.088547451853287384e+00 5.930399214303305744e-02 5.930399214303307825e-02 1.940935759389910142e-01
1.834500000000000000e+03 3.342257856577651864e+02 -5.117689181090357309e+00 2.750664289812919105e-01 -5.117689181090357309e+00 2.750664289812919105e-01 8.857211487601778899e+00 -1.000425492615510115e-02 -1.000425492615509768e-02 1.164514412492962392e-01
1.870500000000000000e+03 2.955777399026455896e+02 -4.872082770260428575e+00 -2.204299294911199469e-02 -4.872082770260428575e+00 -2.204299294911199469e-02 1.022580234600975757e+01 -2.518870349495379996e-02 -2.518870349495379996e-02 4.272014228322315588e-02
1.906500000000000000e+03 2.644391716263656349e+02 -8.939523554384205539e+00 4.370145348019993659e-01 -8.939523554384205539e+00 4.370145348019993659e-01 1.119867378446227058e+01 -1.135676950520367323e-02 -1.135676950520367497e-02 1.772524067921228963e-01
1.942500000000000000e+03 2.494579382670453640e+02 -1.430896507041018673e+01 -4.380482799695343266e-01 -1.430896507041018673e+01 -4.380482799695343266e-01 1.102192152234290923e+01 3.975017545046057033e-02 3.975017545046061196e-02 -6.310061663435941048e-02
1.978500000000000000e+03 2.483368505717309631e+02 -1.745302358156215661e+01 8.387842661690661505e-02 -1.745302358156215661e+01 8.387842661690661505e-02 9.859658992931020549e+00 -7.534833601578833084e-02 -7.534833601578835860e-02 3.897550600882099259e-02
2.014500000000000000e+03 2.500279884994375550e+02 -1.779181849514197467e+01 1.668847822004596027e-01 -1.779181849514197467e+01 1.668847822004596027e-01 7.972983588752517115e+00 2.596879255620145738e-02 2.596879255620145044e-02 -1.543153006572971220e-02
2.050500000000000000e+03 2.422923515307169851e+02 -1.450635529430834580e+01 -3.556298391532601577e-02 -1.450635529430834580e+01 -3.556298391532601577e-02 6.196783448172983988e+00 1.820311471616745114e-02 1.820311471616744420e-02 1.813236123994368676e-01
2.086500000000000000e+03 2.348820956969605334e+02 -9.089466525286063359e+00 -2.546210508467854350e-01 -9.089466525286063359e+00 -2.546210508467854350e-01 5.183827820503606354e+00 1.720642339482579553e-02 1.720642339482575389e-02 3.053242618596114285e-03
2.122500000000000000e+03 2.125715213532120345e+02 -5.278930980834914521e+00 -6.319976063054580373e-02 -5.278930980834914521e+00 -6.319976063054580373e-02 4.843614926414059774e+00 4.183951574317057442e-02 4.183951574317056749e-02 -1.134115533775144069e-01
2.158500000000000000e+03 1.874137783306630070e+02 -3.034891319705041113e+00 -5.629377932387735761e-02 -3.034891319705041113e+00 -5.629377932387735761e-02 5.261232612702233524e+00 -3.665916767103684359e-02 -3.665916767103684359e-02 7.415943968076020576e-02
2.207000000000000000e+03 1.597751365767056484e+02 -3.562754425982378237e+00 -1.159191620616171481e-01 -3.562754425982378237e+00 -1.159191620616171481e-01 5.914254633406900830e+00 -4.743890714133341263e-02 -4.743890714133341957e-02 -7.306080011604239310e-02
2.268000000000000000e+03 1.410481247622763021e+02 -6.534420301133756936e+00 1.516525827722431941e-01 -6.534420301133756936e+00 1.516525827722431941e-01 5.758053786522372874e+00 6.536445093188969491e-02 6.536445093188969491e-02 1.010394108679586733e-01
2.329000000000000000e+03 1.334489462515860794e+02 -7.953076829959146998e+00 1.067277568958846373e-01 -7.953076829959146998e+00 1.067277568958846373e-01 4.196576334645749640e+00 -8.861578225252297880e-02 -8.861578225252297880e-02 -6.407975436973399955e-03
2.390000000000000000e+03 1.263296390206205615e+02 -5.887105978907671400e+00 1.396480039786308636e-01 -5.887105978907671400e+00 1.396480039786308636e-01 3.199422544603772511e+00 -1.711379992658847715e-01 -1.711379992658846882e-01 -1.568359505903906270e-01
2.451000000000000000e+03 1.134152413172157594e+02 -3.643355946033789650e+00 -3.270511296666725465e-02 -3.643355946033789650e+00 -3.270511296666725465e-02 2.843683220476883378e+00 -7.985600553180940975e-03 -7.985600553180947914e-03 -1.069902413608710690e-01
2.512000000000000000e+03 9.929338218713995445e+01 -3.233712995040687765e+00 2.290499825437274095e-02 -3.233712995040687765e+00 2.290499825437274095e-02 3.011376954440685871e+00 -1.382356129088055663e-01 -1.382356129088055385e-01 -9.140341421498471286e-02
2.573000000000000000e+03 9.093289995898655320e+01 -3.835628429832671493e+00 1.810451203724184124e-02 -3.835628429832671493e+00 1.810451203724184124e-02 2.597299570188366324e+00 -1.085272110526656203e-02 -1.085272110526658285e-02 -4.379894679793744361e-02
2.634000000000000000e+03 8.695093157340380685e+01 -4.216076256319476911e+00 6.784040077169889438e-02 -4.216076256319476911e+00 6.784040077169889438e-02 2.349951072809842945e+00 -1.258844156356310751e-01 -1.258844156356310751e-01 1.325153812815569321e-01
2.695000000000000000e+03 8.245860651921144324e+01 -3.381286168049952412e+00 2.100465621127255988e-01 -3.381286168049952412e+00 2.100465621127255988e-01 1.783868710960243575e+00 9.776085139757342835e-02 9.776085139757346998e-02 4.778065949700654319e-02
2.756000000000000000e+03 7.619171758202750766e+01 -2.064052136057901166e+00 4.602308478292550104e-02 -2.064052136057901166e+00 4.602308478292550104e-02 1.658940905233219798e+00 -1.340623818169884574e-01 -1.340623818169884296e-01 1.011969091655201200e-02
2.817000000000000000e+03 6.756367116252970106e+01 -1.541454394547294493e+00 -2.170525490497980103e-01 -1.541454394547294493e+00 -2.170525490497980103e-01 1.488785040641069202e+00 -8.754323380402186106e-02 -8.754323380402183330e-02 1.231083387909664567e-01
2.878000000000000000e+03 6.182936792348121458e+01 -1.501809893276282448e+00 -2.338368012858035860e-02 -1.501809893276282448e+00 -2.338368012858035860e-02 1.400765084071998734e+00 2.834027141002809502e-01 2.834027141002810057e-01 -8.958093461217447873e-02
2.939000000000000000e+03 5.919396727776401690e+01 -2.029482213277389313e+00 -2.204866365123084662e-02 -2.029482213277389313e+00 -2.204866365123084662e-02 1.527397154294410031e+00 2.159425272989106553e-03 2.159425272989111758e-03 -2.496634667461543056e-01
3.000000000000000000e+03 5.716434457442402817e+01 -1.775080654168747163e+00 2.088267414260325250e-01 -1.775080654168747163e+00 2.088267414260325250e-01 9.396927292886431138e-01 1.946559109237385454e-01 1.946559109237385454e-01 5.551821262756945208e-02
3.061000000000000000e+03 5.506233545483481606e+01 -1.188104377766459718e+00 -1.490874083851306819e-01 -1.188104377766459718e+00 -1.490874083851306819e-01 6.192664304500780093e-01 4.921637671675350989e-02 4.921637671675350989e-02 4.844773857777746051e-01
3.122000000000000000e+03 5.243493878635680261e+01 -9.559324334452008465e-01 -2.971732069989798525e-02 -9.559324334452008465e-01 -2.971732069989798525e-02 8.606119698971024246e-01 -3.323380138920897786e-02 -3.323380138920897092e-02 -2.819308150038130623e-01
3.183000000000000000e+03 5.025005710231872769e+01 -1.065420377802963170e+00 -1.067174671267823172e-01 -1.065420377802963170e+00 -1.067174671267823172e-01 1.049589832402713974e+00 -2.360294462529309856e-01 -2.360294462529309023e-01 -2.733809180193277344e-01
3.244000000000000000e+03 4.924923485335212803e+01 -8.180789042465947958e-01 7.652771471301587219e-03 -8.180789042465947958e-01 7.652771471301587219e-03 5.849014441723633384e-01 -5.193842134000015154e-01 -5.193842134000014044e-01 3.845067874017979448e-01
3.305000000000000000e+03 4.821415116318360106e+01 -8.426225078040803229e-01 1.835125429332957747e-01 -8.426225078040803229e-01 1.835125429332957747e-01 6.443583165034733051e-02 1.018545894718243666e-01 1.018545894718243805e-01 1.910524291317890755e-01
3.366000000000000000e+03 4.776784385034201819e+01 -5.369487456189078189e-01 1.819841318935620511e-01 -5.369487456189078189e-01 1.819841318935620511e-01 3.998443686195964908e-01 -1.257006347864029205e-01 -1.257006347864028928e-01 -3.269364171852582879e-01
3.447000000000000000e+03 4.592666080547450491e+01 -5.243923838717934327e-01 -2.391456304914796327e-01 -5.243923838717934327e-01 -2.391456304914796327e-01 3.440645508754496817e-01 7.165331465989989435e-02 7.165331465989989435e-02 -1.245829402528726010e-03
3.548000000000000000e+03 4.558450805246576465e+01 -5.332399867657071635e-01 2.454830894490265536e-01 -5.332399867657071635e-01 2.454830894490265536e-01 5.458533584660050231e-01 5.921819694070745710e-02 5.921819694070744322e-02 -8.906069199183422325e-02
3.649000000000000000e+03 4.561717979073703333e+01 -1.588516730102406127e-01 -1.943661706195358718e-01 -1.588516730102406127e-01 -1.943661706195358718e-01 2.304052367273888013e-01 7.296432833387114791e-02 7.296432833387116179e-02 1.601395220375036732e-01
3.750000000000000000e+03 4.573458021981323185e+01 -4.701152475475373627e-01 -1.217076138840714472e-01 -4.701152475475373627e-01 -1.217076138840714472e-01 2.736095206060269042e-02 -7.296465425154641249e-02 -7.296465425154649576e-02 -6.271394861555182332e-02
3.851000000000000000e+03 4.601730056855226536e+01 -1.733635329926788704e-02 7.240495131158823650e-02 -1.733635329926788704e-02 7.240495131158823650e-02 2.643144070534936274e-01 6.763656150998009764e-02 6.763656150998008376e-02 3.202723621057242953e-01
3.952000000000000000e+03 4.634736086335763616e+01 -3.138754259405116542e-01 9.065452771017976086e-02 -3.138754259405116542e-01 9.065452771017976086e-02 5.782233480340475129e-01 4.750401167394302515e-01 4.750401167394304736e-01 1.053955485201228948e-01
4.053000000000000000e+03 4.774260686281049004e+01 -2.400888203814004473e-01 1.106038585010712394e-01 -2.400888203814004473e-01 1.106038585010712394e-01 -3.007088598624804016e-02 -6.387575089861146083e-01 -6.387575089861146083e-01 3.095417125873958231e-01
4.154000000000000000e+03 4.925269152143657436e+01 -1.210535420424992681e-01 -2.589304179685453233e-01 -1.210535420424992681e-01 -2.589304179685453233e-01 -8.038074975913869213e-01 -2.550075297185217527e-01 -2.550075297185218082e-01 3.249818188142190589e-01
4.255000000000000000e+03 4.990083230290677818e+01 1.840400443715523027e-01 -2.463211465395076516e-01 1.840400443715523027e-01 -2.463211465395076516e-01 3.092413231140408447e-01 6.182889800286379689e-01 6.182889800286378579e-01 -3.644755304192403567e-01
4.356000000000000000e+03 5.184989763831318044e+01 3.534821815142746293e-01 1.091327233861383583e-01 3.534821815142746293e-01 1.091327233861383583e-01 6.441205685201381592e-02 -5.589534520994846600e-01 -5.589534520994846600e-01 1.333706582441483435e-01
4.457000000000000000e+03 5.274296087893330309e+01 1.736040599007516727e-01 1.751888797906474282e-01 1.736040599007516727e-01 1.751888797906474282e-01 6.307061809560339238e-01 4.714225442086414919e-01 4.714225442086414364e-01 6.789058200693658118e-02
4.558000000000000000e+03 5.441839865258940279e+01 -7.358312851676104271e-01 -1.945808667043189000e-02 -7.358312851676104271e-01 -1.945808667043189000e-02 2.065455159308506872e-01 2.870544819518937585e-01 2.870544819518937585e-01 -4.176914155118333083e-02
4.659000000000000000e+03 5.586542095599160263e+01 5.477827190467460250e-02 3.996650166353257205e-01 5.477827190467460250e-02 3.996650166353257205e-01 -1.092893336545725236e-01 3.572530864086097546e-01 3.572530864086098101e-01 -6.097647510917792585e-02
4.760000000000000000e+03 5.867986979110592927e+01 -6.518816935757881792e-02 3.164882204769263185e-01 -6.518816935757881792e-02 3.164882204769263185e-01 7.104923091860210205e-01 -1.823952742266436444e-01 -1.823952742266435889e-01 -8.150685564287032392e-01
4.861000000000000000e+03 5.901877210644585858e+01 -1.146282245345364298e-01 -6.838688279503488121e-02 -1.146282245345364298e-01 -6.838688279503488121e-02 9.656149162170731826e-01 -4.323170559158774351e-01 -4.323170559158776571e-01 -8.961360074934263675e-01
4.962000000000000000e+03 6.036893525307506536e+01 -2.992043560991696771e-01 2.571251440392341991e-01 -2.992043560991696771e-01 2.571251440392341991e-01 -6.667629682488490639e-01 5.222367072032267910e-01 5.222367072032270130e-01 -4.979798653156050081e-01
5.063000000000000000e+03 6.311634319455875186e+01 -6.809183458223567742e-01 8.716765665202395041e-01 -6.809183458223567742e-01 8.716765665202395041e-01 -5.868226891000062340e-01 9.530836771031083732e-01 9.530836771031084842e-01 -3.498986474498971821e-02
5.164000000000000000e+03 6.470384201290457327e+01 -2.337252848323810306e-01 4.307790593694270642e-01 -2.337252848323810306e-01 4.307790593694270642e-01 -1.247665737480811554e+00 -7.120675189174028308e-01 -7.120675189174027198e-01 2.067039428948090229e+00
5.265000000000000000e+03 6.828564245540404443e+01 -3.049455215041813050e-01 -1.026447883777640735e+00 -3.049455215041813050e-01 -1.026447883777640735e+00 -2.139442845924759862e+00 -3.971514843389615801e-01 -3.971514843389616356e-01 -2.367422932742687891e+00
5.366000000000000000e+03 6.942630444736973061e+01 5.983659188493473113e-01 -1.865966154285239487e+00 5.983659188493473113e-01 -1.865966154285239487e+00 2.018364848454540894e+00 -1.148863993502530434e+00 -1.148863993502530212e+00 1.336662282428131787e+00
5.467000000000000000e+03 7.078497739316617299e+01 -3.976027418041357953e-01 -1.789800809749492183e-01 -3.976027418041357953e-01 -1.789800809749492183e-01 -6.578348053700901199e-02 1.245039394261717947e+00 1.245039394261717725e+00 9.892851032890753737e-01
5.568000000000000000e+03 7.422664056009452338e+01 -1.705070625989978605e+00 7.013249666780250191e-01 -1.705070625989978605e+00 7.013249666780250191e-01 8.875950729191098842e-01 1.337132340889964244e+00 1.337132340889964910e+00 -2.700064415302987908e-01
5.669000000000000000e+03 7.464345600566790040e+01 1.401804629487195530e+00 -5.734306506664199610e-01 1.401804629487195530e+00 -5.734306506664199610e-01 1.931846750110214783e+00 -6.748524289940464049e-01 -6.748524289940464049e-01 1.505935901873937666e-01
5.770000000000000000e+03 7.917493994388324552e+01 7.371793548945978491e-01 -9.023238316851527330e-01 7.371793548945978491e-01 -9.023238316851527330e-01 1.917812120430453682e+00 -6.736554039266056115e-01 -6.736554039266058336e-01 -9.672966720753353731e-02
5.871000000000000000e+03 8.279641117114074689e+01 1.899274340511148407e-01 -9.105442123674982735e-01 1.899274340511148407e-01 -9.105442123674982735e-01 7.215398883486716652e-01 -4.083668292560580504e-01 -4.083668292560584945e-01 3.103769812843377274e+00
