# l Dl_TT Dl_TE Dl_TB Dl_ET Dl_BT Dl_EE Dl_EB Dl_BE Dl_BB
7.050000000000000000e+01 1.730091628688703622e+03 -5.363383903624984406e+00 2.834934511055753337e+00 1.414537711066924608e+00 5.235495323643689858e+00 3.341384128482712823e-01 -3.770003991819859818e-03 1.380728448572508121e-02 6.916443640157036304e-03
1.065000000000000000e+02 2.920833313547139369e+03 -2.679901201679080458e+01 1.973623072225977326e+00 -2.393424883775139733e+01 2.709083524074316074e-01 8.470619368288385687e-01 3.209984052322124859e-03 -1.880317792334726314e-03 1.465679721987077355e-02
1.425000000000000000e+02 3.943572014900792510e+03 -4.188894091747314974e+01 -1.528479211738446697e+00 -4.308108838266927876e+01 -3.292249008075438521e-01 1.105068489515148356e+00 3.582723024429379510e-02 -6.751273731299339137e-03 6.537754286060498687e-02
1.785000000000000000e+02 5.131723812660538897e+03 -3.729019874835077530e+01 5.294770972396605213e-01 -3.639644214727384508e+01 -3.861056719401492754e-01 7.915892983642576208e-01 4.726191030113822272e-02 -6.738161724434409486e-03 1.972420736434082889e-02
2.145000000000000000e+02 5.768932493445407090e+03 4.071546722925306838e+00 2.291479579955495449e+00 6.414089822598448620e+00 -1.140415146012592640e+00 8.102480574719066464e-01 -8.712913304141232246e-03 1.432353320503892101e-02 3.204333892761962455e-02
2.505000000000000000e+02 5.581257858659715566e+03 7.030011276830725819e+01 -1.528580099234042589e-01 7.119103884565757312e+01 4.587795395082008287e-01 2.688934954530213695e+00 -5.179836374395298260e-02 2.803652718255622567e-02 1.194228647279481012e-02
2.865000000000000000e+02 4.415022366703893567e+03 1.050172684259929952e+02 8.982607728750979792e-01 1.055881998342219106e+02 -4.657572086954444579e-01 6.727850551466195483e+00 -1.834332945863729331e-02 2.122603541079049957e-02 9.929315093515195256e-02
3.225000000000000000e+02 3.238084784002087872e+03 1.139612109413322969e+02 -9.508089400769716981e-01 1.141501614562428273e+02 3.407927390627459863e-01 1.285943168691961702e+01 2.242557287578011982e-02 5.934327684436023140e-03 7.934201196495425934e-02
3.585000000000000000e+02 2.297450892933428804e+03 7.630331016422866242e+01 -2.457597857046859846e-01 7.396266479503968583e+01 -3.267288768610763228e-01 1.942033076766045951e+01 -1.973560478391990225e-01 -2.632815817421423066e-02 6.951592636626155799e-03
3.945000000000000000e+02 1.742673536500810087e+03 1.418385775436950169e+01 4.754425998347359683e-01 1.281804232620602946e+01 -6.127179778093413409e-01 2.179273891954242259e+01 -3.901310280379712836e-01 6.408996956705712011e-02 -7.588024313924471992e-03
4.305000000000000000e+02 1.774883120263282763e+03 -5.139161822762960696e+01 3.033570242841410747e-01 -5.290475929494311913e+01 -2.777201761370651223e-01 1.878326090249512959e+01 4.963139362486086031e-02 4.113930968468175464e-03 7.091806458260162260e-02
4.665000000000000000e+02 2.097142256303542581e+03 -7.195846214753930781e+01 -4.633743054564394281e-01 -7.301014587662990607e+01 -4.448269315249791522e-01 1.320709094967069319e+01 1.094633350935695359e-01 -5.355073759035136605e-02 5.395155181506890163e-02
5.025000000000000000e+02 2.504999984257390679e+03 -5.854678112744701934e+01 -8.057284269228692786e-02 -5.502887192881372869e+01 3.344497769297252732e-01 8.235293810427151584e+00 5.849162941590778375e-02 7.286293130629244510e-03 3.551414834309361140e-02
5.385000000000000000e+02 2.628149072772233012e+03 -1.215321007316764224e+01 1.122165265289650549e+00 -1.307614560650267066e+01 3.705557923120879060e-01 7.503647181450325832e+00 -2.955375379337858016e-02 -5.261366147775393964e-02 1.452173920398785734e-01
5.745000000000000000e+02 2.443482113544456297e+03 2.244405082542558105e+01 4.632488037962371186e-01 2.392493656008122471e+01 2.659935068453385121e-01 1.281334018823573118e+01 1.266551855599709064e-01 7.371747601315269821e-03 5.193153557738103276e-02
6.105000000000000000e+02 2.094838698372841009e+03 2.470302255477754727e+01 1.123248392882457480e+00 2.480596834345649171e+01 7.570117900358226404e-01 2.334550520312976118e+01 -8.175360212023149997e-02 -6.868046231251920264e-02 6.846256306624165511e-02
6.465000000000000000e+02 1.858040683542901661e+03 -7.595347986545744945e+00 -1.861336394185773679e+00 -6.572078293615710720e+00 8.797141546129327860e-01 3.197021054342539870e+01 -4.120021218176714295e-01 -4.173835647078807942e-03 1.585961828396129647e-01
6.825000000000000000e+02 1.829847868900900721e+03 -7.022647418263520080e+01 1.890684758960335499e+00 -6.982980969357009826e+01 -1.775300747698700665e-01 3.768675607394290950e+01 -1.755374458342139898e-01 -3.312995554493256695e-02 4.322964101418960703e-02
7.185000000000000000e+02 1.977678671424072490e+03 -1.165392738388563885e+02 -1.662700802460681526e-02 -1.145881676071858379e+02 7.215763632272610695e-02 3.469191237588552212e+01 -6.491124947717336058e-03 -5.962046139305865466e-02 1.404840850185850309e-01
7.545000000000000000e+02 2.285204474466887405e+03 -1.328462310907827089e+02 -3.702673171687221876e-01 -1.335482020101265448e+02 -4.860168252998572358e-01 2.666855608584605974e+01 -1.175085687386487610e-01 -1.208847139772739609e-02 1.882717595590073512e-01
7.905000000000000000e+02 2.506185931000898108e+03 -1.032344140597227096e+02 -9.274057423809745071e-01 -1.043553903581451152e+02 2.761696222731568895e-01 1.781556238029808270e+01 1.447345020304056928e-01 1.443895263480835522e-01 1.396731986459243680e-01
8.265000000000000000e+02 2.509307158622807492e+03 -4.436021732273664497e+01 5.236993216921006500e-01 -4.475569030960279804e+01 2.984032583345209710e-01 1.269346766714080488e+01 1.355185091498583572e-01 -8.203705076140786756e-02 1.350558542469720291e-01
8.625000000000000000e+02 2.283145672769891917e+03 1.932423157644772260e+01 -4.649836813868819529e-01 1.934533694129058290e+01 9.272019251049612443e-02 1.510378092374502401e+01 -1.482625906515084580e-01 2.239185225471592572e-02 -2.923767974404902284e-02
8.985000000000000000e+02 1.931565318764941139e+03 5.591553173746217453e+01 -7.692882484106964291e-01 5.410129977399318335e+01 -8.485381735373365153e-02 2.367998457245295896e+01 -3.624123039019765818e-02 4.420040915345764543e-03 6.264443837793150227e-02
9.345000000000000000e+02 1.511469676602808477e+03 5.224567662822732217e+01 1.993501006203638237e+00 5.229425573860639531e+01 6.785525657437595504e-01 3.437349774370150612e+01 -1.302962044809238551e-01 -1.165396523887666236e-01 1.089999912087986078e-01
9.705000000000000000e+02 1.189872605355141332e+03 1.707898068610823117e+01 -1.186449020105555530e+00 1.722176619393450636e+01 -1.954747404458684612e-01 4.059594749796445967e+01 2.997449734629685225e-01 4.078926539917529515e-02 1.176261398594685877e-02
1.006500000000000000e+03 1.048849324258951583e+03 -3.140078978017958988e+01 -9.639923130680805308e-02 -3.165198427004332871e+01 -8.919995377202291076e-01 4.204902163457367692e+01 7.843704640692517049e-02 -4.523755302821702573e-03 6.445239755743585597e-02
1.042500000000000000e+03 1.077030537671343609e+03 -6.919287602199622711e+01 8.078358637367835104e-01 -6.861651502481532816e+01 -1.601311695224552356e-01 3.504447463225449155e+01 1.978008746118413708e-01 1.581590510665357718e-01 1.750534049433426775e-01
1.078500000000000000e+03 1.169798906915075577e+03 -7.738110799985385313e+01 1.203171205428067658e+00 -7.603222370260243679e+01 4.056599402113468811e-01 2.529477030513030655e+01 2.409151700276294661e-01 -9.766714095507745066e-03 8.533809697208316614e-02
1.114500000000000000e+03 1.253828046088207657e+03 -5.953383384797743361e+01 -6.835941119233007734e-01 -6.047846755477829817e+01 2.704355138394157199e-01 1.699854453125618647e+01 -8.608767754550857021e-02 -1.895600962899334774e-01 2.120451978697851514e-01
1.150500000000000000e+03 1.218435859969119292e+03 -3.009496478242833462e+01 -1.478978656613423592e-01 -3.054529117488633716e+01 9.245630154219419694e-02 1.363840593780441779e+01 -3.740750043806062575e-02 7.641998322343651617e-02 1.381660919072765781e-01
1.186500000000000000e+03 1.100026328620107734e+03 -3.528060003715880466e+00 4.748704693319300008e-01 -2.439962674306384471e+00 -2.030516933931979240e-01 1.548155145237446284e+01 -1.790826224761546126e-01 1.553866813987173773e-02 1.400408838351283880e-01
1.222500000000000000e+03 9.680803115568421617e+02 5.435523751301624351e+00 -1.506742529828376309e+00 6.912515400063659499e+00 -1.028105670401588678e-01 2.151696479193671863e+01 1.083186627263738600e-01 -4.015273276303937822e-02 1.279088639546421269e-01
1.258500000000000000e+03 8.103209626496870897e+02 -3.638696618182486464e+00 5.085650147194324955e-01 -4.754330776983531237e+00 9.108393255334867877e-01 2.764826009109932414e+01 7.403971815119884947e-02 -1.333636116443133179e-01 2.726198613745350538e-04
1.294500000000000000e+03 7.386681188400443716e+02 -2.977649709506186326e+01 -1.307946782340082104e+00 -2.752556451551043892e+01 -5.974213451750387538e-01 3.028775646528136889e+01 2.484113305514999981e-01 1.224560344807883450e-01 2.383733211008199487e-03
1.330500000000000000e+03 7.167261620566437159e+02 -4.940859464464246287e+01 5.518092807345266193e-01 -5.000549882136699864e+01 9.742826629255192383e-01 2.868969156175135993e+01 -4.175451564030850660e-02 -5.072915309388718874e-02 8.146047429714055321e-02
1.366500000000000000e+03 7.841183399244348493e+02 -6.017195934291696346e+01 -5.820832073179059707e-01 -6.119589005974739848e+01 -3.492571312178655574e-01 2.302627984155452623e+01 -9.590293946400299530e-02 1.435176990398057129e-02 1.013782741733226939e-01
1.402500000000000000e+03 8.173987390905177790e+02 -5.512599926742630885e+01 -1.228760127289896920e+00 -5.489080531042566236e+01 -4.058551489682510338e-01 1.734083158349044851e+01 -2.430177913351037611e-01 6.439444119424372892e-02 -2.869287156245195480e-02
1.438500000000000000e+03 8.189286221536294761e+02 -3.493058212832707454e+01 5.556715105282449274e-01 -3.470752480490388336e+01 9.708232003490465667e-01 1.227382008806966240e+01 8.905983015012298998e-02 -2.032410227961176652e-01 -2.429868195300653733e-02
1.474500000000000000e+03 7.610051187918296591e+02 -1.324875288884308588e+01 8.693478946120480888e-01 -1.272330716236772474e+01 -9.837401838489598371e-02 1.169608806339397944e+01 -1.032034515337749703e-01 2.283581678785492897e-02 1.250029712520799030e-02
1.510500000000000000e+03 6.630604813177430970e+02 2.101250621260848384e+00 1.094390995039761449e+00 2.109330603953919692e+00 2.448456164550630310e-01 1.348728969748463768e+01 9.956430070794834719e-02 2.872595793295377176e-01 9.702415199746880492e-02
1.546500000000000000e+03 5.535399446990337537e+02 5.800629721705568898e+00 -9.830000465945053501e-01 6.964906324940098870e+00 -3.927919050048822580e-02 1.690668197407740436e+01 -4.724000931799824943e-01 -1.213470965637122589e-01 2.454837524208584032e-01
1.582500000000000000e+03 4.660152727539634725e+02 -2.551591180193651276e+00 5.219684356629624711e-01 -6.196152078130013896e-01 2.180762700332374293e-01 1.975114952788327116e+01 -2.126535161975165178e-01 -1.829512749697587426e-01 1.543281387447099084e-01
1.618500000000000000e+03 4.103612638087702180e+02 -1.406651220822240234e+01 -2.504316051924768693e-01 -1.342114255741248918e+01 2.595718202661755902e-01 2.058073633908777822e+01 -1.896112221861599029e-02 2.763443398271163698e-01 -1.999181571879116159e-02
1.654500000000000000e+03 3.976754629235988432e+02 -2.411449493849631409e+01 -5.047904157919527179e-01 -2.523955955642538385e+01 3.180063432273368962e-01 1.814789758061841241e+01 1.702835733271197000e-02 -1.684325816926072750e-01 1.339064385956918179e-01
1.690500000000000000e+03 3.998553030297944133e+02 -2.960609042671931945e+01 -1.029756487230061968e+00 -2.926400431847902794e+01 4.599189835285176775e-01 1.478227445189063083e+01 -2.394835464906807376e-01 -5.761891396390519948e-02 3.718781445751206255e-02
1.726500000000000000e+03 4.094803929890622385e+02 -2.657754861142137059e+01 1.664549050664728913e+00 -2.707342325995456278e+01 4.577949325164648031e-01 1.081682221879185590e+01 -3.638530316935320030e-01 -1.607934133720091974e-01 2.645697294923810006e-01
1.762500000000000000e+03 3.954966126899569190e+02 -1.941531078715575731e+01 -1.209748047411679073e+00 -1.789770302787322365e+01 -2.667242915862068631e-01 8.253585788851667715e+00 -1.106338128903311679e-01 9.690269525061631639e-02 -6.763339761271044970e-02
1.798500000000000000e+03 3.684643014667127545e+02 -1.017848134402168370e+01 -8.710521567994966574e-01 -1.084468402037897583e+01 3.550392750490439786e-01 7.901182022721751963e+00 -2.205734732703280507e-02 6.904614452784102463e-02 3.555936448633204572e-01
1.834500000000000000e+03 3.251724554295809639e+02 -5.168020656888550945e+00 1.957241606232286157e-01 -5.798695717006131289e+00 6.253889175798241218e-02 8.424993149398261494e+00 -1.250108773938836682e-01 -5.306998774903734506e-02 8.455722338742596711e-02
1.870500000000000000e+03 2.878535153827908175e+02 -7.164265852013720348e+00 -6.845607157703392787e-01 -5.409357169111125963e+00 -1.064718838559699926e-01 9.949350366934453405e+00 -3.107422287927024893e-02 5.973711797307849208e-02 -5.793781465279332354e-02
1.906500000000000000e+03 2.519234790498105383e+02 -1.040355905056804176e+01 5.934960679298240116e-01 -9.490458766499354937e+00 -1.005747024145158708e+00 1.125064631866310982e+01 1.018528800334207590e-01 1.560841622110040738e-01 6.834234986666856693e-02
1.942500000000000000e+03 2.428496023672161925e+02 -1.410749565276203654e+01 -2.129187787060783377e-01 -1.436443335387097520e+01 2.578234917580155550e-01 1.065826377020489346e+01 -3.987441166674486615e-02 -3.022376748528492196e-02 -1.515338663334636071e-01
1.978500000000000000e+03 2.401148139073188190e+02 -1.857794710492679258e+01 -1.452641648351710169e-01 -1.772579076132618425e+01 -3.191321124169733681e-01 9.893587697527877367e+00 3.399036689447754167e-01 -1.317333340743054582e-01 1.895186038078655044e-01
2.014500000000000000e+03 2.414493404002863599e+02 -1.793156166088942882e+01 5.268269210647564815e-01 -1.684080262841074926e+01 4.119341851643651964e-01 7.839129922509808779e+00 2.750981152416454023e-03 -6.989928694715702440e-02 1.814312353740836770e-01
2.050500000000000000e+03 2.329617972059413091e+02 -1.556163436303189584e+01 3.061346917382746780e-01 -1.317953264654021339e+01 3.180694297568136264e-01 6.404324685070115208e+00 -3.014040789680491605e-02 -1.829619660774825518e-01 3.317241603874793721e-01
2.086500000000000000e+03 2.215124236116459429e+02 -9.290303326118518612e+00 -8.852409514306858185e-01 -1.016625924175782636e+01 1.550898216342105548e-02 5.252575052641301312e+00 1.660523458690676968e-01 -1.068430875336994212e-01 2.667269494339830072e-01
2.122500000000000000e+03 2.019604135332459123e+02 -4.094566587178720241e+00 -1.550598848516072659e+00 -5.664556166190674702e+00 -1.878258091613433656e-01 5.062522119981477609e+00 5.049758710420593211e-02 -9.219028405404090798e-02 -1.317775824318253020e-01
2.158500000000000000e+03 1.806435604983308849e+02 -3.525807194962578883e+00 6.198587960924453188e-01 -2.595156479099701929e+00 -6.454588445299771493e-01 5.481250128235186203e+00 1.779454707051064122e-01 1.057386366255436139e-01 1.519079691911877639e-01
2.207000000000000000e+03 1.518485634527925754e+02 -3.842599918837063200e+00 -1.140364821250853533e-01 -3.360516413006116920e+00 6.083522356611328896e-02 6.004808602550767205e+00 -9.425445708828805724e-02 -7.194827258766579858e-02 -1.984280203104948348e-01
2.268000000000000000e+03 1.293421363829759230e+02 -6.356337963967057192e+00 1.220399700923446573e-01 -7.063423380366343984e+00 2.501663502065387679e-02 5.777938324953152183e+00 -4.329402171103170771e-02 1.660088805648561594e-02 1.769891001608880562e-02
2.329000000000000000e+03 1.259919726457490015e+02 -8.458817150393297624e+00 -8.556929399287455107e-03 -7.891681947979375167e+00 1.904026421982462636e-01 4.278449793346394969e+00 -3.315185303195403721e-01 -1.983109622916101045e-01 2.148955877817861071e-01
2.390000000000000000e+03 1.171539443490590031e+02 -6.528420765224749900e+00 6.911222809325348604e-02 -5.489528574660188731e+00 -2.377259711561839906e-01 3.269855452477653301e+00 1.166125545956882142e-01 -1.025146113857191704e-01 7.739618958041885599e-02
2.451000000000000000e+03 1.048476552199614815e+02 -3.109638473084197496e+00 6.039553230562924591e-02 -2.823364202713941395e+00 -1.719781262588917503e-01 2.889709121554233207e+00 -1.651438006155615257e-01 1.237930678769611215e-01 -3.756861058018632349e-01
2.512000000000000000e+03 9.100248551044093404e+01 -2.829685345999816803e+00 4.769586942158887122e-01 -2.913813703901510621e+00 4.685665466417276992e-01 2.590831212575607445e+00 -2.414375035362154032e-01 -1.376180351460436213e-01 -7.397747907187467165e-02
2.573000000000000000e+03 8.236158136778202277e+01 -3.612260509381961526e+00 -2.462065157192910303e-01 -4.027575335486874408e+00 2.820619027489838504e-01 3.100591161822996433e+00 -2.322411378007085136e-01 -9.989740112783861148e-02 3.572951255240694457e-03
2.634000000000000000e+03 7.636240807850840895e+01 -3.967423781597521515e+00 7.234145670012584461e-02 -3.618471620509017050e+00 -1.962145617752961424e-01 2.186856711039892431e+00 4.442229031228416281e-01 1.567143029282034861e-01 3.076462872616823052e-01
2.695000000000000000e+03 7.287433595282556098e+01 -3.375100055404508304e+00 6.322831216958317846e-01 -3.506620170516364876e+00 -5.651166265642582065e-02 1.845063402772801897e+00 1.941343833308787070e-01 3.738737946399633971e-02 -1.265033308867381523e-01
2.756000000000000000e+03 6.364249408825995147e+01 -1.999150992676683725e+00 -4.025089821223156172e-01 -1.986660266743792924e+00 1.565667629281239370e-01 1.647947033858993660e+00 8.170776720889955103e-02 -3.491687957812011911e-02 -6.818344772765597139e-02
2.817000000000000000e+03 5.747165695832035937e+01 -1.650023977545328258e+00 -1.371112625004729524e-01 -1.317174269044627977e+00 6.644529647344559198e-01 1.398253877496577369e+00 -2.203567416451527039e-01 2.221161170695167275e-01 2.185694751593549590e-01
2.878000000000000000e+03 5.187915923362946558e+01 -1.649718663264037044e+00 2.789427559745588092e-01 -1.922171874091101795e+00 -3.351770172662080216e-02 1.313318354012691369e+00 7.855903110386833199e-02 8.586835673850938544e-02 4.781879277259497574e-01
2.939000000000000000e+03 4.861613742345910794e+01 -2.698348678100170428e+00 3.318761254637772051e-01 -1.905862996473569160e+00 -2.248165472954869459e-01 1.146215518664158051e+00 -2.462320688383258793e-01 4.811369504663182833e-02 4.753890841711965187e-01
3.000000000000000000e+03 4.688560515430582143e+01 -1.816756309169789363e+00 -2.504686606558312878e-01 -1.693583301800028362e+00 8.068027120156204268e-02 1.210902732074900179e+00 1.840543829848468871e-01 1.202895880659694966e-01 -1.372557496096196705e-01
3.061000000000000000e+03 4.356519320887647240e+01 -1.567578931925534436e+00 1.518471846250255552e-01 -1.103371577629894462e+00 7.514477941382489146e-01 4.395751820264090504e-01 -1.764179338251540066e-02 -1.327203069371236110e-01 2.167088938145108612e-01
3.122000000000000000e+03 4.157793677084946182e+01 -8.604214428988079533e-01 3.786534574455617808e-01 -2.044972438863675024e-01 -6.236497207011475474e-01 8.476124899432946336e-01 -3.902224856468560210e-01 -4.451391303561977875e-01 -2.369900200018495440e-01
3.183000000000000000e+03 3.990533412615410924e+01 -5.643425951314231526e-01 3.647239747098320883e-01 -6.469961307680928142e-01 2.579266997293770958e-01 1.090799158911504918e+00 3.420611262621262583e-01 1.931556373237923729e-01 -2.665305323894895939e-01
3.244000000000000000e+03 3.844415257131359454e+01 -8.563258766983419257e-01 -1.001447902346625785e-01 -1.108642305447811616e+00 -3.548716937462496057e-01 3.569569384788425226e-01 -1.959443999731158570e-01 -4.149641981914063971e-01 -1.372030545402183055e-01
3.305000000000000000e+03 3.666756626023691013e+01 -9.901871082293804971e-01 2.871867624878076120e-01 -1.946927294293159250e-01 7.961033981182924490e-02 6.502674866148303590e-01 -2.330186553634466251e-01 -3.754254227018963830e-01 2.873123463478613471e-01
3.366000000000000000e+03 3.474226573255806017e+01 -4.242634356865067624e-01 1.085649731609662633e-01 -8.814658997256896722e-01 3.234240995710596644e-01 -1.769161736540015573e-01 2.904771240039747404e-01 -4.693618442409349667e-01 3.666959786171956059e-01
3.447000000000000000e+03 3.420962282098783902e+01 -4.589577108727067589e-01 -5.123406029235917369e-01 -6.039129478302487364e-01 -3.786707123393540098e-01 -2.453230396033738714e-01 -3.231693765901637039e-01 -2.560235249249466771e-01 1.778493458899670088e-01
3.548000000000000000e+03 3.281090573185954895e+01 -7.636616021929771847e-01 3.865801521789675316e-02 -9.261921684674115918e-01 3.014501840800842269e-01 8.986768337194772638e-01 -1.636093819896083934e-02 -1.047298515941309793e-01 3.614486692819074976e-01
3.649000000000000000e+03 3.354962379297477071e+01 -6.413021323500230908e-01 5.910741947282744935e-01 -5.269421307145070177e-01 -9.246385198586116738e-01 -5.126687774814226994e-01 1.647060227001301280e-02 -1.145304074438981412e-01 -3.548688298756419446e-02
3.750000000000000000e+03 3.248909773669814172e+01 -5.702421310637612040e-01 2.523021742318948268e-02 -6.224773494779139993e-02 4.126199774419527788e-01 8.063991233086145738e-02 -5.105799705712160685e-02 -2.260418596250333978e-02 -3.863988188349004593e-02
3.851000000000000000e+03 3.257560025725746300e+01 -2.609603292781610406e-01 -2.985101631666650657e-01 1.673724598738104696e-01 -1.769173474200820828e-01 5.714415298222469408e-01 -1.108296324068866745e-01 -1.787911454448709303e-01 4.331392270633741548e-01
3.952000000000000000e+03 3.345744303484639914e+01 -3.420837343406262221e-01 8.291571127823468834e-02 4.810879117120014925e-01 -5.216679938599342314e-01 2.822976779066713182e-01 2.870542086919130043e-01 -3.638572465322723604e-01 -2.990956292836837171e-01
4.053000000000000000e+03 3.378715697178881783e+01 7.525104396450161826e-01 -3.748579963269175197e-01 6.887387893055461063e-01 -4.203318851208021067e-01 -3.936865955936807993e-02 6.379635172792000875e-01 -2.705479137813785462e-01 -1.236567453227979951e-01
4.154000000000000000e+03 3.405704309471413183e+01 -6.364008565549059138e-02 5.864649043688113794e-02 -1.243845728354793512e-01 1.835608684473193086e-01 1.792874582299657793e-01 6.697603685475590485e-01 -4.037887574522731615e-01 5.389472678485726087e-01
4.255000000000000000e+03 3.520266687405037942e+01 -4.101679051317741465e-01 1.363621232837727848e-02 -3.676357847382964450e-01 -4.863933862834232680e-01 -3.471820067675857047e-02 2.584026877421269353e-02 3.566694052089615097e-01 -1.130672662613896096e+00
4.356000000000000000e+03 3.658890446781866501e+01 -3.055284904449848127e-01 2.080518699919455539e-01 -6.762248073307108864e-03 -8.450615523502014170e-02 6.494187278962254561e-01 4.018570634165522515e-01 2.061804609544574951e-01 -6.975863086116589340e-01
4.457000000000000000e+03 3.723762798721519118e+01 -9.515010650861217834e-02 -7.660463459839280675e-01 1.850345717469108753e-01 -2.351645855186517142e-01 1.318198828358464400e-02 -2.332586568926135195e-01 9.101654426499239392e-01 -3.173025068536285409e-01
4.558000000000000000e+03 3.940863535413362229e+01 -1.272816421450947977e-02 1.047888722167737319e+00 -3.368727429233293602e-01 1.440152236024430099e-01 -2.365900311054012772e-01 5.473250679627020832e-01 -1.237416187811171575e+00 6.317787511066290662e-01
4.659000000000000000e+03 3.968817698122866489e+01 -6.438667082104321260e-02 -1.767450327213625494e-01 -1.311880887820166541e-01 2.167142175632230106e-01 -6.563939153663735926e-01 1.977557314590862036e-01 -1.804036767250522644e+00 4.290929538189248715e-01
4.760000000000000000e+03 4.077051498422225251e+01 -2.591485590352003987e-01 2.237770207022772850e-01 -5.687523540522800847e-01 -1.367409509606883677e+00 -8.369057246324128618e-01 4.928504024562705421e-01 1.383884619328374088e-01 1.453515291372348139e-01
4.861000000000000000e+03 4.141890298034481788e+01 -1.831606469986694907e-01 -2.709286461879251151e-02 6.848487211435624333e-01 -3.500610642197206634e-01 -3.542004709102993809e-01 1.168289215258234259e+00 -7.724206857405866433e-01 -5.709745963502723676e-01
4.962000000000000000e+03 4.463841675711869073e+01 8.329149907046218271e-02 -7.809378052986609697e-01 6.097737009266146480e-01 -3.737047039878441113e-01 -2.052610925460423896e+00 -4.122308952682679495e-02 -1.077031226168388756e+00 6.272018495397663207e-01
5.063000000000000000e+03 4.486906372873204418e+01 4.399717786158117983e-02 4.388240249035657015e-01 -6.329907601526668648e-02 1.342627519103772427e+00 4.466510455622072495e-01 2.353543168249996875e-01 -8.742879994843590907e-01 -9.834226586078462784e-01
5.164000000000000000e+03 4.679110386897077944e+01 -1.915249050970980194e-01 -7.229481130472876771e-01 9.643544526394254301e-01 -2.580251934602854624e-01 -5.791086191720364873e-01 6.047219501561533761e-01 1.393990297841814829e+00 1.226813664319678088e-01
5.265000000000000000e+03 4.832884805804911821e+01 -1.554986835867363304e+00 -4.865348834070654105e-01 5.979840954922645002e-01 1.816786774990096776e+00 6.709435910394844216e-01 1.266579771030051260e+00 1.522487110508265129e+00 -3.246389742985332783e-01
5.366000000000000000e+03 5.055171737262007525e+01 -1.239345368892422528e+00 4.164398173922847501e-01 -2.126436642000727240e+00 5.522753349587372629e-01 -2.108838482854395124e+00 -1.807141638771379677e+00 1.321952394035013079e-01 -1.025820092639756043e+00
5.467000000000000000e+03 5.179751240943465973e+01 -5.122884052326452942e-01 4.413405012361475976e-01 1.208216801071264390e+00 1.193429161828824636e+00 2.076921765528027208e+00 -2.264453968901482206e+00 7.631009188172321878e-01 8.970581680637693678e-01
5.568000000000000000e+03 5.234158356873315654e+01 4.910293527408189918e-01 -4.172454757212117338e-01 -8.004466397102718567e-01 5.124863860763746448e-01 1.513241816757288083e+00 1.006299311661823515e-01 1.287064976461354426e+00 -1.034931665707474302e+00
5.669000000000000000e+03 5.461716396988693845e+01 -9.143189868678061050e-01 -4.923075928911607724e-01 -1.583627105281341985e+00 1.125210038651530020e+00 -2.049203743524189658e+00 6.613288604182465669e-02 1.661059532329424382e+00 3.089781452930437933e-01
5.770000000000000000e+03 5.640570682036656081e+01 9.250024304877924042e-01 -4.498950108309879292e-01 4.083940694968717366e-01 5.730101870852047918e-01 1.161627201995190539e+00 2.924749886351930339e+00 1.291085159505450219e+00 2.285592589603106184e+00
5.871000000000000000e+03 5.826293371955745215e+01 1.709817018940889444e+00 -1.536520234144635344e+00 -1.361520791353678650e+00 1.895670202711641883e+00 8.541117624163016009e-01 8.691875474573060867e-01 -1.849483147575625708e+00 4.305753912027443953e+00
