# l Dl_TT Dl_TE Dl_TB Dl_ET Dl_BT Dl_EE Dl_EB Dl_BE Dl_BB
7.050000000000000000e+01 1.897803686587489892e+03 -6.756413035664233568e+00 2.649335877493750324e-01 -6.756413035664233568e+00 2.649335877493750324e-01 3.243739686210764805e-01 -2.501289287801112225e-03 -2.501289287801109623e-03 5.111584507165826442e-03
1.065000000000000000e+02 2.975613715670361671e+03 -2.736172338345733834e+01 1.354535376639713629e-02 -2.736172338345733834e+01 1.354535376639713629e-02 8.834804218269139975e-01 -8.915917136434612505e-03 -8.915917136434612505e-03 1.209147215027830263e-02
1.425000000000000000e+02 4.257667831243001274e+03 -4.525104952027975713e+01 -8.617544728640103013e-02 -4.525104952027975713e+01 -8.617544728640103013e-02 1.123425962182075466e+00 -4.465126232112030802e-03 -4.465126232112030802e-03 -9.319411163819393915e-04
1.785000000000000000e+02 5.278640617394903529e+03 -3.512645734462611102e+01 -4.559539092510158098e-01 -3.512645734462611102e+01 -4.559539092510158098e-01 8.345363817976700904e-01 1.659821966743126043e-02 1.659821966743126043e-02 2.129572525137251454e-02
2.145000000000000000e+02 5.754432337585485584e+03 2.246814051567279868e+00 -1.063825136579331643e-01 2.246814051567279868e+00 -1.063825136579331643e-01 8.237939585153618571e-01 3.132488609716353040e-03 3.132488609716355642e-03 1.965342506242439766e-02
2.505000000000000000e+02 5.451443089948390480e+03 6.135294462293025219e+01 8.582633050727024315e-01 6.135294462293025219e+01 8.582633050727024315e-01 2.428443330774071818e+00 -1.416283887388547838e-02 -1.416283887388547144e-02 6.180610692949400561e-03
2.865000000000000000e+02 4.320283746200193491e+03 1.067468200501133708e+02 4.431285468329484445e-01 1.067468200501133708e+02 4.431285468329484445e-01 6.927059892547857700e+00 4.084432613303543014e-02 4.084432613303543014e-02 1.586549741587292908e-02
3.225000000000000000e+02 3.222101298276459602e+03 1.111791991459803626e+02 -2.478917074668709752e-01 1.111791991459803626e+02 -2.478917074668709752e-01 1.308994514618472671e+01 -3.071171394612698738e-02 -3.071171394612699432e-02 -5.423057209969366120e-04
3.585000000000000000e+02 2.341629936803429246e+03 7.779618699794170311e+01 -2.153857373878017012e-01 7.779618699794170311e+01 -2.153857373878017012e-01 1.925452117033165678e+01 -3.674302438506833746e-02 -3.674302438506835133e-02 4.901401347953887599e-02
3.945000000000000000e+02 1.802484957035985872e+03 8.603897893452788992e+00 3.952745122416795320e-02 8.603897893452788992e+00 3.952745122416795320e-02 2.192441760697078124e+01 8.469291529946912367e-02 8.469291529946917918e-02 4.691465832108706463e-02
4.305000000000000000e+02 1.771743786246559921e+03 -5.015729503604968897e+01 8.800186193221244402e-01 -5.015729503604968897e+01 8.800186193221244402e-01 1.903389086840046573e+01 6.341279168290156476e-02 6.341279168290153700e-02 6.093791176451844593e-02
4.665000000000000000e+02 2.117545558995608644e+03 -7.227828342152062646e+01 3.720117718325928191e-01 -7.227828342152062646e+01 3.720117718325928191e-01 1.315176712609987320e+01 -2.552289682980645596e-02 -2.552289682980643515e-02 1.707459448218264300e-02
5.025000000000000000e+02 2.473662768741402488e+03 -5.602863500780949835e+01 4.229782335192877607e-02 -5.602863500780949835e+01 4.229782335192877607e-02 8.240391189075063849e+00 4.928433566034111368e-02 4.928433566034109287e-02 7.695799123427432553e-02
5.385000000000000000e+02 2.577109071368952755e+03 -1.417813149328328493e+01 3.099338593461954949e-01 -1.417813149328328493e+01 3.099338593461954949e-01 7.508056944342912153e+00 -2.496121291554039001e-02 -2.496121291554039001e-02 1.009113397868175027e-01
5.745000000000000000e+02 2.448646910291286531e+03 2.291438870014195217e+01 -7.604570210238037475e-01 2.291438870014195217e+01 -7.604570210238037475e-01 1.296781616140850346e+01 -5.380559395238803527e-02 -5.380559395238802833e-02 8.895561312169082691e-02
6.105000000000000000e+02 2.185282448000617933e+03 2.806759209360509288e+01 -1.964945969524722058e-01 2.806759209360509288e+01 -1.964945969524722058e-01 2.334199427126260673e+01 -1.289641611582626433e-02 -1.289641611582625913e-02 5.609691935678812885e-02
6.465000000000000000e+02 1.882712668632229907e+03 -1.293087525521445968e+01 2.187995558361161552e-01 -1.293087525521445968e+01 2.187995558361161552e-01 3.278647772811547867e+01 8.390478730818145409e-03 8.390478730818140204e-03 8.579102356716185318e-02
6.825000000000000000e+02 1.828983795550333525e+03 -6.715710066972945924e+01 3.917845367027954495e-01 -6.715710066972945924e+01 3.917845367027954495e-01 3.763118558880787390e+01 8.774954651080023316e-02 8.774954651080024703e-02 1.150772810074434799e-01
7.185000000000000000e+02 1.986943660444123907e+03 -1.183304367705918594e+02 -7.852132857700589996e-01 -1.183304367705918594e+02 -7.852132857700589996e-01 3.510063440556265135e+01 -9.827897701009807863e-03 -9.827897701009800924e-03 6.869493305621869605e-02
7.545000000000000000e+02 2.249586653517240393e+03 -1.317125035203982009e+02 -5.902979726181201148e-02 -1.317125035203982009e+02 -5.902979726181201148e-02 2.668734679893101713e+01 3.201786140250911794e-02 3.201786140250911100e-02 6.795184763108771953e-02
7.905000000000000000e+02 2.490036570524708623e+03 -1.052355697720502121e+02 1.563982975897822703e-01 -1.052355697720502121e+02 1.563982975897822703e-01 1.776012549455371570e+01 -6.860827616308554089e-02 -6.860827616308551313e-02 6.477229203843988536e-02
8.265000000000000000e+02 2.521630613478447685e+03 -4.296414164639152489e+01 -6.843148374278650303e-01 -4.296414164639152489e+01 -6.843148374278650303e-01 1.273015554245302106e+01 -1.127529017509322148e-02 -1.127529017509321801e-02 1.009524623361700985e-01
8.625000000000000000e+02 2.333319841746942075e+03 1.708577825437930997e+01 8.886935040039006806e-02 1.708577825437930997e+01 8.886935040039006806e-02 1.502262955332200711e+01 1.068804542085438972e-02 1.068804542085438278e-02 1.057326677330445164e-01
8.985000000000000000e+02 1.947878686743922799e+03 5.475297350619555914e+01 -8.218321120754503717e-01 5.475297350619555914e+01 -8.218321120754503717e-01 2.384036646968664641e+01 -1.890234270725476076e-02 -1.890234270725475729e-02 8.140821844403497987e-02
9.345000000000000000e+02 1.495454030212635871e+03 5.179718202786942527e+01 3.926682490179878582e-01 5.179718202786942527e+01 3.926682490179878582e-01 3.363138679872853487e+01 6.742846797331371322e-02 6.742846797331372710e-02 9.186942332770373087e-02
9.705000000000000000e+02 1.206967950840319645e+03 1.469842688240115081e+01 2.755010510015132308e-01 1.469842688240115081e+01 2.755010510015132308e-01 4.116348962139579726e+01 -4.994697251620024842e-02 -4.994697251620023454e-02 4.800464939951430005e-02
1.006500000000000000e+03 1.061529411455326681e+03 -3.340466211766568705e+01 -4.883839112354645406e-01 -3.340466211766568705e+01 -4.883839112354645406e-01 4.136825105634211752e+01 3.117038073535173537e-02 3.117038073535173537e-02 1.504202299681250132e-01
1.042500000000000000e+03 1.086189762872042820e+03 -6.980556276377441804e+01 1.300641350597038226e-01 -6.980556276377441804e+01 1.300641350597038226e-01 3.514146573198772217e+01 4.601069216775013904e-02 4.601069216775015291e-02 1.590709983275099548e-01
1.078500000000000000e+03 1.166505261221305318e+03 -7.676412778133385473e+01 2.335381199575718714e-01 -7.676412778133385473e+01 2.335381199575718714e-01 2.528717043120830610e+01 6.900442185609963197e-02 6.900442185609961809e-02 1.661934805393632808e-01
1.114500000000000000e+03 1.225321658432229242e+03 -5.875241756998346432e+01 -3.160737931903700448e-01 -5.875241756998346432e+01 -3.160737931903700448e-01 1.686421235582901446e+01 9.861995240593185441e-02 9.861995240593179890e-02 4.408813140741425773e-02
1.150500000000000000e+03 1.219360817212287429e+03 -2.900964096586567109e+01 -1.275214603815673087e-01 -2.900964096586567109e+01 -1.275214603815673087e-01 1.340398432081930125e+01 1.464367763681140300e-03 1.464367763681168055e-03 1.342537441242572793e-01
1.186500000000000000e+03 1.104216759571115290e+03 -3.455632030996959259e+00 -2.537684882929116537e-01 -3.455632030996959259e+00 -2.537684882929116537e-01 1.559396542460717860e+01 5.751289826063556848e-02 5.751289826063558930e-02 1.099088069910373749e-01
1.222500000000000000e+03 9.663841865399745075e+02 6.431862674394219326e+00 1.186357953936169718e+00 6.431862674394219326e+00 1.186357953936169718e+00 2.194231628240181564e+01 1.430260948361160994e-02 1.430260948361160300e-02 2.857506740521575939e-02
1.258500000000000000e+03 8.168610868797366038e+02 -6.841932627183585858e+00 2.806181740833446070e-01 -6.841932627183585858e+00 2.806181740833446070e-01 2.753097105768850739e+01 9.878000465318992340e-02 9.878000465318990952e-02 1.287086820557276357e-01
1.294500000000000000e+03 7.431828615194756367e+02 -2.778095133154774743e+01 -7.409017495478108228e-02 -2.778095133154774743e+01 -7.409017495478108228e-02 3.061131226208333445e+01 -5.758670806192872638e-02 -5.758670806192869862e-02 1.416675109103682773e-01
1.330500000000000000e+03 7.480828549483003371e+02 -5.038351048701589718e+01 -1.450294859958835281e-01 -5.038351048701589718e+01 -1.450294859958835281e-01 2.847932986346105366e+01 -2.072693346101058334e-02 -2.072693346101059028e-02 7.333961337056320307e-02
1.366500000000000000e+03 7.799638035806837024e+02 -5.999672701186945289e+01 2.524450377265511358e-01 -5.999672701186945289e+01 2.524450377265511358e-01 2.307488482752070169e+01 -8.428401818083892938e-02 -8.428401818083891550e-02 9.329195537017606621e-02
1.402500000000000000e+03 8.173418173155312161e+02 -5.363102588349079980e+01 -1.349443659046347943e-01 -5.363102588349079980e+01 -1.349443659046347943e-01 1.697422325984154412e+01 4.403657874224523039e-02 4.403657874224524427e-02 9.646684714594700241e-03
1.438500000000000000e+03 8.237921407362598529e+02 -3.496003494342309637e+01 -2.380259961790093803e-01 -3.496003494342309637e+01 -2.380259961790093803e-01 1.250507276649911503e+01 1.068660201358797163e-01 1.068660201358797163e-01 1.112036061107371521e-01
1.474500000000000000e+03 7.680864304256208470e+02 -1.231015938305515256e+01 -2.173977552435397698e-01 -1.231015938305515256e+01 -2.173977552435397698e-01 1.158055431125702306e+01 7.640020465243733960e-02 7.640020465243731185e-02 1.460221702836576596e-01
1.510500000000000000e+03 6.689648955857992405e+02 2.550466835579192626e+00 -4.371781526109759231e-01 2.550466835579192626e+00 -4.371781526109759231e-01 1.356870952711576983e+01 6.974939247321700064e-02 6.974939247321701452e-02 1.218813491366052132e-01
1.546500000000000000e+03 5.639112225317506955e+02 6.331680814742782104e+00 1.411835626308850511e-01 6.331680814742782104e+00 1.411835626308850511e-01 1.709368019314520382e+01 -6.010928015741272279e-02 -6.010928015741270197e-02 1.116668308938182225e-01
1.582500000000000000e+03 4.614673459358486411e+02 -1.988208095825428234e+00 5.132197047485035357e-01 -1.988208095825428234e+00 5.132197047485035357e-01 2.036802311097795126e+01 -1.100239868550758060e-01 -1.100239868550758060e-01 1.117438998072103479e-01
1.618500000000000000e+03 4.208147693846217408e+02 -1.435899526996186637e+01 -1.279724422027999631e-01 -1.435899526996186637e+01 -1.279724422027999631e-01 2.053401595554848669e+01 -7.159164671659692253e-03 -7.159164671659693120e-03 1.979587631181893570e-01
1.654500000000000000e+03 4.035727342643062343e+02 -2.515003058077252973e+01 1.343753821836818352e-01 -2.515003058077252973e+01 1.343753821836818352e-01 1.809860479308594705e+01 1.877491995702070676e-02 1.877491995702069982e-02 1.097071177332609587e-01
1.690500000000000000e+03 4.078008717759048523e+02 -3.066717098940438291e+01 2.110298315674335456e-01 -3.066717098940438291e+01 2.110298315674335456e-01 1.497253572249784881e+01 5.120380116242262414e-02 5.120380116242263802e-02 -1.992712881883103998e-02
1.726500000000000000e+03 4.108746776226113866e+02 -2.615728551950709502e+01 -8.213672779162117799e-02 -2.615728551950709502e+01 -8.213672779162117799e-02 1.090594194405435147e+01 -8.580066223831180061e-03 -8.580066223831180061e-03 -6.517793204652305716e-02
1.762500000000000000e+03 4.022380391647764668e+02 -1.888301849765328910e+01 2.004446876509310138e-01 -1.888301849765328910e+01 2.004446876509310138e-01 8.626101550588561651e+00 -1.197196635971998352e-03 -1.197196635971997485e-03 1.839136696338422028e-01
1.798500000000000000e+03 3.745896033660578723e+02 -1.035525976811505622e+01 -2.406918749566272775e-01 -1.035525976811505622e+01 -2.406918749566272775e-01 7.840913892803963670e+00 9.578446458140761621e-02 9.578446458140765785e-02 7.681711464353833951e-02
1.834500000000000000e+03 3.349962059406024082e+02 -5.411142601505057215e+00 1.769117228265184028e-01 -5.411142601505057215e+00 1.769117228265184028e-01 8.788114740050779972e+00 4.439246540994505608e-02 4.439246540994506995e-02 1.048327061978868019e-01
1.870500000000000000e+03 2.918477264721475990e+02 -5.449261647305894130e+00 1.110717922399317992e-01 -5.449261647305894130e+00 1.110717922399317992e-01 1.021120504442920840e+01 -1.370173728565934543e-02 -1.370173728565934543e-02 8.379100611161534318e-02
1.906500000000000000e+03 2.649679479407397480e+02 -9.975169531547335211e+00 -3.252439999293905704e-01 -9.975169531547335211e+00 -3.252439999293905704e-01 1.117824346657794266e+01 1.680765133211281070e-01 1.680765133211280793e-01 5.186049376222768431e-02
1.942500000000000000e+03 2.490532420823191160e+02 -1.433190709258449047e+01 -1.936865551084993031e-02 -1.433190709258449047e+01 -1.936865551084993031e-02 1.087266365622734909e+01 5.255647025553746021e-02 5.255647025553748797e-02 2.369617003330215799e-01
1.978500000000000000e+03 2.490043162321016155e+02 -1.724004154700800129e+01 -4.324710623771176876e-01 -1.724004154700800129e+01 -4.324710623771176876e-01 9.454114210367853488e+00 -4.097722595542099833e-03 -4.097722595542127588e-03 2.305287831618809402e-01
2.014500000000000000e+03 2.484693004860563406e+02 -1.731766069745291503e+01 8.758474603424332150e-02 -1.731766069745291503e+01 8.758474603424332150e-02 7.580371245023072468e+00 5.044813028468493610e-02 5.044813028468495691e-02 1.200170584697066306e-01
2.050500000000000000e+03 2.426845701190590887e+02 -1.435628693370554032e+01 1.017750646417409643e-01 -1.435628693370554032e+01 1.017750646417409643e-01 6.337436780728094021e+00 -4.434461613025258986e-02 -4.434461613025256210e-02 -3.300907084562475918e-02
2.086500000000000000e+03 2.321206741103059983e+02 -9.848829168223907971e+00 1.605423734098987143e-01 -9.848829168223907971e+00 1.605423734098987143e-01 4.929062152611806802e+00 -9.930804868224983595e-02 -9.930804868224980819e-02 1.264119634098567480e-01
2.122500000000000000e+03 2.111459676424765348e+02 -4.862902689226955566e+00 2.738854916959345687e-01 -4.862902689226955566e+00 2.738854916959345687e-01 4.889621447911184582e+00 8.909236911418350058e-02 8.909236911418350058e-02 2.171580945574728416e-01
2.158500000000000000e+03 1.877045143736934278e+02 -3.009221122690680428e+00 -9.078320802965128555e-02 -3.009221122690680428e+00 -9.078320802965128555e-02 5.278407701123925655e+00 -7.182315228074469260e-02 -7.182315228074467872e-02 4.124043264764184341e-02
2.207000000000000000e+03 1.597559502611213134e+02 -3.647036346136375506e+00 -1.289249862556884618e-01 -3.647036346136375506e+00 -1.289249862556884618e-01 5.968007247905402934e+00 -1.002903469880665616e-01 -1.002903469880665616e-01 -2.295278437914587966e-01
2.268000000000000000e+03 1.409338709051931460e+02 -6.980917873104962368e+00 1.143803040202418242e-01 -6.980917873104962368e+00 1.143803040202418242e-01 5.918945900538849614e+00 -6.218190681253957935e-02 -6.218190681253955160e-02 1.476994922941388122e-01
2.329000000000000000e+03 1.335779633928895009e+02 -8.249917932132916576e+00 1.992661127970276058e-01 -8.249917932132916576e+00 1.992661127970276058e-01 4.376683520490620261e+00 -2.262143922341439128e-02 -2.262143922341439128e-02 3.098317532557119322e-02
2.390000000000000000e+03 1.263233903887068692e+02 -6.082957920941569618e+00 -2.017492404681056062e-01 -6.082957920941569618e+00 -2.017492404681056062e-01 3.259587076368285263e+00 4.046525451018767594e-02 4.046525451018766900e-02 2.077846425931280968e-04
2.451000000000000000e+03 1.133970496765463452e+02 -3.470577754121793923e+00 2.022728857844801886e-01 -3.470577754121793923e+00 2.022728857844801886e-01 2.633820167565803505e+00 7.713360429551614772e-02 7.713360429551616160e-02 1.241407611126817551e-01
2.512000000000000000e+03 9.906418016842339114e+01 -3.020303839212153285e+00 1.143008997571539065e-01 -3.020303839212153285e+00 1.143008997571539065e-01 3.057041367841667245e+00 7.870325283446832909e-02 7.870325283446834297e-02 3.357516035751444833e-02
2.573000000000000000e+03 9.056668445193459149e+01 -3.963049060735016837e+00 5.638221488218092547e-02 -3.963049060735016837e+00 5.638221488218092547e-02 2.936911919392828807e+00 -1.690685478822688825e-01 -1.690685478822688825e-01 -3.636660255132712159e-03
2.634000000000000000e+03 8.687320106392780872e+01 -4.341952182181117337e+00 -1.075840780403597569e-01 -4.341952182181117337e+00 -1.075840780403597569e-01 2.642185145272691660e+00 4.360827218450907816e-02 4.360827218450907122e-02 -1.142073465474186117e-01
2.695000000000000000e+03 8.183756322368341785e+01 -3.408023912700416602e+00 -1.548790126615269824e-01 -3.408023912700416602e+00 -1.548790126615269824e-01 1.825770580412148680e+00 -3.500700095003173029e-02 -3.500700095003173029e-02 2.339974567317446852e-01
2.756000000000000000e+03 7.521232283379636385e+01 -1.899462444362520319e+00 4.867593239157004537e-02 -1.899462444362520319e+00 4.867593239157004537e-02 1.315498283928925538e+00 1.063017607466683057e-01 1.063017607466682779e-01 -1.759287058121103142e-01
2.817000000000000000e+03 6.772742677278736778e+01 -1.782776443463093496e+00 -1.158438234464437971e-01 -1.782776443463093496e+00 -1.158438234464437971e-01 1.347858856645190340e+00 2.011548036482543322e-01 2.011548036482542767e-01 6.728025405016653526e-02
2.878000000000000000e+03 6.209538665839306049e+01 -1.931984954603962468e+00 -3.803275386176183104e-02 -1.931984954603962468e+00 -3.803275386176183104e-02 1.343473794945890809e+00 1.576688627946814247e-01 1.576688627946814247e-01 1.219804854038882003e-01
2.939000000000000000e+03 5.901274403114397415e+01 -1.712019436808240425e+00 -1.358292850460828260e-01 -1.712019436808240425e+00 -1.358292850460828260e-01 1.417835411902838016e+00 -4.347158325850076794e-04 -4.347158325850055110e-04 -1.810448554705980651e-01
3.000000000000000000e+03 5.689781540389749637e+01 -1.538467656608359935e+00 -4.545630548041447450e-02 -1.538467656608359935e+00 -4.545630548041447450e-02 1.056978589162733018e+00 4.441830108891662438e-02 4.441830108891664519e-02 -3.840103078385259661e-01
3.061000000000000000e+03 5.483737449052590307e+01 -1.343490660936761838e+00 5.500297691818686885e-03 -1.343490660936761838e+00 5.500297691818686885e-03 4.971638503082009275e-01 5.450296686330480256e-02 5.450296686330478868e-02 -1.977653669079373344e-01
3.122000000000000000e+03 5.185227089418260960e+01 -9.063864082316558379e-01 1.449943331951086822e-03 -9.063864082316558379e-01 1.449943331951086822e-03 7.672479762041297668e-01 3.052397798444953514e-01 3.052397798444954069e-01 -9.934213211876093130e-02
3.183000000000000000e+03 5.028671090389126164e+01 -1.071430047352554649e+00 2.868650797685028953e-01 -1.071430047352554649e+00 2.868650797685028953e-01 1.102973487548878362e+00 1.198882649232475561e-01 1.198882649232476116e-01 6.699935344349550355e-03
3.244000000000000000e+03 4.928681914197835567e+01 -7.556998198683280155e-01 1.568536492981249808e-01 -7.556998198683280155e-01 1.568536492981249808e-01 8.313204606498755256e-01 3.695082661943039498e-02 3.695082661943040886e-02 3.133075319942913994e-01
3.305000000000000000e+03 4.849738463788078491e+01 -9.129133456171812933e-01 4.804374466491229817e-02 -9.129133456171812933e-01 4.804374466491229817e-02 4.706215777169391323e-01 -1.001248157280509726e-01 -1.001248157280509310e-01 -4.640469763302357969e-02
3.366000000000000000e+03 4.707276591356676221e+01 -6.804338001190515239e-01 -2.573758408988316981e-01 -6.804338001190515239e-01 -2.573758408988316981e-01 6.649332801343832422e-01 1.247258932355557737e-02 1.247258932355558431e-02 -1.414092714752924196e-01
3.447000000000000000e+03 4.632769626124441942e+01 -5.798274169408932366e-01 1.738845574490451018e-02 -5.798274169408932366e-01 1.738845574490451018e-02 2.425792885694884882e-01 8.041615009183078477e-02 8.041615009183072926e-02 2.630144614252357127e-01
3.548000000000000000e+03 4.564746262862622217e+01 -3.399283345706807236e-01 -2.389038016917624518e-01 -3.399283345706807236e-01 -2.389038016917624518e-01 -6.468046388088819626e-03 9.776309770350707917e-02 9.776309770350709305e-02 4.303344425837249410e-01
3.649000000000000000e+03 4.531188463029608471e+01 -3.643953971745221287e-01 1.748841465831298958e-01 -3.643953971745221287e-01 1.748841465831298958e-01 4.923912646699765139e-01 -1.531014308491796538e-01 -1.531014308491796538e-01 1.064874134339475753e-01
3.750000000000000000e+03 4.565737809191755048e+01 -2.851531924782517158e-01 5.909200751490839565e-01 -2.851531924782517158e-01 5.909200751490839565e-01 3.396401860747798040e-01 3.751069191620761689e-01 3.751069191620763354e-01 8.213719928665144665e-02
3.851000000000000000e+03 4.616784852031022268e+01 -2.364342278122283647e-01 -4.692651343031100097e-01 -2.364342278122283647e-01 -4.692651343031100097e-01 -4.977685392909799583e-02 4.378403387066825969e-03 4.378403387066853725e-03 3.432025779790432995e-01
3.952000000000000000e+03 4.715955909787475520e+01 -5.008269812446873581e-02 -2.175327925233473958e-01 -5.008269812446873581e-02 -2.175327925233473958e-01 1.701653305102057701e-01 -1.311913713127391412e-01 -1.311913713127391412e-01 7.093150788685695929e-01
4.053000000000000000e+03 4.769559707122574821e+01 1.702282027867595138e-02 2.086933516320468862e-02 1.702282027867595138e-02 2.086933516320468862e-02 4.633766698990658961e-01 -5.358216207900315387e-02 -5.358216207900313999e-02 -4.770077423352720586e-02
4.154000000000000000e+03 4.862699864670928918e+01 -2.680554280023870195e-01 -5.261978878945526850e-01 -2.680554280023870195e-01 -5.261978878945526850e-01 3.811861221679688772e-01 4.784314796787117463e-01 4.784314796787119128e-01 -6.349459991778057255e-02
4.255000000000000000e+03 5.034721876818007047e+01 1.256509743336998164e-01 -7.850075144599655275e-02 1.256509743336998164e-01 -7.850075144599655275e-02 -4.447510727671600828e-01 -3.118902709721047550e-01 -3.118902709721047550e-01 -3.720069327258025416e-01
4.356000000000000000e+03 5.174628599625182090e+01 -2.149511112870372276e-01 8.276085068483274299e-02 -2.149511112870372276e-01 8.276085068483274299e-02 4.684780223523772880e-01 9.582904426865294922e-02 9.582904426865297698e-02 -1.076452382134002531e-02
4.457000000000000000e+03 5.318451540978627179e+01 -4.614548818905260807e-01 5.334698951123385824e-02 -4.614548818905260807e-01 5.334698951123385824e-02 1.548946076297964547e-01 3.251415824785074404e-01 3.251415824785074404e-01 -4.765816906635065298e-01
4.558000000000000000e+03 5.538380577891820877e+01 -1.724738025858792434e-01 -3.869511715432745191e-01 -1.724738025858792434e-01 -3.869511715432745191e-01 -1.292745991630563474e+00 1.058314090200044744e+00 1.058314090200045188e+00 -3.665975355319435747e-01
4.659000000000000000e+03 5.623195553116168810e+01 -3.063308785231186326e-01 1.031661251831528930e-01 -3.063308785231186326e-01 1.031661251831528930e-01 -6.389794071002588005e-01 4.452279325579377445e-01 4.452279325579381886e-01 -1.613389919796468508e-01
4.760000000000000000e+03 5.720178377187963292e+01 -8.880755078119192958e-02 -1.601347340152659005e-03 -8.880755078119192958e-02 -1.601347340152659005e-03 1.146363402898370687e+00 3.857058882622480533e-01 3.857058882622480533e-01 -3.247911036974570065e-01
4.861000000000000000e+03 6.034914481371503570e+01 8.039314317397350251e-03 -6.539965060275632069e-01 8.039314317397350251e-03 -6.539965060275632069e-01 -9.842916905904764979e-01 -2.393421359472565901e-01 -2.393421359472566456e-01 -2.248841112716268853e-01
4.962000000000000000e+03 6.157748671107059124e+01 -3.664072941623636170e-02 2.226333018713926304e-01 -3.664072941623636170e-02 2.226333018713926304e-01 1.346139796504574604e-01 4.731134180506506581e-01 4.731134180506503251e-01 4.802677730483452812e-01
5.063000000000000000e+03 6.317691900790362780e+01 -3.370319314049192161e-01 -5.914305762385785314e-02 -3.370319314049192161e-01 -5.914305762385785314e-02 -7.771765588984496098e-01 -1.898086977638189232e-01 -1.898086977638189787e-01 1.165936366469759289e+00
5.164000000000000000e+03 6.427567996178871113e+01 1.231769401380866658e-02 -3.201484669068377364e-01 1.231769401380866658e-02 -3.201484669068377364e-01 -5.891726643703528721e-01 9.897305741550582736e-02 9.897305741550571634e-02 2.198413706534263046e+00
5.265000000000000000e+03 6.792277505246501335e+01 -3.987980743894697921e-02 9.672237968559204147e-01 -3.987980743894697921e-02 9.672237968559204147e-01 1.227799782185502231e+00 -1.360962641763380221e-02 -1.360962641763374670e-02 -6.155345468258077712e-01
5.366000000000000000e+03 7.011780574895875873e+01 2.509644638850098697e-01 -7.892872286543380911e-01 2.509644638850098697e-01 -7.892872286543380911e-01 3.241372972622690862e-01 -6.986199767540277605e-01 -6.986199767540279826e-01 1.414780287712222862e+00
5.467000000000000000e+03 7.388816688662090826e+01 2.607642955347138081e-01 8.757568212767672389e-01 2.607642955347138081e-01 8.757568212767672389e-01 1.539010780355709374e+00 1.058844766907089507e+00 1.058844766907089729e+00 3.273968467862812481e+00
5.568000000000000000e+03 7.286091769741464930e+01 -1.112501692990277347e+00 8.261622284567021746e-02 -1.112501692990277347e+00 8.261622284567021746e-02 8.885803062469440627e-01 1.287729010541078245e-01 1.287729010541081021e-01 1.927536667537952830e+00
5.669000000000000000e+03 7.493039438105709849e+01 -1.090046748280228295e+00 -8.840448034566661395e-02 -1.090046748280228295e+00 -8.840448034566661395e-02 6.675049175862928230e-01 -1.449027217213543217e-01 -1.449027217213544327e-01 3.079700947092689933e+00
5.770000000000000000e+03 7.805612893558506471e+01 -1.200773709392514377e+00 -3.017975015568123975e-01 -1.200773709392514377e+00 -3.017975015568123975e-01 4.405304374546058499e-01 -1.494218672283146754e+00 -1.494218672283146088e+00 -1.803531154461387176e-01
5.871000000000000000e+03 8.136901182969869240e+01 1.734336390805808481e-01 -3.881200365278231201e-01 1.734336390805808481e-01 -3.881200365278231201e-01 8.122217430614304678e-01 -7.123066758250780062e-01 -7.123066758250784503e-01 -1.909350593891331327e+00
