# l Dl_TT Dl_TE Dl_TB Dl_ET Dl_BT Dl_EE Dl_EB Dl_BE Dl_BB
7.050000000000000000e+01 1.714759473713203533e+03 -8.090230118031445983e+00 -3.912220029214938943e-01 3.865157955770563536e+00 -1.845850350087217429e+00 3.391278015469431084e-01 -2.256256367393921075e-02 8.432547539979982909e-03 7.621034768221858144e-03
1.065000000000000000e+02 3.079876293940964842e+03 -2.838472842356402737e+01 7.896837475083695601e-02 -2.939797576178013827e+01 -2.330783268976765188e-01 8.798513204845794800e-01 -1.256132267520052893e-02 -2.408128450119747382e-02 5.524860026258173948e-03
1.425000000000000000e+02 4.386831249138082057e+03 -4.743813433670845825e+01 -2.762595811587148731e+00 -4.691627261010940231e+01 -2.324146969335064039e+00 1.204614830623207178e+00 9.254609496984000927e-02 -9.303123210623168160e-03 2.359260623948446212e-02
1.785000000000000000e+02 5.424212758272769861e+03 -3.439192180673620669e+01 -6.459685543334044988e-01 -3.764671185902159323e+01 1.870658787781267041e+00 8.467039533203347679e-01 -1.576158742758796902e-02 -6.089790939289441672e-03 -9.754271416716909365e-04
2.145000000000000000e+02 6.097918779486364656e+03 8.725654305886729745e+00 -2.483353599784133170e+00 7.101088224941546123e+00 -2.403227413143058211e+00 9.068752132573666414e-01 1.760148410227032473e-02 8.355017640417121416e-03 -7.923211157612139802e-03
2.505000000000000000e+02 5.246774464472508043e+03 6.057596568901578138e+01 -7.288935783430731119e-01 6.130036381018665992e+01 -7.388866485481740964e-01 2.501540839673544347e+00 -8.863337217731474815e-02 -3.334544710933166900e-02 -3.972289704580096031e-02
2.865000000000000000e+02 4.559128490793860692e+03 1.124221163699122599e+02 -1.389116649755866462e+00 1.114802444036030380e+02 -2.341240149388928771e+00 7.135452963781726332e+00 4.582170839789803662e-04 -5.980051580918069321e-02 1.350643814400286774e-02
3.225000000000000000e+02 3.239039712061578030e+03 1.125769914252774555e+02 4.718724428380418168e+00 1.120085283710032655e+02 -4.966160786181610387e-01 1.342370092572024021e+01 1.522363469400826175e-01 -2.990510264249974029e-02 2.273330770438281717e-02
3.585000000000000000e+02 2.316744840015658156e+03 7.706577836243687329e+01 -6.143867153672800674e-01 8.179204815426979280e+01 -8.936807313195036517e-01 1.915596847491393717e+01 -1.765175468524178559e-02 -9.644068958442608697e-02 6.129109917599050855e-02
3.945000000000000000e+02 1.842004702824252490e+03 8.977726906833915166e+00 4.081451852287026894e-01 7.494140342596338655e+00 -9.091221349064659840e-01 2.116531198543267323e+01 1.600044465509217750e-01 1.001678980458947654e-02 6.723774173575684798e-02
4.305000000000000000e+02 1.817801956460475594e+03 -4.848660922567427178e+01 1.039474542395025569e+00 -4.519513970313496998e+01 5.476762510988528870e-02 1.872833576884183771e+01 1.491678571277283427e-01 5.729942696006035119e-02 3.920054741777447005e-02
4.665000000000000000e+02 2.066616237167015242e+03 -7.007984724870809146e+01 5.030217914879109298e-02 -7.245547093325869525e+01 -4.717104691230787905e-01 1.333338645829102020e+01 -2.227068908805828612e-02 1.264989018684197636e-03 4.209938630571725265e-02
5.025000000000000000e+02 2.442179613652226180e+03 -5.671816988666328996e+01 4.805106371506351337e-02 -5.537883959604241113e+01 -2.580077250205615735e-01 8.208064466711530116e+00 8.316213782053116788e-02 -6.933409541299945245e-02 4.767705793008436554e-02
5.385000000000000000e+02 2.627578338932327824e+03 -1.235357299104465056e+01 1.241982332595840566e+00 -1.311032338410244336e+01 1.489177922367419082e+00 7.434349439087222677e+00 -1.445971875777369853e-01 2.304854264685723964e-02 7.527260736538382568e-02
5.745000000000000000e+02 2.472853166152925041e+03 2.296941943238386585e+01 4.227826016754694938e-01 2.199702457382995391e+01 -8.337398206535999723e-01 1.322476014419020274e+01 -2.830809148322048219e-01 3.159506018538253691e-03 2.149750622791855165e-02
6.105000000000000000e+02 2.118205222688812228e+03 2.385520474593867490e+01 4.085205065474107333e-01 2.404174186124932078e+01 -1.687697155033676566e+00 2.268866600265012679e+01 -6.056934440979851869e-02 -5.376720791973466779e-02 3.867953487281288599e-02
6.465000000000000000e+02 1.893424846026776777e+03 -9.240540081927237637e+00 -7.488262970007428798e-01 -9.519548060949151846e+00 1.672932643201661129e-01 3.327081720034027512e+01 -6.330177138365460088e-02 -1.547750183730392526e-03 4.119141093261340786e-02
6.825000000000000000e+02 1.790446464664167024e+03 -6.965788018489843125e+01 -6.573167072366806751e-01 -7.042353380212369984e+01 -3.348469209265556024e-01 3.774614907617160497e+01 -7.304618420853004057e-02 -8.183877918370635607e-02 6.645459960442091918e-02
7.185000000000000000e+02 1.983755807510217437e+03 -1.159632712340639813e+02 6.892881255795662021e-01 -1.152694715732516073e+02 1.665170788793309264e-01 3.432874405789304717e+01 1.508499612913881405e-01 1.189791043331161341e-02 1.082892557239517606e-01
7.545000000000000000e+02 2.271393003765374942e+03 -1.295071211887604932e+02 2.966301927389529247e+00 -1.307899887378298445e+02 6.310149609259821935e-01 2.655625362685272250e+01 -1.143824964940511751e-01 4.203134741723062173e-03 1.197266168056312780e-01
7.905000000000000000e+02 2.502450687741645197e+03 -1.042239570385219736e+02 6.502394188728926050e-01 -1.012498424754380437e+02 -5.705774468340490957e-01 1.777659587624845727e+01 -1.434193721884953754e-01 6.480324322868492859e-02 2.216629115933324568e-01
8.265000000000000000e+02 2.531862202432555932e+03 -4.164103666526608549e+01 -7.336491098798254562e-01 -3.982933737674424890e+01 5.422246751116250874e-01 1.280440625460500570e+01 -1.458572951434604914e-01 5.686625553034774933e-02 1.159636182354647493e-01
8.625000000000000000e+02 2.328399473578776451e+03 1.810762805145171939e+01 1.533363045571486394e+00 1.847685161002087284e+01 -1.444759279419291387e+00 1.501869049815639201e+01 1.841335625872074222e-01 6.644072957208739527e-02 1.747072751153878056e-01
8.985000000000000000e+02 1.927420108234801091e+03 5.156061240119302624e+01 -3.385696077614382959e-01 5.208643274199178563e+01 -5.311078741278396631e-01 2.309140324774719133e+01 -1.812774352970088487e-01 -1.899346144850283177e-02 1.160124792649293995e-01
9.345000000000000000e+02 1.504846044072486166e+03 5.250354151346064668e+01 3.024235236978124464e-01 5.182169538612417625e+01 1.223444242466762200e+00 3.463156383070155186e+01 -4.879211534040555492e-02 2.804764556554971422e-02 9.154264140681782347e-02
9.705000000000000000e+02 1.200297577380044004e+03 1.695408905052025617e+01 -1.488738469400247844e-01 1.730695877655179515e+01 1.351745719234936915e-02 4.127296950643228968e+01 -1.061063789908042732e-02 -1.402820272326829321e-01 1.167384405619947552e-01
1.006500000000000000e+03 1.046578368322260303e+03 -3.114315934878145242e+01 9.485699927532551534e-01 -3.132317551821655144e+01 -1.010433242745440441e-01 4.114843333322660612e+01 -4.636697818385870917e-01 2.701363627449349103e-02 1.234664202444064052e-01
1.042500000000000000e+03 1.072167464941338039e+03 -6.842688269280745317e+01 3.013899573494219775e-01 -6.941733673095845347e+01 -8.241418763042539508e-01 3.496707762520776441e+01 -1.071764838818075327e-01 3.545295362800480327e-02 1.118924970441186051e-01
1.078500000000000000e+03 1.154754359687319720e+03 -7.582768589505587897e+01 1.277611998053143960e+00 -7.705524164941013510e+01 -6.172207566313925309e-01 2.551127425523922199e+01 -5.511450292369768356e-03 -4.576629668520326710e-02 4.149318921687428913e-02
1.114500000000000000e+03 1.239926901971807638e+03 -6.043388062165659846e+01 -7.972059626263865439e-01 -5.878203056447054564e+01 -2.955568545876355868e-01 1.684935555435710341e+01 -1.335139079456050884e-02 6.509477729558343917e-02 3.663516243873120304e-02
1.150500000000000000e+03 1.211126057642181422e+03 -2.792462375667597385e+01 -2.299433379842987346e+00 -2.870497305003878097e+01 5.350384017129474618e-02 1.332731445545570814e+01 -5.282212762525339417e-02 1.529906588108879695e-01 1.869232396324622125e-01
1.186500000000000000e+03 1.100895110046746368e+03 -4.763432830296052245e+00 -9.699635574034484176e-01 -4.358947257494875771e+00 -1.647463960573614106e-02 1.538111769625774627e+01 1.873119717667638962e-01 1.067950726597771544e-01 6.157997130130491575e-02
1.222500000000000000e+03 9.564658931213706410e+02 7.359178659892169350e+00 1.402911228723100479e+00 5.838497709373237754e+00 -1.950131924059100852e-02 2.146453704945137275e+01 -4.701313989709188235e-03 -3.354179599355332220e-02 1.161509268583137133e-01
1.258500000000000000e+03 8.179785760375955306e+02 -3.897650866527115454e+00 -6.888670622347636829e-02 -4.135744142019531111e+00 1.451250562247227704e-01 2.800053528036652750e+01 6.132396841000883198e-02 -8.277850152737054046e-02 5.525359590248318103e-02
1.294500000000000000e+03 7.333224520127605501e+02 -2.952271052750280234e+01 4.961251322853255097e-01 -2.807846257919338484e+01 6.923310966360493590e-03 3.073051456868860143e+01 4.662582031817846112e-02 -8.206873871188913316e-02 1.489408992094382045e-01
1.330500000000000000e+03 7.317449137788269127e+02 -5.042131675737090291e+01 1.902362024829049592e-01 -4.983772318690405712e+01 -3.697964192568501951e-01 2.794744394115773645e+01 -1.477854022540246726e-01 6.778532596367292662e-02 -2.388848326228212859e-02
1.366500000000000000e+03 7.858873131677680703e+02 -6.171586662225183773e+01 9.506596628850989550e-01 -6.087351683210517450e+01 -3.691104920341795603e-01 2.348137006139220517e+01 1.386368323202863961e-01 -8.723931914264534959e-02 1.878736527119355681e-01
1.402500000000000000e+03 8.100616420061041936e+02 -5.116861172237103261e+01 -4.293714123939691429e-01 -5.192688024030849192e+01 1.088642504131476896e+00 1.626567629314331498e+01 -2.167567716847462744e-01 8.651701869043462723e-02 1.800157705998668700e-01
1.438500000000000000e+03 8.157002546726141645e+02 -3.431648807838978854e+01 -6.882138929702714680e-01 -3.452362752631707110e+01 -2.350766450098897287e-01 1.277563828498060339e+01 1.025780670811085316e-01 1.864042126743715999e-03 1.204991729624135394e-01
1.474500000000000000e+03 7.499414612029268028e+02 -1.245610593424825296e+01 -1.007880521463439205e+00 -1.136907138854031984e+01 -9.035780491308608164e-01 1.149855101387714740e+01 -1.107421529405155092e-01 -1.274842597038733927e-01 -2.014892582312980546e-02
1.510500000000000000e+03 6.692784225233453981e+02 3.336814007291902584e+00 -1.012705991214041923e+00 2.846685670951473401e+00 3.271038109368137325e-01 1.332284983423697788e+01 9.621390342274646623e-02 -1.071905706328004637e-01 8.788796233908349742e-02
1.546500000000000000e+03 5.507775934423107174e+02 5.947747501019771121e+00 4.799135585723562913e-02 6.378000831915997537e+00 -9.951354253791902527e-02 1.705733830363104886e+01 -4.156299019194786837e-02 -4.432976987366692156e-02 1.369328820168585481e-01
1.582500000000000000e+03 4.587059634119778480e+02 -2.308464461348794572e+00 -4.847357350184374747e-01 -1.084370138093923686e+00 -8.956125629819065015e-01 1.954442647675933387e+01 -2.058146042313623580e-01 1.223477715720727027e-01 2.804583745579188880e-01
1.618500000000000000e+03 4.099403105472792390e+02 -1.343075965308154807e+01 1.894999167978514421e-01 -1.420551639673330691e+01 -7.842842388884293525e-01 2.054372803684068316e+01 -1.017979379639256388e-01 1.152173276531519575e-01 1.680378395187697715e-01
1.654500000000000000e+03 3.911404509465149886e+02 -2.619848991543187822e+01 -4.985487887534221785e-01 -2.496927438416258127e+01 1.811123952400459092e-01 1.819780034927042678e+01 8.381353118911299971e-02 1.082256068497863960e-01 4.677487597426138038e-02
1.690500000000000000e+03 3.999028402647011262e+02 -3.049549112401858508e+01 7.879033299046080963e-01 -2.982231352410672898e+01 -4.698050400155320827e-02 1.509798800450558076e+01 -1.831026850165705655e-01 -5.073232220068094045e-02 3.391716870824631469e-01
1.726500000000000000e+03 4.061504392922513489e+02 -2.561124050545492992e+01 -8.222654174267924887e-01 -2.632651218933099102e+01 7.431923521550671818e-01 1.129968105296829961e+01 2.525274264197262530e-01 2.621101456470485008e-02 -8.733900201203445568e-02
1.762500000000000000e+03 3.930747859374504287e+02 -1.822045970981932328e+01 -6.287933241056569145e-01 -1.898764715760358968e+01 8.178726478123407584e-02 8.471760190705538207e+00 1.008458434751484667e-01 -1.595375930788649546e-02 -2.996765932565308432e-01
1.798500000000000000e+03 3.717092811284045411e+02 -8.327158147049406267e+00 -3.038353247482647457e-01 -1.049070492332342752e+01 6.005414198667420600e-02 7.738418613822206638e+00 -7.369753350694460692e-02 -1.999875611221879623e-02 -7.939767139907460969e-03
1.834500000000000000e+03 3.254048887514160242e+02 -5.800008438085971108e+00 8.339428927859355856e-01 -6.156793078132146491e+00 -2.305262778462508211e-01 8.696231655537054905e+00 -4.007786597557919106e-02 2.947985414975503107e-02 5.759610258091232837e-02
1.870500000000000000e+03 2.896444328249896216e+02 -5.321428777563232515e+00 -9.076842359534418314e-01 -5.192842739251855910e+00 -4.246265618342087711e-01 1.014782380902962444e+01 1.304625294277161895e-03 1.652532477188734528e-01 2.026713279603304385e-01
1.906500000000000000e+03 2.597306495055302094e+02 -9.743499723718526795e+00 4.180782599819854450e-01 -1.021568994020405086e+01 1.019493018854419342e+00 1.109643928513859379e+01 5.073732745555641077e-02 5.710963273109591620e-01 4.025457390658003509e-02
1.942500000000000000e+03 2.423670527254470244e+02 -1.502113786078906443e+01 -1.471648280035862788e+00 -1.544450774602452903e+01 -2.089566026259005449e-01 1.067491825598465383e+01 -3.764688036456245168e-01 8.015483494982557355e-02 -3.995112384013056739e-02
1.978500000000000000e+03 2.408085489485961261e+02 -1.821118971168414191e+01 7.064074941088245296e-01 -1.811939464320312609e+01 4.102203697331556764e-01 9.707302755130537975e+00 -2.770278366379868018e-01 -1.122477208616489974e-01 1.576948816319349578e-01
2.014500000000000000e+03 2.389673260552249303e+02 -1.769285231763946342e+01 -4.900982887940473764e-01 -1.751858071691906815e+01 -2.840819219575846377e-02 7.767042013390710764e+00 2.851711672729075747e-02 9.284380044980347635e-02 8.944805449661856478e-02
2.050500000000000000e+03 2.385602021059428353e+02 -1.492586136221801496e+01 -7.921303278970037720e-02 -1.403386978501023208e+01 -6.501526596189490803e-01 6.232591469004802320e+00 5.458315708842417235e-01 -3.628173366155832413e-01 3.644019076796852774e-01
2.086500000000000000e+03 2.217853749177200200e+02 -9.437654898980555984e+00 7.910578852339628098e-01 -9.294119672455860126e+00 -1.944792466186545943e-01 4.886721364909853094e+00 -1.809934902056248296e-01 -3.774852866409353358e-02 3.237988243011867828e-01
2.122500000000000000e+03 2.020262422785129672e+02 -6.223141142350284483e+00 5.692103544865019238e-01 -5.172164968546633546e+00 -2.430054961334920660e-01 4.914151229742852678e+00 -1.167292653011290648e-01 -1.319417646523331211e-01 -3.461804206955362284e-01
2.158500000000000000e+03 1.807227581548436319e+02 -2.992543710801380819e+00 -2.779641334928293350e-01 -3.413687854805599109e+00 -1.262312847066757171e-01 5.441501031449245573e+00 8.992353864112362372e-02 1.222056515585824982e-01 -3.689247806289354115e-01
2.207000000000000000e+03 1.499314855482280677e+02 -4.045441165137248163e+00 -6.807707343477753525e-01 -3.223215774857609794e+00 -4.448127486567936550e-01 6.003959937649835155e+00 -8.877162837171409526e-02 -9.845073725863719150e-02 -2.091428117566882655e-03
2.268000000000000000e+03 1.313953329208233072e+02 -6.395652829734398637e+00 -9.812492818831064501e-03 -7.013597558521065700e+00 -2.910872436294754673e-01 5.764675007978256716e+00 -6.150668320061065952e-03 5.411769258977276731e-02 -1.908942248855462556e-02
2.329000000000000000e+03 1.245640010765291947e+02 -8.647210653549729287e+00 -7.582352566620431666e-03 -7.953897685091931180e+00 4.476999138536438827e-01 4.548720793080264002e+00 2.459548845812213891e-01 -3.007587235392340519e-01 -1.736647162417912643e-02
2.390000000000000000e+03 1.179632905513383321e+02 -5.876684418248187214e+00 -3.262428578565657045e-01 -5.344779146970664030e+00 3.439737911603724108e-01 3.022321256605518869e+00 -1.197001707892642042e-02 1.119983746046932516e-01 8.158105783959312962e-02
2.451000000000000000e+03 1.057970416948855643e+02 -3.532920714888725833e+00 -5.784414808465241364e-01 -3.999618481904160472e+00 -1.244150009142901969e-01 2.660854587989898601e+00 -1.246142935708283161e-01 -4.611331849989827592e-02 -1.069750899269377997e-01
2.512000000000000000e+03 9.016132030488503801e+01 -2.491433629745158473e+00 1.978710153458815013e-01 -3.030536207669092263e+00 -7.405922551760577011e-02 2.808411519529737443e+00 1.918002593716274240e-01 5.511595095595551996e-02 3.663807831708710827e-01
2.573000000000000000e+03 8.238236139491701238e+01 -3.905505208112074023e+00 1.039462074911945644e+00 -3.869484060222006860e+00 -3.539390547949869958e-01 2.991769920088304779e+00 2.438315586347565567e-02 3.173484059095044163e-02 -1.177217640811713262e-02
2.634000000000000000e+03 7.695088495423968311e+01 -4.605731224809826330e+00 -1.236683620041938575e-01 -4.244173653470490137e+00 -4.213706059266889015e-01 2.201535248479189022e+00 -5.528533962182806683e-01 -1.788242507612371468e-01 2.410039840797295052e-01
2.695000000000000000e+03 7.276253180087486783e+01 -3.140502857126918013e+00 1.705017596538210278e-01 -3.123157149824208112e+00 -5.203744649465767980e-01 1.909194516851770995e+00 -5.871514992461956961e-02 -2.893617753312135998e-02 2.465104468398995885e-02
2.756000000000000000e+03 6.516341345981382460e+01 -1.975299654075607148e+00 2.496672059749303618e-01 -2.085858262671008490e+00 2.285481373795172355e-01 1.173200102203496353e+00 2.432533054322529031e-02 -2.568363122506340801e-01 -3.102365546493426329e-01
2.817000000000000000e+03 5.738607270298275864e+01 -1.345484387831827888e+00 -2.762461559472931816e-01 -2.038054980498997359e+00 3.618647047835990560e-02 1.700179833981101174e+00 -2.084626502631674594e-01 -9.327201791712677603e-02 2.159452977536400753e-01
2.878000000000000000e+03 5.145895595516894616e+01 -1.618696038441781226e+00 6.846543431443513628e-02 -1.037360026229124710e+00 3.339421444449488519e-01 1.857280175211888373e+00 -2.076587965044279505e-01 -1.507834267058347777e-01 5.843120514593554971e-01
2.939000000000000000e+03 4.881261617697613531e+01 -2.085538705118737290e+00 5.579932513865916155e-01 -1.789237352597805142e+00 -1.882775715437760566e-01 8.762149083844208430e-01 -1.528294014162449588e-01 6.470661900193998284e-03 3.702004473418992747e-01
3.000000000000000000e+03 4.615347994396804410e+01 -1.245932184343045979e+00 -2.190850111440512948e-01 -1.004038678909919602e+00 3.413608291222239854e-01 1.289613861326165178e+00 -3.484879620549564960e-02 2.731616964865767050e-02 -2.568306875310365500e-01
3.061000000000000000e+03 4.352626415643311475e+01 -1.913603507642085200e+00 2.384711230496645573e-01 -7.907977121797462594e-01 5.709449198602641051e-02 5.920503326958075352e-01 -4.288634587855600921e-01 -1.354050530162619059e-01 1.536938520461683666e-02
3.122000000000000000e+03 4.167080002621863599e+01 -1.363701720661937511e+00 -1.825284010061638540e-01 -1.157038523683814102e+00 -4.719313885522349317e-01 7.152903209049401578e-01 4.532606760686092029e-02 5.013233953644902208e-01 -5.934608533992260515e-01
3.183000000000000000e+03 3.994929772088654829e+01 -1.201782030480607055e+00 3.674013332829594303e-01 -1.182050741541656791e+00 -3.350033747849758270e-01 1.140386908048696135e+00 3.567421863857299646e-01 -6.350480990687416005e-01 -8.304670374223642737e-01
3.244000000000000000e+03 3.728230869852019680e+01 -1.143844402727206333e+00 -4.430462013572969981e-01 -1.154536618450668906e+00 2.680405516114025000e-01 5.614052179227320138e-01 5.513004494378208609e-01 -2.423592581949911007e-01 6.588005654862219562e-02
3.305000000000000000e+03 3.734964656865655996e+01 -6.937551093908707056e-01 7.725417477167384472e-02 -1.022642584217405393e+00 1.383089562371518921e-01 9.847589014746653824e-01 2.995228911040930253e-01 1.983228223749644026e-01 -2.179661493588139209e-01
3.366000000000000000e+03 3.596614063507144010e+01 -1.607593377942188040e+00 -5.713358312559226881e-01 -4.866979452354593949e-01 7.960362490541936786e-01 6.890064195834704197e-01 -1.717253175685761746e-01 3.236309058814681450e-01 -3.537483688788057856e-01
3.447000000000000000e+03 3.391298696378767374e+01 -6.841485579128521177e-01 7.991279688625893551e-02 -3.826709392908940743e-01 -1.537180855318178996e-01 6.605752773657858068e-01 4.622382596712185654e-01 4.500798212364331974e-02 2.289308173658921586e-01
3.548000000000000000e+03 3.207344765852796087e+01 -4.881271720837081496e-01 2.273756114579239818e-01 -1.250641845554215426e+00 1.847144566014368716e-01 2.742486927404700348e-01 -1.534554629288603367e-01 6.986755408754030672e-02 3.793032661195979705e-01
3.649000000000000000e+03 3.319569262345571303e+01 -6.441258360754877899e-01 4.286716795899123689e-01 -4.824045256339993815e-01 -3.857335490840298475e-01 7.574511697805546007e-01 1.725080724914698216e-01 -8.174324177496510024e-02 -3.015052341918583179e-01
3.750000000000000000e+03 3.201098009858629467e+01 -5.311596793546947970e-02 -1.309877840719187447e-01 2.025602873744890287e-01 -8.642963838781101416e-01 2.610342653929658696e-01 -2.344665075979143476e-01 7.062128134140450708e-01 1.028726070165654205e-01
3.851000000000000000e+03 3.265754618831785194e+01 -8.363638052916262389e-01 -2.326206664828565363e-01 1.529409346992610663e-01 1.241872072507200220e-01 2.372180343032726513e-01 5.651755345938147546e-01 -3.081010101782930555e-01 5.246462603987090967e-01
3.952000000000000000e+03 3.359951168002421440e+01 -6.847620800476205138e-01 -5.625248174229597886e-01 -4.377648154213226173e-01 -1.075378516194467060e-01 3.609516643337018493e-01 4.144738337908586145e-01 -8.054546415579924012e-01 1.401692887453139247e-01
4.053000000000000000e+03 3.460441742771781293e+01 4.269851911965048818e-02 -2.727920404650481245e-01 -2.225824702391084320e-01 5.127103954098871652e-02 8.010272234252270307e-01 -4.854566580495077721e-01 4.925668932324844262e-01 -1.257450511640725022e-01
4.154000000000000000e+03 3.461084085746294647e+01 -6.519784441727979329e-01 2.630801357184969769e-02 2.051326922746373460e-01 -6.418487984155845094e-01 3.869062297707634435e-02 -5.500271465014482386e-01 1.608027254878117429e-01 2.030368335515173317e-01
4.255000000000000000e+03 3.574693481042959320e+01 6.795473438255719145e-01 3.825342335582699871e-01 -4.529999863344255084e-01 2.427557605643596572e-01 -5.338331724700682290e-01 -9.658309595558715044e-01 -7.741948039762749922e-02 -2.965850043821898208e-01
4.356000000000000000e+03 3.752732092577375766e+01 -4.043505118061405668e-01 7.921253994144481503e-01 1.070739630288244149e+00 -8.980591645314892624e-01 -2.328385620511621568e-01 -4.355112480305711742e-01 -1.335276436024205537e+00 3.381316278335578795e-01
4.457000000000000000e+03 3.771530091126984985e+01 -7.967927860882061397e-01 5.294991879673590640e-01 1.290472770552301696e-01 -1.192331317006104507e+00 -1.894440296918351030e-02 5.160436363262911330e-01 1.359387963452272086e+00 -5.648168684561164499e-01
4.558000000000000000e+03 3.836508859685137196e+01 -4.949069589090051569e-01 3.627770258072048337e-01 -5.083385662449944054e-01 -1.490604388386606582e-01 -1.299189302041118044e+00 -5.723633192215269450e-01 -1.799215242657735137e-01 1.876670928333871169e-01
4.659000000000000000e+03 4.037623547667121215e+01 1.096951746876728279e-01 -1.042660943532420642e-01 -1.279438600877996324e+00 -4.562328376904484228e-03 -6.913792074557396916e-02 -2.712712722134871246e-01 5.706900863058188555e-01 -1.299230575562119461e-01
4.760000000000000000e+03 4.073511155401877204e+01 2.647728125545253941e-01 -1.384547590039106324e-02 -1.125404395023794413e+00 -5.203975353483635269e-01 1.321651296982983004e-01 5.385230533982792167e-01 -2.397218791031686669e-01 2.877365807629000960e-02
4.861000000000000000e+03 4.325273379658717943e+01 -1.175803282561438678e-01 -2.580183455888025446e-01 -1.794201157009309489e+00 8.075084257201191607e-01 4.981049898749312366e-03 -8.499445993978188563e-02 -7.625093067336798924e-01 7.601833617519234698e-01
4.962000000000000000e+03 4.361916207213697305e+01 5.658597649167007582e-01 -5.462164272218092975e-01 1.749871162990776829e+00 1.006477393264229581e-01 -6.374213058268082266e-01 -1.838712807586879272e+00 6.436955782265518788e-02 -6.762662028974246731e-01
5.063000000000000000e+03 4.396942795053922026e+01 -3.510448180700787013e-04 2.214340965140419726e-01 -1.797490078570858518e+00 -1.080204633025405592e-02 5.441561262512590869e-01 1.224678900605646437e+00 -1.867455813554355970e+00 -4.725405327072233486e-01
5.164000000000000000e+03 4.621511733427645652e+01 9.437550231722909855e-01 -3.163135632320467905e-01 -4.757836911651210920e-01 1.937695371615033579e-01 1.097681812895929809e+00 -5.403481177353821607e-01 -9.260520590637377758e-01 -9.096538934509368346e-01
5.265000000000000000e+03 4.844331056628556809e+01 -1.704799367006550215e+00 -1.004850371812589516e-01 7.343024658429099238e-01 -2.476536921834089355e-01 5.842291714271151681e-01 1.854769813669716605e-01 -3.867111814533635838e-01 1.305003786579240543e+00
5.366000000000000000e+03 5.047680330649062341e+01 -1.740841474924514909e+00 1.666589348756344069e-01 -1.413253443132505227e+00 -7.006394203322013903e-01 7.895422610618121340e-01 -6.875090240588968005e-01 1.674192016564699736e+00 -9.028735665825684542e-01
5.467000000000000000e+03 5.252289225010768803e+01 -9.626345782774126114e-01 -1.546552154333556528e+00 5.516255019258659020e-02 -1.591679974855841007e+00 -1.592589511963317106e-01 1.532563327021148059e+00 1.183256404032205777e-01 1.557587037516783735e+00
5.568000000000000000e+03 5.357993610823058361e+01 -6.529057920743760457e-01 4.537691737959449467e-01 8.063445380821443464e-01 -7.876870268659704744e-01 -4.592918057939304188e-01 -8.067167880792316392e-01 1.178154678320921578e+00 -4.491922759166410706e-01
5.669000000000000000e+03 5.629670307480726166e+01 7.443435656776269393e-01 -1.128380603498520429e+00 -1.668731188346987748e+00 -8.548683559404289811e-01 7.654320701619783396e-01 1.132208649529660827e+00 7.759419956646518290e-02 2.199953243355249555e+00
5.770000000000000000e+03 5.549367450208405472e+01 -1.869569771776325773e+00 -9.989678249221458639e-01 1.825026749311728924e-01 2.407794500276537741e-01 1.160937967790922398e+00 4.985719860338424514e-01 3.266191551169931540e+00 -1.963767974518806803e+00
5.871000000000000000e+03 5.899532175849265059e+01 -1.386393589945549287e+00 -1.134064613100788765e+00 -1.308313127738637505e+00 1.079400414201736158e+00 3.128733046071404122e-01 -1.193138388643968595e+00 1.563373276507670440e+00 7.157065131194355612e-01
