# l Dl_TT Dl_TE Dl_TB Dl_ET Dl_BT Dl_EE Dl_EB Dl_BE Dl_BB
7.050000000000000000e+01 1.865142836427147813e+03 -5.784802865307787201e+00 -1.370588167264829016e+00 -5.784802865307787201e+00 -1.370588167264829016e+00 3.458595178317049879e-01 -8.756905999638929516e-04 -8.756905999638964211e-04 -1.127590368004546990e-02
1.065000000000000000e+02 3.099776464734723504e+03 -2.736838409187264176e+01 2.892213928555831259e-01 -2.736838409187264176e+01 2.892213928555831259e-01 8.841141510771500789e-01 -4.796109056482904948e-03 -4.796109056482904948e-03 2.901737131882626934e-03
1.425000000000000000e+02 4.054809806862210280e+03 -4.383636570601480997e+01 -2.972011636315503025e-01 -4.383636570601480997e+01 -2.972011636315503025e-01 1.107171969275326351e+00 1.571491358447769937e-02 1.571491358447768202e-02 -2.463773077216940832e-02
1.785000000000000000e+02 4.986330553441887787e+03 -3.236014698452243010e+01 2.980861537057445942e-01 -3.236014698452243010e+01 2.980861537057445942e-01 8.210024997959380899e-01 7.315415808306818639e-03 7.315415808306820374e-03 5.832735026242054019e-03
2.145000000000000000e+02 5.749614849919684275e+03 3.769113001198722834e+00 -1.133549614018559692e+00 3.769113001198722834e+00 -1.133549614018559692e+00 7.905051157887865720e-01 1.066371376956561784e-02 1.066371376956562131e-02 3.676546400001449218e-03
2.505000000000000000e+02 5.376659575825532556e+03 6.267274385735846920e+01 1.997833117062782105e+00 6.267274385735846920e+01 1.997833117062782105e+00 2.395890625078667124e+00 5.132958244145446186e-02 5.132958244145449656e-02 7.321857556166123937e-02
2.865000000000000000e+02 4.566955089965637853e+03 1.109798306868273414e+02 7.427640647092239590e-01 1.109798306868273414e+02 7.427640647092239590e-01 6.879089537445573832e+00 4.249052863705254923e-02 4.249052863705252842e-02 1.821784782253810242e-02
3.225000000000000000e+02 3.347060037785377062e+03 1.148636964821253059e+02 -3.821392423995260135e-01 1.148636964821253059e+02 -3.821392423995260135e-01 1.307915079608871167e+01 -2.613300739585529275e-02 -2.613300739585530316e-02 1.781939545716345469e-02
3.585000000000000000e+02 2.315537986411572092e+03 7.598826338032341710e+01 1.240791253184427623e+00 7.598826338032341710e+01 1.240791253184427623e+00 1.863059441861370047e+01 -8.490706297537632674e-02 -8.490706297537635450e-02 5.376112106789485146e-02
3.945000000000000000e+02 1.773709947163665220e+03 1.025354028243644322e+01 -7.136904968246486902e-01 1.025354028243644322e+01 -7.136904968246486902e-01 2.136552436781360598e+01 -6.079295197240783266e-02 -6.079295197240781878e-02 4.401332823399480010e-02
4.305000000000000000e+02 1.817173891316999288e+03 -4.877329295115465158e+01 1.056719478592150693e-02 -4.877329295115465158e+01 1.056719478592150693e-02 1.906059833713930374e+01 1.346539615180125660e-02 1.346539615180122884e-02 4.888299362299561301e-02
4.665000000000000000e+02 2.159864929497996854e+03 -7.704141568212870084e+01 1.247271722034727082e-01 -7.704141568212870084e+01 1.247271722034727082e-01 1.342338528441985090e+01 1.288316269976653161e-01 1.288316269976653161e-01 8.514498879102377904e-02
5.025000000000000000e+02 2.460523956711330356e+03 -5.529093893366700740e+01 -6.496331746517696182e-01 -5.529093893366700740e+01 -6.496331746517696182e-01 8.179793641071400501e+00 4.353583093709662011e-02 4.353583093709661317e-02 1.070614405491143173e-01
5.385000000000000000e+02 2.611100962494082069e+03 -1.526189486353750446e+01 5.596677947264339092e-01 -1.526189486353750446e+01 5.596677947264339092e-01 7.493775913763240482e+00 -2.701799121658899488e-03 -2.701799121658899488e-03 6.308125313743112583e-02
5.745000000000000000e+02 2.431643539384431278e+03 2.165007282252710752e+01 4.181888211994377880e-01 2.165007282252710752e+01 4.181888211994377880e-01 1.272634930090594629e+01 4.769137371237879702e-02 4.769137371237880396e-02 5.874669485071128128e-02
6.105000000000000000e+02 2.112585280165018048e+03 2.426181989074630252e+01 -7.794660485325181076e-01 2.426181989074630252e+01 -7.794660485325181076e-01 2.282429969607177611e+01 -8.283178713617783684e-02 -8.283178713617783684e-02 1.141041326702028763e-01
6.465000000000000000e+02 1.849966531570381221e+03 -9.787945776962571287e+00 -8.124725988323540093e-01 -9.787945776962571287e+00 -8.124725988323540093e-01 3.242163818137323972e+01 6.189280392292932642e-03 6.189280392292918764e-03 7.239970727222685976e-02
6.825000000000000000e+02 1.792574836489297013e+03 -6.930880816075736561e+01 7.664004665552374140e-01 -6.930880816075736561e+01 7.664004665552374140e-01 3.737749189583548315e+01 -1.209091408193701950e-01 -1.209091408193702089e-01 2.539748349702606461e-02
7.185000000000000000e+02 1.981194013887897427e+03 -1.190945590526501405e+02 -8.358020140277231391e-01 -1.190945590526501405e+02 -8.358020140277231391e-01 3.510312788173396825e+01 6.929279228167560534e-02 6.929279228167559146e-02 4.987483637539912723e-02
7.545000000000000000e+02 2.276298233339603030e+03 -1.320821726670875762e+02 8.262529466094455100e-02 -1.320821726670875762e+02 8.262529466094455100e-02 2.690624438883728331e+01 6.052542833557748858e-02 6.052542833557750246e-02 6.365183694034259876e-02
7.905000000000000000e+02 2.512890336325353019e+03 -1.016519190264052952e+02 9.845335911000363538e-02 -1.016519190264052952e+02 9.845335911000363538e-02 1.752867237570480796e+01 -8.397234804107665818e-02 -8.397234804107667205e-02 2.019681208071187964e-02
8.265000000000000000e+02 2.513452041191763783e+03 -4.363245800303276667e+01 -1.534711650112327241e+00 -4.363245800303276667e+01 -1.534711650112327241e+00 1.289481158564142227e+01 4.765554141239870811e-02 4.765554141239872199e-02 6.893127930026954342e-02
8.625000000000000000e+02 2.298774985433817164e+03 1.792348359421695037e+01 7.783778099104785575e-01 1.792348359421695037e+01 7.783778099104785575e-01 1.500684315414612868e+01 6.617250407937375067e-02 6.617250407937376455e-02 1.575181994144829456e-01
8.985000000000000000e+02 1.906271494101217968e+03 5.382999703056847807e+01 -9.173363575308239870e-01 5.382999703056847807e+01 -9.173363575308239870e-01 2.305846151563023483e+01 -1.187287577755861689e-01 -1.187287577755861551e-01 5.322272763947318713e-02
9.345000000000000000e+02 1.515744484882289498e+03 5.453340806880876812e+01 -4.468718979448406126e-01 5.453340806880876812e+01 -4.468718979448406126e-01 3.460766607636101355e+01 -8.422366233789065071e-02 -8.422366233789065071e-02 1.170076764725526547e-01
9.705000000000000000e+02 1.198918477991840291e+03 1.520328767303212025e+01 -7.050570025583197120e-01 1.520328767303212025e+01 -7.050570025583197120e-01 4.083702449877489471e+01 1.048053185444923208e-01 1.048053185444923208e-01 4.493477531059792557e-02
1.006500000000000000e+03 1.068768071694731134e+03 -3.154508358272745738e+01 -3.981774247226622654e-01 -3.154508358272745738e+01 -3.981774247226622654e-01 4.213712390729514112e+01 7.154684099551252008e-02 7.154684099551254783e-02 2.203018478396785371e-02
1.042500000000000000e+03 1.085692261758863879e+03 -6.699654125090995649e+01 5.620282637523797975e-01 -6.699654125090995649e+01 5.620282637523797975e-01 3.501671566023023985e+01 -5.037258535704113027e-02 -5.037258535704115803e-02 1.254012885029415492e-01
1.078500000000000000e+03 1.172096368920180339e+03 -7.765110340350861406e+01 -3.127517337769631367e-01 -7.765110340350861406e+01 -3.127517337769631367e-01 2.522393767091329764e+01 1.177410164363189987e-02 1.177410164363185824e-02 7.420060792594437848e-02
1.114500000000000000e+03 1.229633942024237740e+03 -5.967650555147494629e+01 -4.204926693354035794e-02 -5.967650555147494629e+01 -4.204926693354035794e-02 1.676600076110327464e+01 -4.849893939722116354e-02 -4.849893939722112191e-02 9.358902178806510763e-02
1.150500000000000000e+03 1.212634382396588762e+03 -2.856551564584090031e+01 1.838603612686470767e-01 -2.856551564584090031e+01 1.838603612686470767e-01 1.327401595626275643e+01 -4.778638500108765841e-02 -4.778638500108765841e-02 1.056710414212738147e-01
1.186500000000000000e+03 1.102010201382930518e+03 -2.330984817175367318e+00 4.990377946337854476e-01 -2.330984817175367318e+00 4.990377946337854476e-01 1.561554263989016000e+01 -5.909695818341692553e-02 -5.909695818341692553e-02 2.576843013364367441e-02
1.222500000000000000e+03 9.551626808393830288e+02 6.549699763115643059e+00 7.272547229228107923e-01 6.549699763115643059e+00 7.272547229228107923e-01 2.125934523643299201e+01 2.101447621962181933e-01 2.101447621962183321e-01 5.174817696323321878e-03
1.258500000000000000e+03 8.261086811194827533e+02 -4.030359750613609293e+00 -6.828443055938646644e-01 -4.030359750613609293e+00 -6.828443055938646644e-01 2.759636123614330216e+01 -9.799117143095231741e-02 -9.799117143095231741e-02 1.726110893039474459e-02
1.294500000000000000e+03 7.448702004121320215e+02 -2.868235885354159365e+01 1.457200189061765572e-01 -2.868235885354159365e+01 1.457200189061765572e-01 2.992225085314476019e+01 -1.006894775350017923e-01 -1.006894775350017646e-01 -5.279314318240266313e-02
1.330500000000000000e+03 7.384514833786292911e+02 -5.040299783676799450e+01 1.332729811087045302e-01 -5.040299783676799450e+01 1.332729811087045302e-01 2.860099284336386916e+01 9.722725223840786302e-02 9.722725223840791853e-02 3.254258745755007898e-02
1.366500000000000000e+03 7.738035616794201133e+02 -6.041903397005162901e+01 1.069623290037754249e+00 -6.041903397005162901e+01 1.069623290037754249e+00 2.304510856160474930e+01 3.333768783116580064e-02 3.333768783116580064e-02 1.073634578464193884e-01
1.402500000000000000e+03 8.098048684998352655e+02 -5.367065789383850927e+01 2.874092749451848672e-01 -5.367065789383850927e+01 2.874092749451848672e-01 1.675063451095652312e+01 -1.383733345152279165e-02 -1.383733345152276389e-02 1.526929705196068132e-01
1.438500000000000000e+03 8.139320936930716925e+02 -3.432793089248411889e+01 -1.512908815051826061e-01 -3.432793089248411889e+01 -1.512908815051826061e-01 1.254430011572022607e+01 1.193900846595832427e-01 1.193900846595832566e-01 1.342303363884437273e-01
1.474500000000000000e+03 7.703156774368884498e+02 -1.227415437221725725e+01 4.390556947198310800e-01 -1.227415437221725725e+01 4.390556947198310800e-01 1.144765684014896756e+01 -2.551411790518570699e-02 -2.551411790518570699e-02 -5.245955689124236904e-02
1.510500000000000000e+03 6.619231532302769665e+02 2.463712788360650219e+00 8.203994597371152553e-01 2.463712788360650219e+00 8.203994597371152553e-01 1.367801804770997443e+01 2.978726506902666313e-02 2.978726506902665966e-02 1.143667743470865861e-01
1.546500000000000000e+03 5.550932358625785810e+02 5.006026317972697370e+00 8.528092846829066209e-02 5.006026317972697370e+00 8.528092846829066209e-02 1.707589918694094067e+01 -1.205171578531203241e-01 -1.205171578531203103e-01 3.072793554181243742e-03
1.582500000000000000e+03 4.655199495153418638e+02 -2.021883864943674780e+00 2.359960233562558019e-01 -2.021883864943674780e+00 2.359960233562558019e-01 2.003071380390088052e+01 2.475519122052365767e-02 2.475519122052365767e-02 3.253647677350051670e-01
1.618500000000000000e+03 4.153686429657490180e+02 -1.423128520929160601e+01 -2.997131552105837815e-01 -1.423128520929160601e+01 -2.997131552105837815e-01 2.067234059361552312e+01 3.275757680230158286e-02 3.275757680230159674e-02 9.756026405113485400e-02
1.654500000000000000e+03 3.948635457955047059e+02 -2.570774970525251391e+01 -9.269908250749558931e-02 -2.570774970525251391e+01 -9.269908250749558931e-02 1.879086003301244290e+01 1.844607548684018550e-02 1.844607548684019244e-02 2.220339134236045120e-01
1.690500000000000000e+03 4.052926096338871957e+02 -3.085046289099145156e+01 -4.133252272270674516e-02 -3.085046289099145156e+01 -4.133252272270674516e-02 1.472477485170865918e+01 -1.020933605376882908e-01 -1.020933605376882491e-01 2.092307510532165071e-01
1.726500000000000000e+03 4.070437901453935865e+02 -2.634210874401809122e+01 4.572920437794358861e-01 -2.634210874401809122e+01 4.572920437794358861e-01 1.071215876973737302e+01 -1.777162424986443445e-02 -1.777162424986442404e-02 -7.879816614208454140e-02
1.762500000000000000e+03 3.956076872087934930e+02 -1.867980606063699511e+01 -3.523751481705600930e-01 -1.867980606063699511e+01 -3.523751481705600930e-01 8.475252558256856972e+00 -1.479980793625804494e-02 -1.479980793625805882e-02 1.757736300347133296e-01
1.798500000000000000e+03 3.679338683684822513e+02 -1.026808323815437518e+01 -4.997953428982891966e-01 -1.026808323815437518e+01 -4.997953428982891966e-01 7.741849904911829228e+00 8.682711373637838626e-02 8.682711373637855279e-02 1.048413904408647124e-01
1.834500000000000000e+03 3.276564394876875213e+02 -5.514246597183717569e+00 3.650321648708400590e-01 -5.514246597183717569e+00 3.650321648708400590e-01 8.812064284952649373e+00 -1.545261378324099544e-01 -1.545261378324098434e-01 8.613211561751614453e-02
1.870500000000000000e+03 2.865518961953163171e+02 -6.240503562477282884e+00 -3.200408708995733376e-01 -6.240503562477282884e+00 -3.200408708995733376e-01 1.015313325460070359e+01 1.229652616727498343e-01 1.229652616727498760e-01 -3.460261190034565060e-02
1.906500000000000000e+03 2.611375433393423009e+02 -9.918986955376833947e+00 6.301368919208493180e-01 -9.918986955376833947e+00 6.301368919208493180e-01 1.101944907978576005e+01 7.209701053740086296e-02 7.209701053740083521e-02 -5.399852041412413206e-02
1.942500000000000000e+03 2.471250013139151633e+02 -1.458507315196646736e+01 -3.435308000907865145e-01 -1.458507315196646736e+01 -3.435308000907865145e-01 1.103379932444783584e+01 1.037435392196361245e-02 1.037435392196361938e-02 -1.674688086089383757e-02
1.978500000000000000e+03 2.429380436066092557e+02 -1.733522307166270338e+01 4.023212894139337470e-01 -1.733522307166270338e+01 4.023212894139337470e-01 9.473572970969406981e+00 9.434101424230438571e-02 9.434101424230435795e-02 -2.370718882867596522e-02
2.014500000000000000e+03 2.399356328141559516e+02 -1.730748460162028479e+01 -5.262730045391648126e-01 -1.730748460162028479e+01 -5.262730045391648126e-01 7.981323806280877342e+00 1.142448632590341989e-02 1.142448632590342510e-02 -1.226032442789560667e-01
2.050500000000000000e+03 2.398624211656467935e+02 -1.384660091788945735e+01 2.087888972209552829e-01 -1.384660091788945735e+01 2.087888972209552829e-01 6.202532808512620122e+00 8.127088963263168209e-02 8.127088963263172372e-02 2.690866751895372166e-01
2.086500000000000000e+03 2.253902293459362056e+02 -9.145759839789057821e+00 -5.574945723577686696e-01 -9.145759839789057821e+00 -5.574945723577686696e-01 5.459008693576393512e+00 -2.705176847326361267e-02 -2.705176847326355716e-02 2.092434352553733390e-01
2.122500000000000000e+03 2.032236744918439797e+02 -5.079365036065118133e+00 -6.026182636737411613e-01 -5.079365036065118133e+00 -6.026182636737411613e-01 4.953805433414722792e+00 2.828374171484992344e-02 2.828374171484993732e-02 1.484890359067433767e-02
2.158500000000000000e+03 1.806761147381248236e+02 -3.317466272951635098e+00 -5.794423183320890347e-02 -3.317466272951635098e+00 -5.794423183320890347e-02 5.318356927046692384e+00 -1.118510363258442830e-01 -1.118510363258442136e-01 -1.516856399329654936e-01
2.207000000000000000e+03 1.531510705959623806e+02 -3.644661253379571697e+00 1.279132739204941749e-01 -3.644661253379571697e+00 1.279132739204941749e-01 6.111360335865620108e+00 -1.999769093133158537e-01 -1.999769093133157427e-01 8.772983902194936290e-02
2.268000000000000000e+03 1.324415042177944315e+02 -6.833659105822286861e+00 -1.356854258600405649e-01 -6.833659105822286861e+00 -1.356854258600405649e-01 6.116356030296909552e+00 -2.014009996232947186e-01 -2.014009996232947186e-01 2.010104594777351039e-01
2.329000000000000000e+03 1.253385736816041032e+02 -8.046666270713039637e+00 -3.400018470176304208e-01 -8.046666270713039637e+00 -3.400018470176304208e-01 4.492786156415252918e+00 8.280044837232995725e-02 8.280044837232998500e-02 9.622384678115431314e-03
2.390000000000000000e+03 1.187521751641420877e+02 -5.786352737732189944e+00 -9.701812027189039844e-02 -5.786352737732189944e+00 -9.701812027189039844e-02 3.164706675351391052e+00 -1.014299009111528926e-01 -1.014299009111528371e-01 1.231644155793734929e-01
2.451000000000000000e+03 1.052883091028652700e+02 -3.542541228542606557e+00 -3.037439909792324366e-01 -3.542541228542606557e+00 -3.037439909792324366e-01 2.680059490482141094e+00 -1.118225407097630797e-01 -1.118225407097630797e-01 3.652067871458627296e-02
2.512000000000000000e+03 9.195397343270963120e+01 -3.225206432743340734e+00 9.308955173469793398e-02 -3.225206432743340734e+00 9.308955173469793398e-02 2.791380865844410586e+00 1.365365581498624581e-01 1.365365581498624303e-01 -8.782184420937361527e-03
2.573000000000000000e+03 8.126693207555170773e+01 -4.035177701480201051e+00 -2.378107887736671255e-01 -4.035177701480201051e+00 -2.378107887736671255e-01 2.881315537011642114e+00 3.639233927599405671e-03 3.639233927599391794e-03 7.123619484151630377e-02
2.634000000000000000e+03 7.844024310145144341e+01 -4.316101710850822393e+00 -4.568594999243986987e-02 -4.316101710850822393e+00 -4.568594999243986987e-02 2.377766563089223961e+00 -1.446674377858978566e-01 -1.446674377858979121e-01 -1.809132084948718022e-01
2.695000000000000000e+03 7.236450770182520387e+01 -3.193801533138876270e+00 -6.211360770197356385e-02 -3.193801533138876270e+00 -6.211360770197356385e-02 1.811927333526436756e+00 5.407095767904645904e-03 5.407095767904645904e-03 -1.829187108674398266e-01
2.756000000000000000e+03 6.664991857788665186e+01 -2.101634702026195178e+00 5.556078706079368990e-02 -2.101634702026195178e+00 5.556078706079368990e-02 1.386689603292531547e+00 4.932413506478722925e-02 4.932413506478723619e-02 1.509284600137954513e-01
2.817000000000000000e+03 5.752111237317902948e+01 -1.594926606582394601e+00 4.610193701797855037e-01 -1.594926606582394601e+00 4.610193701797855037e-01 1.433088156375498690e+00 -2.163816837427330053e-01 -2.163816837427330331e-01 1.576871612309074105e-02
2.878000000000000000e+03 5.244141103337303633e+01 -1.669491685951543847e+00 -4.990676194854878206e-03 -1.669491685951543847e+00 -4.990676194854878206e-03 1.302745634793330831e+00 2.115928465775174239e-01 2.115928465775173961e-01 9.148577906528289339e-02
2.939000000000000000e+03 4.922085928588782622e+01 -1.568093566454553667e+00 1.615193197534511849e-01 -1.568093566454553667e+00 1.615193197534511849e-01 1.615904260446760388e+00 -6.786473864596541394e-02 -6.786473864596541394e-02 -1.743010432487529793e-01
3.000000000000000000e+03 4.636010957530195498e+01 -1.314775995942857545e+00 1.101561692216590782e-01 -1.314775995942857545e+00 1.101561692216590782e-01 8.786117135393821664e-01 -6.198762280667950708e-03 -6.198762280667950708e-03 1.040310608871069520e-01
3.061000000000000000e+03 4.386497737558321575e+01 -1.130773355532816549e+00 -6.530230139483700347e-02 -1.130773355532816549e+00 -6.530230139483700347e-02 9.021472232202968344e-01 4.100875673219304962e-02 4.100875673219300799e-02 1.566855923142553009e-02
3.122000000000000000e+03 4.147222306532387393e+01 -9.674202314855822049e-01 1.524530146790541163e-02 -9.674202314855822049e-01 1.524530146790541163e-02 1.098386377568498107e+00 1.388837398303401360e-01 1.388837398303401915e-01 1.456841807019782775e-01
3.183000000000000000e+03 3.836633909690142019e+01 -1.013351070571099299e+00 -1.666405509221003389e-01 -1.013351070571099299e+00 -1.666405509221003389e-01 6.973730979205511327e-01 5.684793064359085213e-02 5.684793064359084519e-02 2.505196102978390904e-01
3.244000000000000000e+03 3.703706530808861430e+01 -1.076119244131945596e+00 7.206728126283125369e-02 -1.076119244131945596e+00 7.206728126283125369e-02 3.189106128491049352e-01 4.877532413642543530e-02 4.877532413642537978e-02 -1.251553624781909513e-01
3.305000000000000000e+03 3.641279638077417502e+01 -5.916674467910707502e-01 -1.866189909996282259e-01 -5.916674467910707502e-01 -1.866189909996282259e-01 5.670563007941130662e-01 4.536558161938791800e-02 4.536558161938793188e-02 1.540975649625443526e-02
3.366000000000000000e+03 3.487456132644733486e+01 -6.264926206634813255e-01 -1.067648135330933196e-01 -6.264926206634813255e-01 -1.067648135330933196e-01 3.857014458897212172e-01 -2.002635587547628437e-02 -2.002635587547632601e-02 6.492951016309587986e-02
3.447000000000000000e+03 3.305232421513439789e+01 -3.229931133139227750e-01 5.971864193351993089e-02 -3.229931133139227750e-01 5.971864193351993089e-02 7.351951084168693862e-02 5.463694289145210048e-02 5.463694289145211436e-02 -2.329910216791098998e-01
3.548000000000000000e+03 3.185901906440423659e+01 -5.291759487463677525e-01 4.221121792960806918e-01 -5.291759487463677525e-01 4.221121792960806918e-01 2.303415979549280346e-01 1.413010333241616345e-01 1.413010333241616345e-01 -1.811035915297646570e-01
3.649000000000000000e+03 3.093093059562988500e+01 -1.797377671054461723e-01 7.318169109695006613e-02 -1.797377671054461723e-01 7.318169109695006613e-02 1.865800866811164749e-01 -1.348250503916903487e-01 -1.348250503916902099e-01 4.371772049392103621e-01
3.750000000000000000e+03 3.076455178204658480e+01 -2.502533929913720034e-01 -1.255065931368396781e-01 -2.502533929913720034e-01 -1.255065931368396781e-01 1.159458923698087063e-01 -2.805539705874976475e-02 -2.805539705874973699e-02 1.599949367795471325e-02
3.851000000000000000e+03 3.042223247912063400e+01 -1.320677185268985532e-01 -1.684832251273576387e-01 -1.320677185268985532e-01 -1.684832251273576387e-01 3.522698130580828035e-01 2.039586744091825277e-01 2.039586744091824722e-01 1.709684175586188293e-01
3.952000000000000000e+03 3.067030400935747636e+01 -2.971117047060344712e-02 1.355270936124002013e-02 -2.971117047060344712e-02 1.355270936124002013e-02 -2.833369736322937094e-01 -1.206311186387969692e-01 -1.206311186387969830e-01 -6.126854742388789660e-02
4.053000000000000000e+03 3.111390248820454119e+01 -8.698401341473585568e-02 -4.039909920171415592e-01 -8.698401341473585568e-02 -4.039909920171415592e-01 1.599372441643176490e-01 8.043186255207972202e-02 8.043186255207973590e-02 -2.448925110887824608e-01
4.154000000000000000e+03 3.082424811815313959e+01 -2.226010016270805192e-01 -1.672868232674489253e-01 -2.226010016270805192e-01 -1.672868232674489253e-01 1.171498015388313246e-01 -5.707485265525298612e-02 -5.707485265525299306e-02 -3.755946445034373526e-02
4.255000000000000000e+03 3.215158206562052357e+01 -3.950993385062984142e-01 -1.285789430763124019e-01 -3.950993385062984142e-01 -1.285789430763124019e-01 9.109708091343021730e-01 -6.237138974674144576e-02 -6.237138974674143882e-02 2.344265795076375392e-01
4.356000000000000000e+03 3.244392997545928381e+01 -8.536352191805984813e-03 2.186785847604517108e-01 -8.536352191805984813e-03 2.186785847604517108e-01 -1.577432034286285201e-01 1.380403543164028246e-01 1.380403543164028524e-01 -2.084346726532808058e-01
4.457000000000000000e+03 3.330329453957332220e+01 8.063314712094482584e-03 1.144762813345034241e-01 8.063314712094482584e-03 1.144762813345034241e-01 3.821374267398479629e-01 6.914747530248160912e-02 6.914747530248160912e-02 -6.821429305559029155e-01
4.558000000000000000e+03 3.408804848862543935e+01 5.319198718933486614e-01 -2.105581070462635707e-01 5.319198718933486614e-01 -2.105581070462635707e-01 -9.190563140260037123e-02 -1.034219359093643820e-02 -1.034219359093643820e-02 -3.264011502128535969e-02
4.659000000000000000e+03 3.424520510697819020e+01 -4.960533083821407341e-01 -9.450262415794763449e-02 -4.960533083821407341e-01 -9.450262415794763449e-02 -2.192831758482207960e-01 1.119839581933211592e-01 1.119839581933211731e-01 4.227062385903804786e-01
4.760000000000000000e+03 3.587549544943469471e+01 -2.444501078070953903e-01 1.295943343888283361e-01 -2.444501078070953903e-01 1.295943343888283361e-01 1.587779363704550917e-01 1.720169860321167365e-01 1.720169860321166255e-01 -5.711136360815077806e-01
4.861000000000000000e+03 3.682222948468931634e+01 -9.361380675421769604e-02 1.259281246128408083e-01 -9.361380675421769604e-02 1.259281246128408083e-01 5.984906289444337224e-01 -6.083388416935461285e-01 -6.083388416935460175e-01 -3.215528432571266859e-01
4.962000000000000000e+03 3.784522960342333420e+01 5.278954988438061546e-01 -2.029173248155386744e-01 5.278954988438061546e-01 -2.029173248155386744e-01 2.182972211499653870e-01 -4.088452742430428444e-01 -4.088452742430428444e-01 5.470281476612596228e-01
5.063000000000000000e+03 3.812307167921790096e+01 -1.532145615145705797e-01 -5.806001634672860456e-01 -1.532145615145705797e-01 -5.806001634672860456e-01 6.396276062931842699e-01 -2.241331091684690136e-01 -2.241331091684690968e-01 8.485420672984710366e-01
5.164000000000000000e+03 3.992253626895897867e+01 -4.732247276778950296e-01 -2.877488660118511787e-01 -4.732247276778950296e-01 -2.877488660118511787e-01 5.000738393203841836e-01 -2.630603908375039879e-01 -2.630603908375039324e-01 -5.615858389327928885e-02
5.265000000000000000e+03 4.087498001130043690e+01 -5.625943797437751165e-02 2.784003393928361492e-01 -5.625943797437751165e-02 2.784003393928361492e-01 9.244796740502977950e-02 -8.507769886203811471e-02 -8.507769886203807308e-02 -2.380433215495958710e-01
5.366000000000000000e+03 4.123654807483404028e+01 9.451510350391026383e-02 -2.987527456126655157e-01 9.451510350391026383e-02 -2.987527456126655157e-01 6.849928248674828080e-01 -3.516873101410792346e-01 -3.516873101410795677e-01 -8.031479999300105144e-01
5.467000000000000000e+03 4.310098570282647756e+01 1.495021971127858396e-01 6.164972657085426855e-01 1.495021971127858396e-01 6.164972657085426855e-01 -6.799555785220340320e-01 4.378756968021889628e-01 4.378756968021888518e-01 -2.187949015822814869e-01
5.568000000000000000e+03 4.365881298409365030e+01 6.345005989770796662e-02 -5.617433896562767925e-02 6.345005989770796662e-02 -5.617433896562767925e-02 -1.223763157353669806e+00 -5.898832138860663488e-01 -5.898832138860663488e-01 -4.146388999365160921e-01
5.669000000000000000e+03 4.536018608524013018e+01 6.105295263303238684e-01 4.347907563087226590e-01 6.105295263303238684e-01 4.347907563087226590e-01 -8.385807967736305657e-02 -5.741968000770999447e-01 -5.741968000770997227e-01 4.183168623881531878e-01
5.770000000000000000e+03 4.736401284801463873e+01 2.813615568192119332e-01 -2.111296867913631803e-01 2.813615568192119332e-01 -2.111296867913631803e-01 -1.415531277972522650e-01 -1.702022249175380308e-01 -1.702022249175383084e-01 3.665969861920223005e-01
5.871000000000000000e+03 4.846277418635935419e+01 1.720818724120348753e-02 -4.984640894648155185e-01 1.720818724120348753e-02 -4.984640894648155185e-01 4.086116641457638865e-01 -4.707726348571252828e-01 -4.707726348571252828e-01 -7.368970840511882558e-01
