# l Dl_TT Dl_TE Dl_TB Dl_ET Dl_BT Dl_EE Dl_EB Dl_BE Dl_BB
7.050000000000000000e+01 2.085717138835182141e+03 -7.836614472615467619e+00 1.183819631109560788e+00 -5.816718588367860931e+00 -1.306203228557689222e+00 3.851381111063238993e-01 -1.802916851268151349e-02 -3.792930264737634505e-03 -1.220275291683262445e-03
1.065000000000000000e+02 3.056997421437343746e+03 -2.691537529575511911e+01 -7.197112903881639490e-01 -3.066597558668109968e+01 1.629562119917424612e+00 8.344651105624004694e-01 7.496777580575074429e-02 4.003795319966590646e-03 -5.050612321431590009e-03
1.425000000000000000e+02 4.192142235743915990e+03 -4.270332225944575555e+01 1.728409088336981148e+00 -4.573571816389691946e+01 2.028694123966595431e+00 1.095312397985319652e+00 -4.528823832662882964e-02 -1.562374575435774432e-02 5.620914718856459893e-03
1.785000000000000000e+02 5.211113446637004017e+03 -3.789143039021701753e+01 -1.356678028616705500e+00 -3.376344375916459484e+01 -5.780718765422894201e-01 8.104522091005392781e-01 5.982267062771346594e-03 -1.767816671890192967e-03 3.978706146328009341e-02
2.145000000000000000e+02 5.497288545835058358e+03 4.148407813536630684e+00 1.354936568529822916e+00 3.814881796754225007e+00 5.373610555045561510e-01 8.174260750200934567e-01 -1.250862935662731476e-02 2.565759707644797369e-02 4.477303346806427164e-02
2.505000000000000000e+02 5.291500228207478358e+03 6.244464941331165164e+01 -6.177031019431636905e-01 6.663149101598654056e+01 1.348846743198166553e-01 2.538017378404833213e+00 -8.457536091417462709e-02 8.052133144734017686e-03 -7.289088965660455235e-03
2.865000000000000000e+02 4.638912261866473273e+03 1.125890015225944012e+02 -1.621698739881288986e+00 1.108319982652856481e+02 1.300106004336164300e+00 7.036503694284569121e+00 1.217981314056431133e-02 2.211159564997865201e-02 1.503256423070724671e-02
3.225000000000000000e+02 3.341796144622102474e+03 1.166528067726444817e+02 3.237236398261737591e+00 1.174210034830268086e+02 1.180666105198330484e+00 1.327151099957649016e+01 1.022914448781930274e-01 -3.968182827707428251e-02 2.181950245175830194e-02
3.585000000000000000e+02 2.406815711021957213e+03 7.676942015266332930e+01 -1.511888926155106727e+00 7.774828926280318342e+01 3.158451925510641356e-02 1.927211046235986203e+01 2.967967901527392496e-02 2.374402496243759042e-03 9.030707963374287606e-02
3.945000000000000000e+02 1.798887381185580125e+03 8.638127957038120641e+00 -1.018366479175274009e+00 1.126584609626717892e+01 1.115475953441928292e+00 2.189019315549806066e+01 -1.943413677315213306e-01 1.238061270125073721e-02 2.871432731099042568e-02
4.305000000000000000e+02 1.828934859106915383e+03 -4.856989837886283112e+01 -1.422114414191841814e-01 -4.891842554137618038e+01 2.917286619797848091e-01 1.928291805808721904e+01 -2.233948070509715056e-01 -1.650066061509648102e-02 1.189100840756458499e-01
4.665000000000000000e+02 2.158146787950600810e+03 -7.350287349940870740e+01 -5.935304159243728339e-01 -7.316996677433101581e+01 -7.819522601116468685e-01 1.333429146458437664e+01 1.917891602858901312e-01 1.170024431880037630e-01 7.735349973005159474e-02
5.025000000000000000e+02 2.373891275926621347e+03 -5.774617042524603505e+01 -2.817290720563663697e+00 -5.477513044943752618e+01 -4.238460240538415857e-01 8.149383436089426169e+00 1.289987176451018458e-01 2.211376492478633188e-02 7.648545576712165173e-02
5.385000000000000000e+02 2.599489978043615338e+03 -1.329554596453157167e+01 8.251755115157455300e-02 -1.436879126169499798e+01 -5.346800855276810926e-01 7.453464212043899195e+00 5.322327096267704533e-02 -4.550597480468823036e-02 1.292981125884075655e-01
5.745000000000000000e+02 2.431921912434921069e+03 1.975910252448534976e+01 5.799857012349064755e-02 2.165001222942809989e+01 -2.030496538908587723e-01 1.290906007091561669e+01 -2.054801364646704487e-01 -1.020700547558795745e-01 1.557702051816206579e-02
6.105000000000000000e+02 2.091229039305466813e+03 2.693436095777917316e+01 -6.263044804530676357e-01 2.725369056309704874e+01 1.213441258876183371e-01 2.290013803329659581e+01 -6.500041660499442098e-02 -6.289773254988290097e-02 8.223877409137141103e-02
6.465000000000000000e+02 1.858753461862384029e+03 -1.097124603157715583e+01 9.228405434379011174e-02 -9.511632205538418816e+00 3.457042383506583882e-02 3.331657293785509921e+01 -6.820834540805835455e-02 3.329456667729019381e-04 5.477195303397513343e-02
6.825000000000000000e+02 1.841557807695161500e+03 -7.183292083106542236e+01 2.601213388910573521e+00 -6.760891650561467259e+01 4.233477346505918892e-01 3.816304546818690824e+01 -6.063666743453377528e-02 6.266410730891695813e-02 7.368541493420110999e-02
7.185000000000000000e+02 1.968814817224510534e+03 -1.194346134437569731e+02 2.700880024321217210e-02 -1.189477130426308946e+02 1.885497349593939775e-01 3.510072446143233549e+01 5.872340837397108104e-02 -7.650908613990722862e-02 9.397721643624933063e-02
7.545000000000000000e+02 2.269865472439452788e+03 -1.344796369828533216e+02 -8.250398860114744881e-01 -1.331528893046992721e+02 2.549381769939138564e-01 2.670654133161418287e+01 1.795417790724436191e-01 2.929086908582050758e-02 2.823240696331965824e-02
7.905000000000000000e+02 2.425980484761591924e+03 -1.043913510671131064e+02 9.334337499404377070e-03 -9.994596275813468367e+01 -4.543025813937710544e-01 1.766554010590496659e+01 -8.340844426227170261e-02 9.216425676982646642e-02 6.698754561222826365e-04
8.265000000000000000e+02 2.520380134848121088e+03 -4.213991638109710181e+01 -1.088694056061852988e+00 -4.377379434506465117e+01 6.407655418539872638e-01 1.301512714911838309e+01 1.574519346576551959e-01 1.967940881532059469e-02 1.610630269369519307e-01
8.625000000000000000e+02 2.330326473176547552e+03 1.641015976769789830e+01 1.450302181743079455e-02 1.599057184704926726e+01 1.203435642047133269e+00 1.500401160863327732e+01 1.275936488576216027e-02 -2.461061442925779191e-02 9.884958357571083098e-02
8.985000000000000000e+02 1.921367559332957399e+03 5.274319355312601942e+01 1.507177656121370113e+00 5.392055716088125905e+01 -5.817497803290528902e-01 2.329284666975432572e+01 8.629560214812115326e-02 5.552194352029941882e-02 1.722415339939480372e-01
9.345000000000000000e+02 1.499608983761108448e+03 5.250704142777508565e+01 -1.335588485238254020e+00 5.274119629924160790e+01 4.529884878801777592e-01 3.420959369818183404e+01 1.318114478590795557e-01 -1.243274681399089837e-01 1.459752681033310052e-02
9.705000000000000000e+02 1.185364419640660572e+03 1.613819650949925233e+01 -2.418226648930385636e+00 1.449306090558014226e+01 7.673089520815079556e-01 4.147940475580209352e+01 -1.327482106295647390e-01 -4.112711057426830796e-02 9.125709608590622246e-02
1.006500000000000000e+03 1.053428641026441710e+03 -3.407903179900915802e+01 -3.536336385013338912e-02 -3.405937763573174948e+01 4.027908707900926810e-01 4.092487981986774770e+01 -1.864900267701947167e-01 -2.259289000857335750e-01 8.243484404942923172e-02
1.042500000000000000e+03 1.079952895831722572e+03 -6.497888105985734342e+01 8.032720788542070389e-01 -6.715553003354843042e+01 8.455903769955618321e-01 3.460435850913731315e+01 1.021277392743207002e-02 -1.241369612620168983e-03 1.183821943698697143e-02
1.078500000000000000e+03 1.189840410226363019e+03 -8.015272221281125553e+01 9.593154435408630665e-01 -7.918831793031719712e+01 8.286009194725676985e-02 2.532151830160714212e+01 -1.061535746547493386e-01 9.740290657558385579e-02 4.749400166490957975e-02
1.114500000000000000e+03 1.237601743565647666e+03 -5.852738915287871890e+01 1.257593752982995250e+00 -6.005567538269212946e+01 -1.178360508597004475e-01 1.670800640825884287e+01 1.627908008633279502e-01 -1.475434273837065158e-01 1.307788255976582992e-01
1.150500000000000000e+03 1.220813280816100814e+03 -3.035865537421575766e+01 2.504719171154676793e-01 -3.091137547583199563e+01 -1.202284131450180038e-01 1.338862864082386928e+01 -1.916782031025205113e-01 -6.558937374167449555e-03 -8.586654484820580024e-02
1.186500000000000000e+03 1.120312956347906720e+03 -2.331635012583819222e+00 1.166003351851060632e+00 -3.019242630367226177e+00 1.963264985010089447e-01 1.580041570350650737e+01 4.301851860797172022e-03 5.003763477614003169e-02 1.174099322427728520e-01
1.222500000000000000e+03 9.518756347594905947e+02 7.136265617485425317e+00 2.138643256911549884e-01 6.077365408981687978e+00 7.338871072183000832e-02 2.122517577333123029e+01 -2.994980463148480543e-01 8.568980131217339424e-02 1.734080028250838401e-01
1.258500000000000000e+03 8.007292925169758746e+02 -4.961257386749467813e+00 9.218267369181754045e-02 -6.511613000505398929e+00 -3.643975890541548135e-01 2.726727679926060688e+01 8.960282724940799026e-02 -8.247572537469022302e-02 1.757823311195495786e-01
1.294500000000000000e+03 7.425839265966289986e+02 -2.722646848060424674e+01 4.710673042568050417e-01 -2.776485240306312363e+01 1.720889505106435180e-01 3.064520950018575718e+01 7.504372492681381235e-02 -1.160600466575740231e-01 2.287280334019700101e-01
1.330500000000000000e+03 7.338208946775566801e+02 -5.036586104008942755e+01 5.359567741595248069e-01 -5.035477294820468330e+01 3.692078594746430742e-01 2.880085316619144820e+01 -3.784684517183338204e-01 -1.999080022250125932e-01 1.799745381205463193e-02
1.366500000000000000e+03 7.851814093552874283e+02 -6.278861055673205982e+01 8.905138077724605861e-01 -6.384000524684462619e+01 1.216544382322203854e-01 2.350039455310722047e+01 -3.503121299499289409e-01 -1.186344793151323934e-01 -5.976331868320613333e-02
1.402500000000000000e+03 8.239777315221771232e+02 -5.346077141767212026e+01 -1.639742137924961041e-01 -5.408369151515666573e+01 -3.988658178354366202e-01 1.690675448230767586e+01 1.128171177192738295e-02 1.075018201913217758e-01 1.303215349672944834e-01
1.438500000000000000e+03 8.032135013624078965e+02 -3.457465991956343743e+01 1.482477213569284580e-01 -3.304768619328689283e+01 7.141946190815762208e-02 1.264603414343894272e+01 7.396622601921622187e-03 4.340428621182768065e-02 4.904367580162702356e-02
1.474500000000000000e+03 7.655959555455949612e+02 -1.346638540368152448e+01 4.344589590857887984e-01 -1.208898224226528662e+01 -8.960565635150957720e-02 1.185123226314280132e+01 -1.322891587766417687e-01 -1.216379630372932535e-01 1.447465676302986115e-01
1.510500000000000000e+03 6.578888974222878687e+02 7.715307812149128086e-01 1.292895351471982091e+00 1.979831721993012827e+00 -3.389126361869436166e-01 1.349682533378029525e+01 6.685912340165775514e-02 2.162162884640095317e-01 1.680259427511703041e-01
1.546500000000000000e+03 5.549960347685851048e+02 5.377247063393514992e+00 4.619695374716900615e-01 5.145501658292239711e+00 1.818838229614841984e-01 1.700866423071207123e+01 1.639892152724924113e-01 -1.315004526942381569e-01 -2.181130285118043632e-03
1.582500000000000000e+03 4.644240163663365593e+02 -2.193300927451720117e+00 -4.260047397520967394e-01 -1.876270003142950671e+00 7.083675946664280687e-01 1.996365450866678870e+01 8.669441430758308142e-02 5.365237785035192192e-02 -8.367183119074750319e-03
1.618500000000000000e+03 4.080380807461461359e+02 -1.500584773386053428e+01 6.452219700767342081e-01 -1.447307143125383533e+01 1.926159256766113437e-01 2.060360774994539668e+01 6.320768290928507893e-02 -6.517054775621891616e-02 -1.405436735737786436e-01
1.654500000000000000e+03 3.968151684507818118e+02 -2.475166483994886590e+01 -8.831824080987384917e-01 -2.440199403103525810e+01 1.151098562808495207e-01 1.845930543265290780e+01 -1.521879693280503709e-01 1.701865083934193945e-02 -6.226643212482658313e-02
1.690500000000000000e+03 3.989027928249753359e+02 -2.911132668105975085e+01 -5.485579446662999237e-01 -2.911102146505059807e+01 6.906554325888927259e-01 1.421582056891021395e+01 3.201303469557555959e-01 -1.288125370938141834e-01 1.665343281557177257e-01
1.726500000000000000e+03 4.022450202608346217e+02 -2.451658143973372006e+01 6.905164180603542423e-01 -2.725188098100591461e+01 1.912509038293823682e-01 1.089922749069549113e+01 -9.475805056019961925e-02 -7.215262633004053405e-02 1.116501405189884999e-01
1.762500000000000000e+03 3.954463959199529199e+02 -1.860058919375578768e+01 7.533806433359123700e-01 -1.896692965738034076e+01 7.733991274507712177e-01 8.356765576994060751e+00 -2.380759336343973853e-01 4.176475054009584631e-02 -9.479338987670146710e-02
1.798500000000000000e+03 3.611614916794717374e+02 -1.078607628298340870e+01 -7.807806786220266027e-01 -8.774529042697327696e+00 -6.522776592619060620e-01 7.936194601528992365e+00 1.065079191087828225e-01 -5.971409946438745175e-02 6.841868256374256108e-02
1.834500000000000000e+03 3.292032958895308070e+02 -4.750686467040209138e+00 -2.101864350858246300e-01 -5.342123027630590215e+00 1.797558431493708198e-01 8.788338323672320485e+00 -4.834438182657356253e-01 -3.427715451191325202e-02 1.328817722910652643e-01
1.870500000000000000e+03 2.880692777193591496e+02 -6.654703775077519978e+00 -9.187945751482342605e-01 -6.143852192179586780e+00 -2.300830639108994435e-01 1.023471940725022833e+01 -1.707407919165004062e-01 -1.669429575812337863e-01 7.062902027907835834e-02
1.906500000000000000e+03 2.560749558179025485e+02 -9.468383899301915818e+00 5.366536674963497955e-01 -9.387909550305064244e+00 1.427643776574753220e-01 1.098675303507537393e+01 1.503178671436118941e-01 -6.740310254262166234e-02 2.105908442990243601e-01
1.942500000000000000e+03 2.406479175188415525e+02 -1.367020893114018953e+01 1.629556468663567181e-01 -1.448837433692165355e+01 -1.948067681640841264e-01 1.061326364299816660e+01 5.055419087846099724e-02 5.543608381611957875e-02 1.219282122155746079e-01
1.978500000000000000e+03 2.429242615364365747e+02 -1.746741288082480281e+01 5.800231718613961807e-01 -1.746782928510231869e+01 -1.199231635629470771e-01 9.747562126141588124e+00 8.927273759551800081e-02 3.711322268510548750e-02 1.694108308614672986e-01
2.014500000000000000e+03 2.428059646482603853e+02 -1.693175434326416706e+01 -4.218203089000944761e-01 -1.758200746626439326e+01 -6.997085524177898419e-02 7.815652534764568671e+00 9.007444104668993479e-02 6.704470819801015835e-02 1.894387312977099391e-01
2.050500000000000000e+03 2.363594966071264025e+02 -1.436997493548687999e+01 -1.514588294551173941e+00 -1.355821623090263550e+01 -7.711594817060254958e-02 6.150609183858726681e+00 1.311152057531368154e-01 1.309677283688176486e-01 -9.116189649879424817e-03
2.086500000000000000e+03 2.255494828341024061e+02 -1.003494779275784232e+01 -2.680599294504911745e-01 -9.303249544732434373e+00 1.313582608831515008e-02 5.468165217545487344e+00 2.380084032619714796e-01 -2.765906391658676799e-01 1.208820686162249414e-01
2.122500000000000000e+03 2.052537286243156700e+02 -5.275290971443322263e+00 -5.385451147771859182e-01 -4.894881266894984151e+00 -4.734065818894936384e-01 4.991417831557696694e+00 -2.397504572374227483e-01 -5.913255857024235507e-02 -1.231538882406973956e-01
2.158500000000000000e+03 1.782728552613409079e+02 -2.627297796377531025e+00 -1.087679888761961949e-01 -3.275254844530112841e+00 2.217146115086240932e-01 5.512585837586467363e+00 -1.130408134505822837e-01 5.906178345704923838e-02 1.063710581398133181e-01
2.207000000000000000e+03 1.526835862359856435e+02 -4.319848818316946115e+00 -2.578855951579301364e-01 -3.482016922967688721e+00 -8.909142991015218949e-02 6.118164225472517259e+00 -2.430798792345266746e-01 2.795704072399553264e-02 1.441719865714469195e-01
2.268000000000000000e+03 1.313689651631571564e+02 -7.535565519721217242e+00 3.583729561303544142e-01 -6.774280595703254804e+00 1.320863552111123385e-02 5.716191805902013812e+00 -2.394348867817480964e-01 -1.257569099909262682e-02 8.785094933736023459e-02
2.329000000000000000e+03 1.259448203448020251e+02 -7.700837119232456729e+00 5.903294469938438205e-01 -8.475828298128497806e+00 -3.024142255391913947e-01 4.984829012856744512e+00 2.258730843189866999e-01 1.429309061685616611e-01 1.031664712697153430e-01
2.390000000000000000e+03 1.163704506524090618e+02 -6.201994791945635299e+00 -8.119722237791800190e-02 -5.974348870454103455e+00 -2.623806802841306407e-01 3.092443787030398461e+00 -2.270111952938913824e-01 -1.686492939137019809e-01 3.069626109210373821e-01
2.451000000000000000e+03 1.044684937908724010e+02 -3.157681205053335827e+00 6.025967592250371097e-02 -2.833139093184175117e+00 -1.679911889698938454e-01 3.101000291105988182e+00 1.042210784651828592e-01 -9.629544269350448493e-04 8.564581701511760070e-02
2.512000000000000000e+03 8.936427909866898744e+01 -3.370742379917813114e+00 1.400151518647680393e-01 -3.208001630352453226e+00 -2.522698488754378521e-01 3.365985023818664601e+00 4.353071052966618337e-01 1.020221646406900967e-01 3.026006573306215530e-02
2.573000000000000000e+03 8.091813354787942103e+01 -3.983782082081106068e+00 -3.125899146747244117e-01 -4.001625129571304562e+00 6.885681944854962211e-01 2.685784810697632530e+00 1.736554760092399174e-01 -2.717869274023282933e-01 -2.512999254351476197e-01
2.634000000000000000e+03 7.664790738068396081e+01 -4.074462959138861251e+00 2.519217201977016485e-01 -3.751204303151371100e+00 -9.092491735144120346e-03 1.966591912531135744e+00 -9.712121104882742717e-02 -6.952250940741044882e-02 -1.850540034446601922e-01
2.695000000000000000e+03 7.243066610012476758e+01 -3.200752980785281032e+00 -2.404064672172255834e-01 -3.403660443688987236e+00 -1.465162867838173955e-02 1.628750828762963954e+00 -2.252615436433386131e-02 1.024173488578802166e-01 -9.630478456762921191e-02
2.756000000000000000e+03 6.576289429939056674e+01 -2.264189185065976773e+00 -2.168952020405700565e-01 -1.473855178792852438e+00 -7.473519345423842442e-01 1.668695536173587790e+00 -6.366699054140770309e-02 3.448293610327597403e-01 4.705473282033082461e-01
2.817000000000000000e+03 5.851760912692402883e+01 -1.868403775113460119e+00 2.246986415243047708e-01 -6.156356199752142100e-01 5.661406837015808824e-01 1.833773782505256911e+00 4.430507299585040304e-02 -5.290312515312458608e-01 5.011405618106150595e-01
2.878000000000000000e+03 5.248323840175173416e+01 -1.426320606590066653e+00 -7.562258107176234034e-02 -1.298147092043626216e+00 -2.654313645413386991e-01 1.641007662580771465e+00 -3.664077209071421593e-02 -4.383568006354041091e-02 2.876371494817800967e-01
2.939000000000000000e+03 4.873350384188634621e+01 -1.704527338116457180e+00 -4.047015333868003023e-02 -1.722957234001337934e+00 9.534669955124583374e-02 1.406140087084774004e+00 1.648987186171805841e-01 -2.724275642347945836e-01 4.065835097539971521e-02
3.000000000000000000e+03 4.616006225751078773e+01 -1.745430899488926491e+00 2.940772450495531820e-01 -1.569204632562019697e+00 -3.976508178392556409e-02 6.289915826943226485e-01 1.924017261754768504e-01 3.440291187713879761e-01 -6.398344772933614588e-02
3.061000000000000000e+03 4.373156411245687991e+01 -1.730571127037911161e+00 -1.427182366456950513e-01 -6.292580338094018177e-01 2.262838980907252717e-01 1.253260444422459097e+00 2.288184352223548435e-01 -3.116164156052270706e-01 -5.168677838175385064e-01
3.122000000000000000e+03 4.141227112760549289e+01 -1.256270324285495565e+00 4.249395549451011611e-01 -4.658097045055917818e-01 -3.025911659683541144e-01 6.558537980717950022e-01 3.469403894231108954e-01 2.183213375924408783e-01 -1.163373056681781814e-01
3.183000000000000000e+03 3.856369156412894483e+01 -3.503051191085493343e-01 2.375055124207970103e-01 -1.500890549380616612e+00 8.708989660725885429e-01 1.038223727825170473e+00 -2.729277495593337433e-01 -3.928217949081668214e-01 2.233486764882569586e-02
3.244000000000000000e+03 3.784676045568299685e+01 -1.352063081328892080e+00 8.063690388280686516e-02 -1.337725622045398133e+00 -2.328031536790440559e-01 7.842358090807219906e-01 -6.018680060398397258e-02 -1.885367200304898794e-01 -5.320811259391060588e-01
3.305000000000000000e+03 3.659224064727351333e+01 -1.016911551123081958e+00 -7.972339437417380603e-02 -1.308541341282723591e+00 5.092758106024837250e-01 7.191716532992251665e-01 -3.587788383865488928e-01 -2.579827301096127012e-01 4.040624387351299251e-01
3.366000000000000000e+03 3.575962955162759016e+01 2.254721252626263328e-01 -1.008233286376150617e-01 -1.016987217201227311e+00 2.041984833758079820e-01 6.477437268841739204e-01 6.744849185090190380e-02 -1.742773136417418156e-01 -5.138971648482365540e-02
3.447000000000000000e+03 3.444687576818822805e+01 -2.275772338932898486e-01 -1.291406307654579255e-01 -9.334732760003239260e-01 -3.697097855570241065e-01 1.234005883813646259e-01 -2.772582946030257428e-02 6.825256196828502486e-02 2.293228156689142427e-01
3.548000000000000000e+03 3.247330370907510400e+01 -3.245611521182146242e-01 6.543833736923715394e-03 -2.837813770439520100e-01 -1.788722865192340916e-01 9.322709131509399061e-02 1.974234088598009751e-01 -2.394035166282297844e-01 -3.233704440812203984e-01
3.649000000000000000e+03 3.260779592680147942e+01 -9.882504056172658480e-01 2.600968650085704326e-01 -1.193579696093135245e-01 -3.258893347694943321e-01 -1.376618169619560073e-01 2.199598660658105276e-01 5.706777624830922102e-01 3.200451216467009585e-01
3.750000000000000000e+03 3.279076857322431238e+01 -3.053039715783720798e-01 8.700352730944985180e-02 4.317488266741043024e-02 -9.948056483844511799e-01 -6.379124074684738854e-01 -8.680285227390668323e-01 1.961951204493766199e-01 -4.462532908433780032e-01
3.851000000000000000e+03 3.281631587682085893e+01 5.195899091763096778e-02 -1.655277182611107623e-01 5.870914758620576768e-01 6.626735438413227097e-01 -2.205946552835422458e-01 5.320544735328924801e-02 -2.457667432291266163e-01 -1.813078436801812687e-02
3.952000000000000000e+03 3.306912902223601236e+01 -6.525409705041875785e-01 -5.192844157335718691e-01 1.071128139052489603e-01 1.209132449283031180e-01 1.612600614530604881e-01 -1.269382695033529906e-01 -5.816057201956805756e-01 -3.505382038280803747e-01
4.053000000000000000e+03 3.280727563631370458e+01 -5.064776340406985655e-01 -2.879555293587103271e-01 3.209591479800965041e-01 -4.115186775963140531e-01 -4.729852445783354065e-01 -6.944406768664517227e-01 -1.807206457168871461e-01 5.907819045762402466e-01
4.154000000000000000e+03 3.476977277606921746e+01 -7.441310380543151304e-01 -5.355438788582599363e-01 -8.530376429928012705e-01 -5.744796494913289031e-01 6.414484062822687349e-01 -1.033944628269722332e-01 3.916403027623144295e-01 -6.879973589266996647e-01
4.255000000000000000e+03 3.554804000773695805e+01 -7.648846159451111459e-02 -1.215256265482279885e-01 5.541123454665415338e-01 5.339790418039523923e-01 4.441540552589584578e-01 8.896420877018461348e-02 1.293128465640553948e+00 -8.157805053725177835e-01
4.356000000000000000e+03 3.649565350377683615e+01 -5.250508579395638531e-01 5.523627282445389142e-01 5.811129709326106063e-01 3.572702348482627022e-01 -5.822782591149860965e-01 7.767367495345101069e-02 -6.270881939678502048e-02 -6.863581797504653137e-02
4.457000000000000000e+03 3.784528876822642474e+01 7.778948800123469676e-01 7.304899663089169382e-01 -6.587137224101144994e-01 1.824674246567123681e-01 -1.704856168603736677e-01 -4.582863971982437112e-01 -8.912210424111939311e-01 2.776426203130154535e-01
4.558000000000000000e+03 3.757387113302109327e+01 -7.562662270024247957e-02 3.204061471893778212e-01 -3.152697547370869602e-01 -2.944432965235087574e-01 -1.371392946917028288e-01 -1.282339195137875421e-01 1.480888032080734107e-01 8.357339254938151996e-01
4.659000000000000000e+03 3.999656432581423360e+01 -7.305435812374734272e-01 9.770809517057665872e-03 1.906636325829079714e-01 -1.063151758804167457e+00 9.154934829077980563e-02 -2.584145912311945903e-01 -1.292360285309310242e-01 9.456155153201704078e-01
4.760000000000000000e+03 4.095712942571746851e+01 -6.641601738128481980e-01 7.866409514662199287e-01 -4.230689284491787050e-01 -8.750010948812085854e-01 1.543133385932000667e-01 8.546291942279344855e-01 8.959751987937388806e-01 -7.797479773050250418e-02
4.861000000000000000e+03 4.216985233876552286e+01 -3.249224272189098484e-01 -1.924420883221529710e+00 1.206031264560529337e+00 -8.456074847179580189e-02 -1.268662871935564151e+00 8.046104275494819769e-01 -5.611552328090474440e-01 -4.056900225638851998e-01
4.962000000000000000e+03 4.237225466911881711e+01 -7.113837103358204850e-01 4.854604490961301755e-01 -7.809598550141494400e-02 -5.999917455652699072e-01 -1.027977238207681276e+00 -1.349574766655922964e-01 -6.572725670166965628e-01 2.663975074318548630e-01
5.063000000000000000e+03 4.448056746615262114e+01 -8.049679969736425189e-01 -2.774971497890064143e-01 -2.028852942566025386e-01 2.184458470923530682e-01 -2.199182240444297332e-01 2.934355023215021729e-01 1.143401543134863196e+00 2.983024379575338059e-01
5.164000000000000000e+03 4.681195504491444837e+01 4.788402004468489404e-01 4.654064092133516906e-01 -9.402357905307390240e-02 -1.682632754075319426e-03 1.641402082511242755e+00 1.499432395227678905e+00 1.400583552917531449e+00 -2.156397866326930091e-01
5.265000000000000000e+03 4.921205965563912343e+01 -5.588512575951964934e-02 9.689068866098049515e-01 5.137453019443567470e-01 1.016594073460548753e+00 1.717737176246404207e+00 -6.312661034160627072e-01 -4.798236003890211654e-01 -1.742518144166435246e+00
5.366000000000000000e+03 5.064781836343586718e+01 -3.952503033151022471e-01 -1.965456454426032007e+00 1.339263835964922045e+00 -6.244787677393199843e-01 -5.733240558494102634e-01 3.941122236416310098e-01 1.933487346728133716e+00 1.504282873037670942e+00
5.467000000000000000e+03 5.339854594298547141e+01 -1.429634999652179550e-01 5.587976404615686565e-01 9.851815381634559943e-02 3.113604856564898604e+00 -2.511769689929623239e-01 4.489807707578714058e-01 1.427584196912590420e+00 -2.434907720516369667e-01
5.568000000000000000e+03 5.259429130730811153e+01 -1.477481047021082405e+00 1.345597201818641953e+00 -1.668308398835324891e+00 1.432061597529660446e+00 1.976811860131177045e+00 1.110705762229824645e+00 -4.359820517692504227e-01 2.341524910315884167e+00
5.669000000000000000e+03 5.406620449095881042e+01 8.257934846157076736e-01 -8.527124270539128137e-01 1.218946999404945775e+00 -1.562107230850177775e+00 -4.024804395308717031e-01 -1.017855697312116670e+00 -4.097502134818300501e-01 4.543791674167560468e-01
5.770000000000000000e+03 5.543510243551722283e+01 -2.942744409932239180e-01 8.478024535477063361e-02 -8.275512161277159828e-01 -2.087383510383372887e+00 1.169165465651401448e+00 3.300195064084572749e+00 1.599874403231446029e+00 -1.439212845553592968e-01
5.871000000000000000e+03 5.890759854833918041e+01 2.593330879629723640e+00 1.164587652608217061e+00 -1.671419482541359303e+00 -1.316173989947076350e+00 3.516617783127493624e+00 -9.884594547700231715e-02 2.078136723660128027e+00 2.093712630563395738e-01
