# l Dl_TT Dl_TE Dl_TB Dl_ET Dl_BT Dl_EE Dl_EB Dl_BE Dl_BB
7.050000000000000000e+01 1.867078978271660390e+03 -6.466657950847196190e+00 6.881175126467284908e-01 -6.466657950847196190e+00 6.881175126467284908e-01 3.627640608863677563e-01 1.391005222972457010e-02 1.391005222972457010e-02 1.771450271875886148e-02
1.065000000000000000e+02 2.983769578781310429e+03 -2.759845330764661853e+01 -8.051830955319474459e-01 -2.759845330764661853e+01 -8.051830955319474459e-01 8.324013094266472512e-01 -4.297341698583306314e-03 -4.297341698583306314e-03 -2.402568379683002811e-02
1.425000000000000000e+02 4.010209629281615435e+03 -4.282634413710365351e+01 -6.986301205108135237e-01 -4.282634413710365351e+01 -6.986301205108135237e-01 1.071650223815915792e+00 2.964457434820452764e-02 2.964457434820453458e-02 1.053356597707329721e-02
1.785000000000000000e+02 5.195021608687370644e+03 -3.534865700618151152e+01 5.170376382483401478e-01 -3.534865700618151152e+01 5.170376382483401478e-01 8.447760377867892245e-01 1.133151347288995428e-02 1.133151347288996295e-02 2.591782050819465069e-02
2.145000000000000000e+02 5.713304287830297653e+03 5.988481573945866998e+00 1.663399879145288640e-02 5.988481573945866998e+00 1.663399879145288640e-02 8.090746236363037802e-01 1.215264594848264150e-03 1.215264594848261548e-03 1.288263286029246377e-02
2.505000000000000000e+02 5.421948912028933592e+03 6.486732873735876126e+01 -3.416962327661905996e-01 6.486732873735876126e+01 -3.416962327661905996e-01 2.507487119273776877e+00 -3.351045502606898874e-02 -3.351045502606898180e-02 1.591045959995023712e-03
2.865000000000000000e+02 4.547103366479840588e+03 1.089607650521556650e+02 -6.166698048037564384e-01 1.089607650521556650e+02 -6.166698048037564384e-01 6.873012510141238707e+00 1.505896560651103985e-02 1.505896560651104159e-02 5.370128519666322875e-02
3.225000000000000000e+02 3.290314006040619006e+03 1.138619490184228766e+02 -2.376384887830906290e-01 1.138619490184228766e+02 -2.376384887830906290e-01 1.338200293002692298e+01 2.223483278955370318e-02 2.223483278955370318e-02 5.475255079348723131e-02
3.585000000000000000e+02 2.290425002538494027e+03 7.519875110184889877e+01 9.775183499622719374e-02 7.519875110184889877e+01 9.775183499622719374e-02 1.926844475941523527e+01 -6.346455696447060590e-04 -6.346455696447025896e-04 4.265443679052818154e-02
3.945000000000000000e+02 1.764969402602805758e+03 1.084155008945692700e+01 -4.482148429634230657e-02 1.084155008945692700e+01 -4.482148429634230657e-02 2.108721557443586647e+01 7.234666741771722531e-02 7.234666741771725307e-02 2.348830241354140161e-02
4.305000000000000000e+02 1.783931295550124332e+03 -5.042763561864249056e+01 -5.558533895284858417e-01 -5.042763561864249056e+01 -5.558533895284858417e-01 1.935807880224360744e+01 6.217029670576506434e-03 6.217029670576522046e-03 5.642267292343893653e-02
4.665000000000000000e+02 2.081634821689807723e+03 -7.077639996489597252e+01 -4.811516889478776315e-01 -7.077639996489597252e+01 -4.811516889478776315e-01 1.315828181087185023e+01 3.134079547304735591e-02 3.134079547304736979e-02 6.255973445110268871e-02
5.025000000000000000e+02 2.442952258548915779e+03 -5.738950604512169207e+01 -4.692337407621147705e-01 -5.738950604512169207e+01 -4.692337407621147705e-01 8.155894889528195080e+00 -2.407673644710102423e-02 -2.407673644710100341e-02 7.994322155638898530e-02
5.385000000000000000e+02 2.570631713801261867e+03 -1.295425900798544028e+01 -3.416677661864915283e-01 -1.295425900798544028e+01 -3.416677661864915283e-01 7.362958191819003240e+00 1.174242976705031083e-02 1.174242976705031430e-02 3.025126208287220661e-02
5.745000000000000000e+02 2.422735716959350611e+03 1.812923628006876697e+01 5.045972392064785872e-01 1.812923628006876697e+01 5.045972392064785872e-01 1.296583194456990284e+01 -4.697867281067026612e-02 -4.697867281067027306e-02 3.804725427915116309e-02
6.105000000000000000e+02 2.134168409831946974e+03 2.504732234730953522e+01 4.234709145172464995e-01 2.504732234730953522e+01 4.234709145172464995e-01 2.257012921329238608e+01 -1.673263003921729442e-02 -1.673263003921729442e-02 8.074121836046992129e-02
6.465000000000000000e+02 1.880215538321688882e+03 -9.396519882665792522e+00 7.938897567623237617e-01 -9.396519882665792522e+00 7.938897567623237617e-01 3.366653088651953141e+01 -4.062974346892592875e-02 -4.062974346892590100e-02 8.001544694548323733e-02
6.825000000000000000e+02 1.777541920143372636e+03 -6.524488507906806944e+01 -2.852777949855765383e-01 -6.524488507906806944e+01 -2.852777949855765383e-01 3.685822691634791681e+01 3.591958746969609127e-03 3.591958746969607826e-03 6.880275414584403892e-02
7.185000000000000000e+02 1.992290122455558958e+03 -1.186824934003238212e+02 1.704098542603596500e-02 -1.186824934003238212e+02 1.704098542603596500e-02 3.500728194236352664e+01 2.847008538296642161e-02 2.847008538296641814e-02 5.540085530570194872e-02
7.545000000000000000e+02 2.242509755621094428e+03 -1.289379747865590957e+02 -1.758721788877146142e-02 -1.289379747865590957e+02 -1.758721788877146142e-02 2.648293899333276258e+01 -2.875236689993330985e-02 -2.875236689993333067e-02 9.352719928825882489e-02
7.905000000000000000e+02 2.487890918066536415e+03 -1.018971725715582011e+02 4.649226019715101410e-01 -1.018971725715582011e+02 4.649226019715101410e-01 1.757911305811312275e+01 -1.636560528340172405e-02 -1.636560528340170323e-02 6.479619655319351912e-02
8.265000000000000000e+02 2.492029989330528224e+03 -4.221002311501392512e+01 -6.465492626571669454e-01 -4.221002311501392512e+01 -6.465492626571669454e-01 1.296696718300264806e+01 5.981408651643087271e-04 5.981408651643156660e-04 1.374563837392355770e-01
8.625000000000000000e+02 2.314552991072776877e+03 1.871636889232257772e+01 -4.865980812663425192e-01 1.871636889232257772e+01 -4.865980812663425192e-01 1.477588233915532534e+01 -1.775105375102584496e-02 -1.775105375102584149e-02 9.579484658297693356e-02
8.985000000000000000e+02 1.940756827806241517e+03 5.635746185856077517e+01 -7.634325158305416137e-02 5.635746185856077517e+01 -7.634325158305416137e-02 2.349563786657797237e+01 -1.475250268457172220e-01 -1.475250268457172220e-01 9.461026424033867899e-02
9.345000000000000000e+02 1.510771904775937173e+03 5.185198472725389252e+01 1.152180736421059226e+00 5.185198472725389252e+01 1.152180736421059226e+00 3.352311294169932410e+01 6.633049217045498824e-02 6.633049217045502988e-02 9.362357086868108857e-02
9.705000000000000000e+02 1.203717292064879302e+03 1.590457496075007526e+01 -8.640617591466280834e-01 1.590457496075007526e+01 -8.640617591466280834e-01 4.205088970726422559e+01 3.017503896355234680e-02 3.017503896355233639e-02 6.846227904811715004e-02
1.006500000000000000e+03 1.053291533197097351e+03 -3.070050157473092867e+01 1.801371940044494135e-01 -3.070050157473092867e+01 1.801371940044494135e-01 4.080992982841007688e+01 -1.787272968815923485e-02 -1.787272968815926955e-02 6.345540599815596705e-02
1.042500000000000000e+03 1.077949495589119806e+03 -6.900072328396626631e+01 -6.929914731975536646e-02 -6.900072328396626631e+01 -6.929914731975536646e-02 3.499921541029102201e+01 5.367692034503059040e-02 5.367692034503058346e-02 1.040209744519116353e-01
1.078500000000000000e+03 1.171634130764646216e+03 -7.826107883206366012e+01 -5.825613175284771739e-01 -7.826107883206366012e+01 -5.825613175284771739e-01 2.543923037239632023e+01 2.253056011438387546e-02 2.253056011438387546e-02 7.965553872781391820e-02
1.114500000000000000e+03 1.250935543418200723e+03 -6.026693433660824439e+01 -1.080489357833064323e+00 -6.026693433660824439e+01 -1.080489357833064323e+00 1.715431680961960836e+01 7.562178831434425430e-02 7.562178831434425430e-02 1.065629413857338142e-01
1.150500000000000000e+03 1.209018371866442067e+03 -2.948229715913640092e+01 -5.470887858894768474e-01 -2.948229715913640092e+01 -5.470887858894768474e-01 1.341954146870720876e+01 -6.093715685890323946e-02 -6.093715685890326028e-02 7.402749898641411419e-02
1.186500000000000000e+03 1.144856888977418748e+03 -4.260775368999696333e+00 1.075105392140605354e-01 -4.260775368999696333e+00 1.075105392140605354e-01 1.531284257833478613e+01 -1.140763462959232671e-01 -1.140763462959232671e-01 9.726284985966118790e-02
1.222500000000000000e+03 9.651979491922493253e+02 8.165028878427330383e+00 -7.452336318000050142e-01 8.165028878427330383e+00 -7.452336318000050142e-01 2.138596736057505154e+01 -1.053343569941130042e-02 -1.053343569941130389e-02 8.689329847679558294e-02
1.258500000000000000e+03 8.216073954303882374e+02 -4.728930149063423016e+00 9.440222889222968372e-02 -4.728930149063423016e+00 9.440222889222968372e-02 2.762773878312610165e+01 3.286606536732038231e-02 3.286606536732036843e-02 1.305780861322119735e-01
1.294500000000000000e+03 7.324418779737108025e+02 -2.856291295936785701e+01 -4.476672252752451064e-01 -2.856291295936785701e+01 -4.476672252752451064e-01 3.004261764426669501e+01 2.217541118175413162e-02 2.217541118175412468e-02 1.219593731616707699e-01
1.330500000000000000e+03 7.401779969361206213e+02 -5.151979401017608495e+01 4.471734978756438106e-01 -5.151979401017608495e+01 4.471734978756438106e-01 2.888788840371809030e+01 -1.265498883908552086e-01 -1.265498883908552641e-01 1.409377096286150710e-01
1.366500000000000000e+03 7.786984252633016013e+02 -6.029519094121346257e+01 -6.374198627945315554e-02 -6.029519094121346257e+01 -6.374198627945315554e-02 2.359041758805757638e+01 6.101378787925802738e-02 6.101378787925801350e-02 1.927898112951178383e-02
1.402500000000000000e+03 8.176918439329747343e+02 -5.354962110866554070e+01 -5.018943173504869515e-01 -5.354962110866554070e+01 -5.018943173504869515e-01 1.714866916884895787e+01 3.405903054043650513e-02 3.405903054043653289e-02 1.485304868340043827e-01
1.438500000000000000e+03 8.403751074380381851e+02 -3.592532017770088260e+01 2.432270038576934967e-01 -3.592532017770088260e+01 2.432270038576934967e-01 1.259244900704720749e+01 -4.524643541081262155e-02 -4.524643541081262155e-02 7.341704921666683537e-02
1.474500000000000000e+03 7.713904568584041499e+02 -1.303285673340112361e+01 -7.993402702290305917e-02 -1.303285673340112361e+01 -7.993402702290305917e-02 1.154622085218808536e+01 -1.685025802200008221e-02 -1.685025802200007528e-02 7.613753719211899251e-02
1.510500000000000000e+03 6.727729994594510572e+02 1.891265796884930017e+00 4.135466337617167976e-01 1.891265796884930017e+00 4.135466337617167976e-01 1.354821876880725462e+01 -2.978018921473311181e-02 -2.978018921473310487e-02 3.421225064846538516e-02
1.546500000000000000e+03 5.614024140476379898e+02 6.070230661610388267e+00 8.033975256317452129e-02 6.070230661610388267e+00 8.033975256317452129e-02 1.710261654045372381e+01 1.487002128913222365e-01 1.487002128913222643e-01 1.275885755596068705e-01
1.582500000000000000e+03 4.621302487188225996e+02 -1.709272852228709727e+00 3.291598519212586282e-01 -1.709272852228709727e+00 3.291598519212586282e-01 1.995924616718249567e+01 -9.589660550399892180e-02 -9.589660550399897732e-02 2.310017980893211073e-02
1.618500000000000000e+03 4.164192336954303073e+02 -1.482959213236346585e+01 -2.897203117148954010e-02 -1.482959213236346585e+01 -2.897203117148954010e-02 2.049079198678500902e+01 -5.569534666994518934e-02 -5.569534666994516159e-02 1.399134473821655317e-02
1.654500000000000000e+03 3.997618114806044218e+02 -2.478842800674880209e+01 2.463201906967892735e-02 -2.478842800674880209e+01 2.463201906967892735e-02 1.829244512774427633e+01 6.818809282935474336e-02 6.818809282935472948e-02 5.735012973522549823e-02
1.690500000000000000e+03 4.071206613784664796e+02 -2.970646010813316451e+01 -6.874986313553427264e-02 -2.970646010813316451e+01 -6.874986313553427264e-02 1.458942760762139024e+01 4.877061070143573485e-02 4.877061070143574872e-02 5.183559819311280015e-02
1.726500000000000000e+03 4.073150850564993561e+02 -2.685386036409476063e+01 -4.743084226431489858e-01 -2.685386036409476063e+01 -4.743084226431489858e-01 1.105887569697344652e+01 3.657358996454611322e-02 3.657358996454611322e-02 7.101059443922631831e-02
1.762500000000000000e+03 4.095766752707845626e+02 -1.845817895299285993e+01 -2.629421565164165586e-01 -1.845817895299285993e+01 -2.629421565164165586e-01 8.483226930570733515e+00 -1.335027996606100997e-01 -1.335027996606100997e-01 1.094145160761445142e-02
1.798500000000000000e+03 3.731768831843866678e+02 -1.001184712224156215e+01 -3.093706954301186363e-01 -1.001184712224156215e+01 -3.093706954301186363e-01 7.952955219658680797e+00 8.108950569580089529e-02 8.108950569580093692e-02 2.544617300859448178e-02
1.834500000000000000e+03 3.345479743678820341e+02 -5.682379218510378749e+00 -4.303045626236415844e-01 -5.682379218510378749e+00 -4.303045626236415844e-01 9.015034500817828089e+00 3.482921135122011430e-02 3.482921135122010042e-02 2.196193215143857624e-01
1.870500000000000000e+03 2.924412422230533366e+02 -5.243399639628194997e+00 1.126438817901604938e-01 -5.243399639628194997e+00 1.126438817901604938e-01 9.999739667185270520e+00 1.812343089485922432e-02 1.812343089485922779e-02 2.391917205398836344e-01
1.906500000000000000e+03 2.651212511020625584e+02 -9.513944218728848767e+00 2.348619648071461619e-01 -9.513944218728848767e+00 2.348619648071461619e-01 1.109188119257251870e+01 -9.146949056545092271e-02 -9.146949056545093659e-02 1.782704937563288697e-02
1.942500000000000000e+03 2.492877815337658092e+02 -1.394759354561888998e+01 -1.061780904056919272e-01 -1.394759354561888998e+01 -1.061780904056919272e-01 1.076958875145930250e+01 4.977113050441250158e-02 4.977113050441250158e-02 -2.275270875583451039e-03
1.978500000000000000e+03 2.488935308718428416e+02 -1.787422568950842106e+01 2.058891664663416166e-02 -1.787422568950842106e+01 2.058891664663416166e-02 9.630850779669989592e+00 2.577973396161404793e-02 2.577973396161404793e-02 -3.266208915332608365e-03
2.014500000000000000e+03 2.464816011689808306e+02 -1.743745104657268286e+01 -1.484157898175427759e-01 -1.743745104657268286e+01 -1.484157898175427759e-01 7.948724667363515906e+00 1.092564806648192999e-01 1.092564806648193138e-01 -1.376686461376390620e-02
2.050500000000000000e+03 2.455686875161987928e+02 -1.414271793543186817e+01 -7.487279601899640702e-02 -1.414271793543186817e+01 -7.487279601899640702e-02 6.308242700604114184e+00 -1.685865930184924921e-01 -1.685865930184925476e-01 4.492343536808496990e-02
2.086500000000000000e+03 2.325862897571401788e+02 -9.426386125579513831e+00 -3.484768847394883462e-01 -9.426386125579513831e+00 -3.484768847394883462e-01 5.294017856135357469e+00 1.229374860255840612e-02 1.229374860255836449e-02 5.498203524470985509e-02
2.122500000000000000e+03 2.118141787662528657e+02 -5.479704675512043544e+00 1.222139971820431215e-01 -5.479704675512043544e+00 1.222139971820431215e-01 4.933993082979005962e+00 -1.300576964131949231e-01 -1.300576964131950064e-01 5.629706883137196131e-03
2.158500000000000000e+03 1.878415990195635743e+02 -2.772595333623735669e+00 -2.890498432925348582e-01 -2.772595333623735669e+00 -2.890498432925348582e-01 5.110001212384719160e+00 4.354584226212186021e-02 4.354584226212186715e-02 2.618694596509220651e-01
2.207000000000000000e+03 1.593926614833295332e+02 -3.440506013906418303e+00 -3.801194393984275166e-01 -3.440506013906418303e+00 -3.801194393984275166e-01 6.087762013754554502e+00 -8.739777757762308419e-03 -8.739777757762308419e-03 -9.166883867741186867e-03
2.268000000000000000e+03 1.386330777169781356e+02 -6.668872849781429579e+00 -1.401255109219382532e-02 -6.668872849781429579e+00 -1.401255109219382532e-02 5.751873833729772123e+00 5.837941424180752986e-02 5.837941424180752986e-02 9.823855671835603209e-02
2.329000000000000000e+03 1.339073610801598875e+02 -7.880347707339444341e+00 3.171290077264932172e-01 -7.880347707339444341e+00 3.171290077264932172e-01 4.352197755225863496e+00 -1.542979851334529140e-01 -1.542979851334528862e-01 2.033788606700554728e-03
2.390000000000000000e+03 1.268708302636448337e+02 -5.682070215544742453e+00 -1.659207155075224094e-01 -5.682070215544742453e+00 -1.659207155075224094e-01 3.245338524052754359e+00 2.777703904882356661e-02 2.777703904882355967e-02 -5.122436818304487022e-02
2.451000000000000000e+03 1.137030226997879510e+02 -3.586324058586791708e+00 1.183193771857480314e-01 -3.586324058586791708e+00 1.183193771857480314e-01 2.831156395765199285e+00 -1.715885695190815519e-01 -1.715885695190815796e-01 2.025894259485850335e-01
2.512000000000000000e+03 9.929263563897262657e+01 -3.249994735243219246e+00 7.855881587941632160e-02 -3.249994735243219246e+00 7.855881587941632160e-02 2.703111664595749364e+00 -4.576402715978590552e-02 -4.576402715978590552e-02 7.256026480408750423e-02
2.573000000000000000e+03 9.123119689756425998e+01 -3.860981781317747608e+00 -8.166642487875995504e-02 -3.860981781317747608e+00 -8.166642487875995504e-02 3.012415939451328573e+00 7.409219315677346984e-02 7.409219315677345596e-02 1.350244092945043217e-01
2.634000000000000000e+03 8.693032559403562232e+01 -4.306428146330786966e+00 -8.358301090204101058e-02 -4.306428146330786966e+00 -8.358301090204101058e-02 2.518480102876056392e+00 8.076196061042850705e-02 8.076196061042849317e-02 7.206739910277121242e-02
2.695000000000000000e+03 8.189797769481199907e+01 -3.614377383894410656e+00 2.675537828850730326e-01 -3.614377383894410656e+00 2.675537828850730326e-01 1.756205156388819688e+00 -3.611435297649520648e-02 -3.611435297649524812e-02 -4.129597721240062247e-02
2.756000000000000000e+03 7.523993260663779381e+01 -1.916833527778526447e+00 5.441271302056787523e-02 -1.916833527778526447e+00 5.441271302056787523e-02 1.395852599504773917e+00 4.917466455160836997e-02 4.917466455160832833e-02 7.089817057920151655e-02
2.817000000000000000e+03 6.745050324458451030e+01 -1.542493912368210651e+00 1.611715871186933657e-01 -1.542493912368210651e+00 1.611715871186933657e-01 1.367810321517570760e+00 -4.933130859709637661e-02 -4.933130859709634886e-02 1.667292969742820499e-02
2.878000000000000000e+03 6.227204368633363885e+01 -1.649777071194587830e+00 2.230946888526516569e-02 -1.649777071194587830e+00 2.230946888526516569e-02 1.275946307691681270e+00 5.707701388205664583e-02 5.707701388205664583e-02 1.366618088209462789e-01
2.939000000000000000e+03 5.899263299448138298e+01 -1.767341158091968012e+00 -2.090841230436641385e-01 -1.767341158091968012e+00 -2.090841230436641385e-01 1.216136284156510206e+00 1.385199502840370189e-02 1.385199502840368802e-02 1.067609887816455827e-01
3.000000000000000000e+03 5.686064851300275791e+01 -1.352594177784252949e+00 3.534498809425276611e-02 -1.352594177784252949e+00 3.534498809425276611e-02 9.515237008527898110e-01 -9.334250603382757139e-02 -9.334250603382765465e-02 1.290688175308913610e-01
3.061000000000000000e+03 5.505948733891650448e+01 -1.239593911252771186e+00 3.328116998612846988e-02 -1.239593911252771186e+00 3.328116998612846988e-02 1.111797397101270013e+00 -1.777585032566715573e-01 -1.777585032566715850e-01 -1.252085045229924254e-01
3.122000000000000000e+03 5.216131651450919549e+01 -1.263500046132898902e+00 3.739041542778864802e-02 -1.263500046132898902e+00 3.739041542778864802e-02 6.130063786283297400e-01 1.252093698854244153e-01 1.252093698854244430e-01 1.837304424268440539e-01
3.183000000000000000e+03 5.032169172980810146e+01 -9.086761073315569037e-01 7.665999040623094896e-02 -9.086761073315569037e-01 7.665999040623094896e-02 4.128198277791559900e-01 -3.009263141714232925e-02 -3.009263141714235701e-02 -1.087533527823198592e-01
3.244000000000000000e+03 4.935225888758149893e+01 -1.172448632985923389e+00 -1.618259254237452427e-01 -1.172448632985923389e+00 -1.618259254237452427e-01 4.144033778130137291e-01 1.713868811647944190e-01 1.713868811647944190e-01 -5.953243403176598780e-02
3.305000000000000000e+03 4.789274825464370622e+01 -8.395419723393888756e-01 -2.208337624510283564e-02 -8.395419723393888756e-01 -2.208337624510283564e-02 -1.301546531273060359e-01 3.532720907619302242e-01 3.532720907619302797e-01 -2.105568703943312414e-01
3.366000000000000000e+03 4.726012647092949237e+01 -5.007773463127931368e-01 -2.058763737911614156e-01 -5.007773463127931368e-01 -2.058763737911614156e-01 2.934315594435686347e-01 1.803408885123032046e-01 1.803408885123031768e-01 8.297405260693568874e-02
3.447000000000000000e+03 4.569226884013086476e+01 -1.650698909163951789e-01 -1.293000322043457717e-01 -1.650698909163951789e-01 -1.293000322043457717e-01 1.395110348957305513e-02 1.647272417302201863e-01 1.647272417302202696e-01 -4.843230379114332740e-01
3.548000000000000000e+03 4.523433368115981779e+01 -2.387633088856477293e-01 -1.751915738504065401e-01 -2.387633088856477293e-01 -1.751915738504065401e-01 1.642415535139175875e-01 -3.084098862293850329e-01 -3.084098862293849219e-01 2.560915438349096584e-03
3.649000000000000000e+03 4.495092211104605440e+01 -2.711595435649354346e-01 8.017999600037778452e-02 -2.711595435649354346e-01 8.017999600037778452e-02 1.239242581421363121e-01 -2.506462437677643706e-02 -2.506462437677643013e-02 1.586297906338010322e-01
3.750000000000000000e+03 4.540415509919626658e+01 -3.482742850468341089e-01 -1.740367432896087752e-01 -3.482742850468341089e-01 -1.740367432896087752e-01 -3.206671706270804445e-01 2.381779997561362938e-01 2.381779997561363493e-01 7.495296617345609778e-03
3.851000000000000000e+03 4.615965624688682567e+01 -4.707307600865163755e-01 1.679462861343796742e-01 -4.707307600865163755e-01 1.679462861343796742e-01 -4.216803270300971407e-02 2.300405846868098375e-02 2.300405846868097681e-02 -3.967851533125959507e-01
3.952000000000000000e+03 4.632458918106252099e+01 -1.635581391253301542e-01 -5.454693084778614032e-02 -1.635581391253301542e-01 -5.454693084778614032e-02 -1.552328848337425626e-01 -3.967890714191025237e-01 -3.967890714191024126e-01 -9.478768862875108780e-01
4.053000000000000000e+03 4.770726181769919805e+01 -5.963711839929950465e-01 2.064522563174627651e-03 -5.963711839929950465e-01 2.064522563174627651e-03 -1.378263320438531392e-01 3.532920426454576324e-02 3.532920426454579099e-02 3.362876739784860791e-01
4.154000000000000000e+03 4.877941582562264244e+01 -2.472344207443299691e-01 5.217174529442558661e-02 -2.472344207443299691e-01 5.217174529442558661e-02 -5.962425130205485369e-01 -2.586926414385291029e-01 -2.586926414385291029e-01 -7.802429651568429936e-01
4.255000000000000000e+03 5.014202768981175495e+01 -3.196059464900762870e-01 1.461465046814023061e-01 -3.196059464900762870e-01 1.461465046814023061e-01 6.586686265101578952e-01 3.251590372651595034e-02 3.251590372651597116e-02 -1.313903823328660403e-02
4.356000000000000000e+03 5.182127544380060868e+01 3.290302219253531391e-01 7.321074425272923979e-03 3.290302219253531391e-01 7.321074425272923979e-03 -1.497674368098484698e-01 3.688645129613074558e-02 3.688645129613080109e-02 4.421648504300977334e-01
4.457000000000000000e+03 5.260847310234581897e+01 1.964255832609953512e-01 5.371691572986820457e-02 1.964255832609953512e-01 5.371691572986820457e-02 5.511246053308562765e-01 -7.000409808491453445e-02 -7.000409808491458996e-02 -1.370143023076759503e+00
4.558000000000000000e+03 5.411426407825026530e+01 -6.227086352184737494e-01 -3.489735004803348195e-01 -6.227086352184737494e-01 -3.489735004803348195e-01 2.686519053414309632e-01 -5.627514822697152197e-02 -5.627514822697156360e-02 -4.684258566034411597e-01
4.659000000000000000e+03 5.616750798074058082e+01 1.787157050910629652e-01 1.276227910843052982e-02 1.787157050910629652e-01 1.276227910843052982e-02 6.871614725311417371e-02 3.178288246672044681e-01 3.178288246672044126e-01 -2.877948889079634531e-01
4.760000000000000000e+03 5.682099189667859918e+01 6.112979526241814066e-01 4.292159314258273684e-01 6.112979526241814066e-01 4.292159314258273684e-01 -3.858990675956479599e-01 1.792246013917273284e-01 1.792246013917273284e-01 1.753881014497477367e-02
4.861000000000000000e+03 5.833589997268585847e+01 -1.896542229450371431e-01 2.631573681781151919e-01 -1.896542229450371431e-01 2.631573681781151919e-01 -1.178133721628185970e+00 4.542301183276636345e-01 4.542301183276644116e-01 -1.150970409853149468e+00
4.962000000000000000e+03 6.221442035880333776e+01 -3.880926146415942385e-02 1.983882857934898825e-01 -3.880926146415942385e-02 1.983882857934898825e-01 -1.123872389429720065e-01 1.392815744664594346e+00 1.392815744664594568e+00 -4.166591555845211570e-02
5.063000000000000000e+03 6.277153574353078369e+01 7.450115987485402824e-01 -3.894259561608528486e-01 7.450115987485402824e-01 -3.894259561608528486e-01 -1.499255139322364094e+00 -2.257080959971989598e-01 -2.257080959971988765e-01 3.169077600438206521e-01
5.164000000000000000e+03 6.620994579115952661e+01 -1.110110270911777164e+00 -5.966641967375687639e-01 -1.110110270911777164e+00 -5.966641967375687639e-01 1.586655897337499121e+00 7.802859839896414407e-01 7.802859839896414407e-01 -1.368849947181661308e+00
5.265000000000000000e+03 6.583352193227443649e+01 2.691190040015207230e-01 -1.146865305031737475e-01 2.691190040015207230e-01 -1.146865305031737475e-01 2.847092115763494746e+00 3.876453314363484393e-01 3.876453314363486058e-01 2.100741124957018757e-01
5.366000000000000000e+03 6.815412994681567227e+01 -5.983061535211737780e-01 4.428332710878567502e-01 -5.983061535211737780e-01 4.428332710878567502e-01 -7.099505670706809379e-01 -6.027274607161421383e-01 -6.027274607161419162e-01 2.745417279963439317e+00
5.467000000000000000e+03 7.161190495860678595e+01 -1.547583574426858455e-02 -5.142766887899199446e-01 -1.547583574426858455e-02 -5.142766887899199446e-01 -3.982195926206353320e-01 1.905970227932086258e+00 1.905970227932086480e+00 1.670752690871786683e+00
5.568000000000000000e+03 7.435754822879306403e+01 1.194491895067171905e+00 -3.806653359093010724e-01 1.194491895067171905e+00 -3.806653359093010724e-01 -3.151811078752809081e+00 4.253065033704618303e-01 4.253065033704617193e-01 2.565711291387427484e-01
5.669000000000000000e+03 7.490239304647668916e+01 6.560888025545450475e-01 5.525400954709539514e-01 6.560888025545450475e-01 5.525400954709539514e-01 -1.002301228263448252e+00 -4.447139691735210176e-01 -4.447139691735211842e-01 1.998387859139297285e-01
5.770000000000000000e+03 7.816807400681139484e+01 1.761945428450127915e+00 5.776943455733722921e-01 1.761945428450127915e+00 5.776943455733722921e-01 -8.074719946774616686e-01 3.092632266997150658e+00 3.092632266997151547e+00 9.498255036726046541e-01
5.871000000000000000e+03 7.906933675522556371e+01 1.330184391854434711e+00 -1.070348666813291549e+00 1.330184391854434711e+00 -1.070348666813291549e+00 1.002431811566739217e+00 1.066157946466138817e+00 1.066157946466139261e+00 -7.387281647804224693e-01
