# l Dl_TT Dl_TE Dl_TB Dl_ET Dl_BT Dl_EE Dl_EB Dl_BE Dl_BB
7.050000000000000000e+01 2.030507669731809528e+03 -7.991440542212772336e+00 5.020048447581000328e-01 -7.991440542212772336e+00 5.020048447581000328e-01 3.425379483872924569e-01 1.213914612743672607e-03 1.213914612743671739e-03 2.629266204024365353e-02
1.065000000000000000e+02 2.853262387284895794e+03 -2.689311897602649282e+01 -6.729730787165839612e-01 -2.689311897602649282e+01 -6.729730787165839612e-01 8.319949591229177654e-01 1.735665568850995252e-02 1.735665568850994905e-02 9.670032769772331227e-03
1.425000000000000000e+02 4.170888269644643515e+03 -4.350266025719167828e+01 2.015273710745788982e+00 -4.350266025719167828e+01 2.015273710745788982e+00 1.107592522750266539e+00 -1.429142777837313569e-02 -1.429142777837312701e-02 -2.076035147330275790e-02
1.785000000000000000e+02 4.860050535916994704e+03 -3.412646747005884151e+01 -1.031944879321996245e-01 -3.412646747005884151e+01 -1.031944879321996245e-01 8.807132351359820976e-01 2.241345068906485175e-02 2.241345068906485521e-02 6.355249337778645429e-04
2.145000000000000000e+02 5.576740481633283707e+03 2.296315850165224770e+00 -1.111411878597758918e+00 2.296315850165224770e+00 -1.111411878597758918e+00 8.408389283780781653e-01 -2.668942953520207079e-02 -2.668942953520206385e-02 6.466668389936058858e-02
2.505000000000000000e+02 5.347088320889248280e+03 6.149044168229605134e+01 -4.029339752276767106e-01 6.149044168229605134e+01 -4.029339752276767106e-01 2.430042064913661370e+00 1.119768334564123086e-02 1.119768334564123433e-02 6.550829122411117034e-03
2.865000000000000000e+02 4.493446733286108611e+03 1.092320469305522863e+02 -1.127527762609703332e+00 1.092320469305522863e+02 -1.127527762609703332e+00 6.911291489160180213e+00 -3.535930190286913632e-02 -3.535930190286912245e-02 3.503212463497069190e-02
3.225000000000000000e+02 3.399934539548044086e+03 1.174592227894425776e+02 -3.729246290857220480e-01 1.174592227894425776e+02 -3.729246290857220480e-01 1.326501319573678828e+01 7.194479385504864988e-02 7.194479385504869151e-02 1.142384423128875275e-02
3.585000000000000000e+02 2.295218770698374101e+03 7.467498177554054450e+01 -5.733938927131616847e-02 7.467498177554054450e+01 -5.733938927131616847e-02 1.906572735013457276e+01 -2.590654577163826328e-02 -2.590654577163826328e-02 8.161368980883793034e-02
3.945000000000000000e+02 1.767435544388585640e+03 1.285528895888732492e+01 2.353227929311480782e-01 1.285528895888732492e+01 2.353227929311480782e-01 2.201925966908176591e+01 9.770024147689307381e-02 9.770024147689307381e-02 3.734393340051183480e-02
4.305000000000000000e+02 1.847918355507315482e+03 -4.957006217120846969e+01 3.360696521387226410e-01 -4.957006217120846969e+01 3.360696521387226410e-01 1.924579709893396640e+01 -2.216124999470832357e-04 -2.216124999470841031e-04 2.062903206556246372e-02
4.665000000000000000e+02 2.134934797133487336e+03 -7.421551184524827249e+01 -1.842985930797470528e-01 -7.421551184524827249e+01 -1.842985930797470528e-01 1.331658829126274668e+01 1.452330491313453577e-02 1.452330491313452883e-02 5.026167087401935823e-02
5.025000000000000000e+02 2.440061465362072340e+03 -5.325731445634163208e+01 -5.844907638285319340e-01 -5.325731445634163208e+01 -5.844907638285319340e-01 7.964091968579589675e+00 -2.450073100998886866e-04 -2.450073100998852171e-04 7.459325217988165002e-02
5.385000000000000000e+02 2.545829377315177226e+03 -1.170248080991477480e+01 -6.571180387413452229e-01 -1.170248080991477480e+01 -6.571180387413452229e-01 7.527382217068408821e+00 4.036612021455117383e-03 4.036612021455117383e-03 5.125450934353523863e-02
5.745000000000000000e+02 2.446474508067975876e+03 2.301979091088936968e+01 5.739544629698227762e-01 2.301979091088936968e+01 5.739544629698227762e-01 1.303350089100925402e+01 7.801298333484382730e-02 7.801298333484385505e-02 1.107895792867057694e-01
6.105000000000000000e+02 2.142918528421960673e+03 2.434790264404739446e+01 -5.406318691194410553e-01 2.434790264404739446e+01 -5.406318691194410553e-01 2.290719161702682172e+01 -6.385155268504333348e-02 -6.385155268504331960e-02 1.127561978280275656e-01
6.465000000000000000e+02 1.864099139194918280e+03 -1.247495220939315175e+01 -5.419060914651909755e-01 -1.247495220939315175e+01 -5.419060914651909755e-01 3.269574876622588278e+01 -1.964617573407387643e-02 -1.964617573407387990e-02 5.671414644272539107e-02
6.825000000000000000e+02 1.822418785826360136e+03 -7.179916374906642318e+01 1.221875412313231823e+00 -7.179916374906642318e+01 1.221875412313231823e+00 3.657817463519840828e+01 -7.371111336849998918e-02 -7.371111336850001694e-02 1.059676426103415003e-01
7.185000000000000000e+02 1.958447467593751981e+03 -1.180599589828987916e+02 -9.255253296639785743e-02 -1.180599589828987916e+02 -9.255253296639785743e-02 3.521225815262013015e+01 9.635083615037162708e-03 9.635083615037159238e-03 2.436470915796021611e-02
7.545000000000000000e+02 2.253769015024320652e+03 -1.302856943600448005e+02 5.511581978970427759e-02 -1.302856943600448005e+02 5.511581978970427759e-02 2.647739688598579377e+01 7.020339313192118513e-02 7.020339313192121289e-02 5.408334864780869888e-02
7.905000000000000000e+02 2.492203135685678717e+03 -1.021649315023849454e+02 -6.808822250532954590e-02 -1.021649315023849454e+02 -6.808822250532954590e-02 1.766367425429175597e+01 -1.050324570943674957e-01 -1.050324570943674957e-01 7.284315987267883652e-02
8.265000000000000000e+02 2.506687009227096951e+03 -4.308700795622130642e+01 4.021615664188212258e-01 -4.308700795622130642e+01 4.021615664188212258e-01 1.291369972819626355e+01 -5.514775787297227644e-02 -5.514775787297229032e-02 7.989116736839028954e-02
8.625000000000000000e+02 2.312482610652261428e+03 1.912561495560158065e+01 6.099493043426827965e-01 1.912561495560158065e+01 6.099493043426827965e-01 1.504309698172445131e+01 -5.730214244909975774e-02 -5.730214244909979937e-02 1.192871912387521993e-01
8.985000000000000000e+02 1.897419482824404440e+03 5.304598009246902279e+01 2.609403316165126441e-01 5.304598009246902279e+01 2.609403316165126441e-01 2.335625011970759601e+01 5.091693862085866495e-02 5.091693862085867883e-02 1.331255784536747588e-01
9.345000000000000000e+02 1.496402576452647736e+03 4.944276710486745685e+01 -1.077972649925582393e+00 4.944276710486745685e+01 -1.077972649925582393e+00 3.322490369594420656e+01 3.948464220728918617e-02 3.948464220728916535e-02 1.548353253063476931e-01
9.705000000000000000e+02 1.202125536271538977e+03 1.583325486864343290e+01 1.914803758519357524e-01 1.583325486864343290e+01 1.914803758519357524e-01 4.121536809522216060e+01 9.951707070604567940e-02 9.951707070604572103e-02 4.148960091602253708e-02
1.006500000000000000e+03 1.057313911675512145e+03 -3.255032476320158707e+01 -1.323912926560415204e-01 -3.255032476320158707e+01 -1.323912926560415204e-01 4.058811093744877496e+01 6.993161360842295449e-02 6.993161360842295449e-02 9.196433234458432915e-02
1.042500000000000000e+03 1.072229408352201972e+03 -6.830621436715966865e+01 6.364226703571462807e-01 -6.830621436715966865e+01 6.364226703571462807e-01 3.506346054388919242e+01 -2.609282210762153831e-02 -2.609282210762145504e-02 1.190027161545030403e-02
1.078500000000000000e+03 1.182358248971048397e+03 -7.772216246029000786e+01 6.959055804793889966e-03 -7.772216246029000786e+01 6.959055804793889966e-03 2.569199384517602525e+01 7.362532930973696155e-02 7.362532930973696155e-02 2.204461715229181773e-01
1.114500000000000000e+03 1.245620315827328341e+03 -5.971245519644212862e+01 -1.300699418974371468e-02 -5.971245519644212862e+01 -1.300699418974371468e-02 1.711098719207701180e+01 4.202601498687345144e-03 4.202601498687338205e-03 1.197043090930499376e-01
1.150500000000000000e+03 1.239568279446844144e+03 -3.070078801585020400e+01 -1.016969239700068250e+00 -3.070078801585020400e+01 -1.016969239700068250e+00 1.322275589989879840e+01 2.873211622066281640e-02 2.873211622066280252e-02 1.666744825704707944e-01
1.186500000000000000e+03 1.119250586623834351e+03 -1.806521537588689164e+00 8.230993158400061738e-01 -1.806521537588689164e+00 8.230993158400061738e-01 1.558934728140588710e+01 8.927512133436116271e-02 8.927512133436121822e-02 1.128174416662709595e-01
1.222500000000000000e+03 9.463602172372980021e+02 5.019633186480387366e+00 3.248781244236219612e-01 5.019633186480387366e+00 3.248781244236219612e-01 2.120280916947584515e+01 7.655135292292818139e-02 7.655135292292822302e-02 -6.874976546846035125e-03
1.258500000000000000e+03 8.135655409635812703e+02 -5.342406349210680361e+00 4.314747861200176060e-01 -5.342406349210680361e+00 4.314747861200176060e-01 2.807923503744878957e+01 4.158668636474779218e-02 4.158668636474779218e-02 7.341152806833321776e-02
1.294500000000000000e+03 7.399093899712039502e+02 -2.865932716840571715e+01 -2.722579898255315101e-01 -2.865932716840571715e+01 -2.722579898255315101e-01 3.032380657450480044e+01 -2.879596630349894743e-02 -2.879596630349894743e-02 2.312519170031936133e-02
1.330500000000000000e+03 7.403694456327715443e+02 -5.083980345565757375e+01 6.084405233809836444e-02 -5.083980345565757375e+01 6.084405233809836444e-02 2.867965973993901585e+01 1.482467956672321729e-02 1.482467956672316178e-02 1.398525953894673712e-01
1.366500000000000000e+03 7.663228495935769615e+02 -5.986129863695676789e+01 3.509244144826449974e-01 -5.986129863695676789e+01 3.509244144826449974e-01 2.307700248258121434e+01 -1.070931129502781520e-01 -1.070931129502781520e-01 4.308523471281521661e-02
1.402500000000000000e+03 8.161236352877396030e+02 -5.382451911687953583e+01 -1.884201661387261972e-01 -5.382451911687953583e+01 -1.884201661387261972e-01 1.701739791684966718e+01 6.977296030664500992e-02 6.977296030664499604e-02 1.728023054724067697e-01
1.438500000000000000e+03 8.209702180984750157e+02 -3.479860153961730873e+01 -2.554781697326120593e-01 -3.479860153961730873e+01 -2.554781697326120593e-01 1.259620949411459812e+01 1.479418792497298046e-02 1.479418792497298740e-02 1.045959810159766828e-01
1.474500000000000000e+03 7.697818246608497930e+02 -1.174055402122061409e+01 -3.430980195680868317e-01 -1.174055402122061409e+01 -3.430980195680868317e-01 1.156261356813961960e+01 6.471061856220171327e-02 6.471061856220169939e-02 8.103724864591514698e-02
1.510500000000000000e+03 6.552170269115155179e+02 1.976533303596692548e+00 1.430353021623127496e-01 1.976533303596692548e+00 1.430353021623127496e-01 1.378245297927233537e+01 -3.045376463067734490e-02 -3.045376463067735878e-02 8.593920888265867142e-02
1.546500000000000000e+03 5.570507008677825525e+02 4.058426039205338398e+00 -3.915310391874428086e-01 4.058426039205338398e+00 -3.915310391874428086e-01 1.697936607975018575e+01 -1.080883430354045993e-02 -1.080883430354043911e-02 1.023413890573561247e-01
1.582500000000000000e+03 4.643226101122298246e+02 -1.423616307440703777e+00 -4.084031609163005783e-01 -1.423616307440703777e+00 -4.084031609163005783e-01 1.966829655243882513e+01 3.547256690361014209e-02 3.547256690361012127e-02 3.429681268112476367e-02
1.618500000000000000e+03 4.131341371256937691e+02 -1.425723244268277234e+01 -5.283563602886827137e-01 -1.425723244268277234e+01 -5.283563602886827137e-01 2.077751300420205993e+01 -3.787832869290308491e-02 -3.787832869290307103e-02 9.974005187705121955e-02
1.654500000000000000e+03 3.968579090274354257e+02 -2.605113664517747196e+01 1.243875083760089817e-01 -2.605113664517747196e+01 1.243875083760089817e-01 1.856407159748109947e+01 -1.504165088791990790e-02 -1.504165088791990269e-02 3.260522549691094452e-02
1.690500000000000000e+03 4.031271868231711437e+02 -2.975137322447839949e+01 -8.979681503502995321e-02 -2.975137322447839949e+01 -8.979681503502995321e-02 1.484849629349028710e+01 5.158784292745542677e-03 5.158784292745553085e-03 3.099103923489409107e-01
1.726500000000000000e+03 4.058956819513857113e+02 -2.685892582388208538e+01 -7.769468877612842883e-01 -2.685892582388208538e+01 -7.769468877612842883e-01 1.110834394706229844e+01 -5.389215031737949746e-02 -5.389215031737948358e-02 1.209357785905524202e-01
1.762500000000000000e+03 3.969980340891917763e+02 -1.892647067467196820e+01 -1.232406265889674779e-01 -1.892647067467196820e+01 -1.232406265889674779e-01 8.835577066340805530e+00 2.646352649703542781e-02 2.646352649703543822e-02 5.478529748418756867e-02
1.798500000000000000e+03 3.663735495113263596e+02 -1.010057608848928723e+01 -1.240549079013303357e-02 -1.010057608848928723e+01 -1.240549079013303357e-02 7.546705424365579340e+00 -6.335324016182289353e-02 -6.335324016182286577e-02 2.032794301052937014e-01
1.834500000000000000e+03 3.269051900837351923e+02 -5.132130643445670160e+00 -1.435334335198934497e-03 -5.132130643445670160e+00 -1.435334335198934497e-03 8.669978429560165623e+00 -1.458516636308650194e-02 -1.458516636308650194e-02 -7.766854011490309517e-02
1.870500000000000000e+03 2.899226117039152086e+02 -5.262125269497677671e+00 1.322085083970262476e-01 -5.262125269497677671e+00 1.322085083970262476e-01 1.032280098470494778e+01 6.312174783108305542e-02 6.312174783108308318e-02 1.607942120640632744e-01
1.906500000000000000e+03 2.587236303595944378e+02 -9.196971958685011828e+00 -6.585419005733560149e-02 -9.196971958685011828e+00 -6.585419005733560149e-02 1.084924817175418887e+01 -2.164412572744332519e-01 -2.164412572744332519e-01 2.313298644861785380e-01
1.942500000000000000e+03 2.468977862351402734e+02 -1.470222776194562897e+01 2.882523754155165707e-01 -1.470222776194562897e+01 2.882523754155165707e-01 1.125265575352060665e+01 3.719211757602092217e-02 3.719211757602093604e-02 1.625711368397770029e-01
1.978500000000000000e+03 2.401524380190164436e+02 -1.758068083831957296e+01 -1.084600684369114165e-01 -1.758068083831957296e+01 -1.084600684369114165e-01 9.893443254470742687e+00 -1.137206928982234175e-02 -1.137206928982233828e-02 3.336083755761770631e-02
2.014500000000000000e+03 2.390019373768279536e+02 -1.727908080107590649e+01 1.706477980340935507e-02 -1.727908080107590649e+01 1.706477980340935507e-02 7.813475876309809998e+00 3.094272424308163946e-02 3.094272424308163599e-02 -2.141368277613622528e-01
2.050500000000000000e+03 2.388125354667865281e+02 -1.413677374934267128e+01 -2.058351993143684444e-01 -1.413677374934267128e+01 -2.058351993143684444e-01 6.038806261835136802e+00 9.798297861109334095e-02 9.798297861109335483e-02 8.107994960308187449e-02
2.086500000000000000e+03 2.276732447775520711e+02 -9.531968975047849568e+00 4.030088869602058699e-01 -9.531968975047849568e+00 4.030088869602058699e-01 5.296199579403615409e+00 6.680586368399371588e-02 6.680586368399370201e-02 2.148443066912867350e-01
2.122500000000000000e+03 2.038620338193075554e+02 -5.636115444541088593e+00 3.296310654176807242e-01 -5.636115444541088593e+00 3.296310654176807242e-01 5.101124264520986884e+00 -1.393495823992487170e-01 -1.393495823992486060e-01 1.732958648891800083e-02
2.158500000000000000e+03 1.821864792736311358e+02 -2.808332929992438221e+00 1.334451463074525640e-02 -2.808332929992438221e+00 1.334451463074525640e-02 5.157925582711276213e+00 -2.073341828947198803e-02 -2.073341828947196722e-02 3.385185677817459382e-02
2.207000000000000000e+03 1.540233718582016422e+02 -3.634911399565903700e+00 8.624038638889995612e-02 -3.634911399565903700e+00 8.624038638889995612e-02 5.897680116726493615e+00 4.442890854868324774e-02 4.442890854868324080e-02 -1.120452758843035468e-01
2.268000000000000000e+03 1.309501075328054469e+02 -6.665842413546307021e+00 2.547518597302709381e-02 -6.665842413546307021e+00 2.547518597302709381e-02 5.887312491620678934e+00 -1.605875435426497022e-01 -1.605875435426497022e-01 -9.610519690965599326e-02
2.329000000000000000e+03 1.250325116700988275e+02 -7.658489437684705692e+00 3.049778551869292142e-01 -7.658489437684705692e+00 3.049778551869292142e-01 4.358333785328431631e+00 -8.283541933340110575e-02 -8.283541933340105023e-02 -7.536142433324141687e-02
2.390000000000000000e+03 1.191222852985511196e+02 -5.940721705473993808e+00 3.037440777119565505e-02 -5.940721705473993808e+00 3.037440777119565505e-02 3.303945914077480950e+00 3.014427993175244208e-02 3.014427993175246290e-02 1.660978910367852390e-02
2.451000000000000000e+03 1.049944947281729668e+02 -3.391853647650266090e+00 1.821791956387239231e-01 -3.391853647650266090e+00 1.821791956387239231e-01 2.816683432699834455e+00 2.057493392105879532e-02 2.057493392105880919e-02 -1.091620692410384258e-01
2.512000000000000000e+03 9.102498161030520407e+01 -3.036608509157380453e+00 -1.016587820400218362e-01 -3.036608509157380453e+00 -1.016587820400218362e-01 2.915290511133062257e+00 -2.862399082854194532e-02 -2.862399082854193144e-02 -3.446480682734073125e-02
2.573000000000000000e+03 8.294447604396479790e+01 -3.915055717084147346e+00 -9.367429239539101782e-02 -3.915055717084147346e+00 -9.367429239539101782e-02 3.047131461895079330e+00 1.402382043659227140e-01 1.402382043659226862e-01 1.281937572303526174e-01
2.634000000000000000e+03 7.788640088731865774e+01 -4.209594968197025722e+00 2.086328196703008953e-01 -4.209594968197025722e+00 2.086328196703008953e-01 2.238031352687785969e+00 -1.290244214223086050e-01 -1.290244214223085772e-01 -1.221325944936465374e-01
2.695000000000000000e+03 7.299258373203592498e+01 -3.063606991138246194e+00 8.521108717815026323e-02 -3.063606991138246194e+00 8.521108717815026323e-02 1.448417727677137057e+00 2.050567904411869369e-01 2.050567904411868814e-01 1.260574147973342329e-01
2.756000000000000000e+03 6.590310604286626983e+01 -2.204330247487794381e+00 -1.109632455921873012e-01 -2.204330247487794381e+00 -1.109632455921873012e-01 1.650978766285878585e+00 5.210444795381237448e-02 5.210444795381238836e-02 1.341354251370679429e-01
2.817000000000000000e+03 5.799627571735736353e+01 -1.501478635237862180e+00 -3.050003487773886302e-02 -1.501478635237862180e+00 -3.050003487773886302e-02 1.575557323250692088e+00 1.784203445558385503e-01 1.784203445558386059e-01 1.803102295277927702e-01
2.878000000000000000e+03 5.213761989037719502e+01 -1.651972820401185205e+00 -1.792271696933380593e-02 -1.651972820401185205e+00 -1.792271696933380593e-02 1.506597198725697639e+00 1.274909709865142127e-01 1.274909709865141572e-01 1.376180884445700747e-01
2.939000000000000000e+03 4.863501871461634352e+01 -2.085410502202823757e+00 2.710790181169586144e-01 -2.085410502202823757e+00 2.710790181169586144e-01 1.134269594550235460e+00 4.272527352281330071e-02 4.272527352281327295e-02 -1.207544289557765660e-01
3.000000000000000000e+03 4.707764633025917789e+01 -1.760716192470608954e+00 -7.122044832955636007e-02 -1.760716192470608954e+00 -7.122044832955636007e-02 6.521302772168449113e-01 -1.340248555302156197e-01 -1.340248555302157030e-01 2.111025242893704162e-02
3.061000000000000000e+03 4.426305828006589849e+01 -1.318865285035287105e+00 -1.358935995887474157e-01 -1.318865285035287105e+00 -1.358935995887474157e-01 6.682447115442341490e-01 -8.446342237783138751e-02 -8.446342237783149853e-02 -2.452072996713971359e-02
3.122000000000000000e+03 4.100161738140250378e+01 -9.671016689576554803e-01 4.778942632687739611e-02 -9.671016689576554803e-01 4.778942632687739611e-02 2.340483541848618065e-01 -1.365747887967966867e-01 -1.365747887967966034e-01 -3.340813367378186460e-01
3.183000000000000000e+03 3.841420581801654777e+01 -8.140015517856398208e-01 -2.371776168105776961e-01 -8.140015517856398208e-01 -2.371776168105776961e-01 7.059694724642315844e-01 1.640641537086173218e-01 1.640641537086174051e-01 1.356887190328603110e-01
3.244000000000000000e+03 3.726542677239278589e+01 -7.306348677353466936e-01 -1.345340444443145766e-01 -7.306348677353466936e-01 -1.345340444443145766e-01 6.901370630502591252e-01 -1.467949487723511359e-01 -1.467949487723511359e-01 -2.439407725405212113e-01
3.305000000000000000e+03 3.625725760784841611e+01 -1.289762654897534500e+00 -1.791374885486443913e-01 -1.289762654897534500e+00 -1.791374885486443913e-01 5.813636348359220163e-01 -8.190483721330324429e-02 -8.190483721330327205e-02 -1.133934486513018675e-01
3.366000000000000000e+03 3.435447284098741960e+01 -3.186106679404530073e-01 -2.623628471432358777e-01 -3.186106679404530073e-01 -2.623628471432358777e-01 1.726814764912909805e-01 -6.727575208635126758e-02 -6.727575208635130921e-02 -5.113179574092985985e-02
3.447000000000000000e+03 3.312634806041161539e+01 -3.390766767391904524e-01 -2.505879717358224235e-01 -3.390766767391904524e-01 -2.505879717358224235e-01 1.633747392865675663e-01 -8.460785566471493158e-03 -8.460785566471451524e-03 -3.004643595064324102e-01
3.548000000000000000e+03 3.167379566146495762e+01 -5.484667263754744448e-01 5.519648007064632128e-03 -5.484667263754744448e-01 5.519648007064632128e-03 2.577611740763564585e-01 -8.366625795623916506e-02 -8.366625795623916506e-02 -1.274688683929504629e-01
3.649000000000000000e+03 3.109410577827080147e+01 -4.080068918473128692e-02 2.257615080565526233e-01 -4.080068918473128692e-02 2.257615080565526233e-01 5.595398143977389771e-02 7.407227491874328329e-02 7.407227491874329717e-02 -2.098200259272946788e-01
3.750000000000000000e+03 3.082085671351068967e+01 -7.597707481351213821e-02 3.616506385667453971e-01 -7.597707481351213821e-02 3.616506385667453971e-01 5.191724501189865643e-03 2.048376543421561169e-01 2.048376543421561169e-01 -2.341726312429945056e-01
3.851000000000000000e+03 3.070194160308685127e+01 -1.717437340168196380e-01 1.087892568358496403e-01 -1.717437340168196380e-01 1.087892568358496403e-01 -6.472216100965256791e-01 3.963632547457875827e-02 3.963632547457872357e-02 6.090922225654652605e-02
3.952000000000000000e+03 3.110048264323993905e+01 -2.803871430333956249e-01 8.489207626789635475e-02 -2.803871430333956249e-01 8.489207626789635475e-02 5.885928384269991168e-03 -1.975482635381873853e-01 -1.975482635381873853e-01 5.175438042023427360e-02
4.053000000000000000e+03 3.096546412449169239e+01 1.500691211798553804e-01 -1.570962495636794021e-01 1.500691211798553804e-01 -1.570962495636794021e-01 4.203871917889596688e-01 -1.068295532508785617e-01 -1.068295532508785339e-01 -4.445172040979615824e-01
4.154000000000000000e+03 3.169494467577660046e+01 -4.378781946176628082e-01 1.581059797368429276e-01 -4.378781946176628082e-01 1.581059797368429276e-01 -9.847172842119528147e-02 -3.485482189598991809e-01 -3.485482189598991809e-01 5.685680271335654713e-03
4.255000000000000000e+03 3.191288083625465788e+01 -1.118681536380226188e-01 -5.061927172219923138e-02 -1.118681536380226188e-01 -5.061927172219923138e-02 -3.135061016365529585e-01 3.252414275800814547e-01 3.252414275800814547e-01 1.358938755250588271e-01
4.356000000000000000e+03 3.283234907758891552e+01 -1.742217740941823523e-01 -3.660919399446255218e-02 -1.742217740941823523e-01 -3.660919399446255218e-02 6.139693521296125250e-02 -3.245834315971214412e-01 -3.245834315971214412e-01 1.181939337082907743e-01
4.457000000000000000e+03 3.342035906145773083e+01 -2.107859230855604893e-01 -3.587709910007526037e-01 -2.107859230855604893e-01 -3.587709910007526037e-01 5.631240396307105045e-02 1.936904373198286566e-01 1.936904373198287677e-01 4.276520062268485134e-01
4.558000000000000000e+03 3.372994324229857455e+01 4.500595106688510816e-01 3.238346934653164033e-01 4.500595106688510816e-01 3.238346934653164033e-01 3.545187651208864255e-02 -4.071935617287312376e-02 -4.071935617287311682e-02 7.063945096786460320e-01
4.659000000000000000e+03 3.443391396912246449e+01 -3.808489303942849125e-01 9.361407740093657948e-02 -3.808489303942849125e-01 9.361407740093657948e-02 -9.820257698427344376e-03 4.292254566657599524e-01 4.292254566657600634e-01 3.643570610944937838e-02
4.760000000000000000e+03 3.548744551020725169e+01 -2.809528262160162493e-01 2.587857013526247973e-01 -2.809528262160162493e-01 2.587857013526247973e-01 -9.341521189653029245e-02 -1.921271295725741901e-02 -1.921271295725733574e-02 -5.973222467054217777e-01
4.861000000000000000e+03 3.646726956916245399e+01 2.463433812915825361e-01 1.091476155220415800e-01 2.463433812915825361e-01 1.091476155220415800e-01 -4.301180876455517471e-02 1.105809298002276980e-01 1.105809298002276703e-01 2.073444174745721902e-01
4.962000000000000000e+03 3.762711470046701834e+01 -1.258028415987053339e-01 1.262904162985328815e-01 -1.258028415987053339e-01 1.262904162985328815e-01 1.032049467276236365e+00 2.492759487468841906e-01 2.492759487468841073e-01 -2.570027574031937823e-01
5.063000000000000000e+03 3.812396259947070831e+01 3.640635035344257364e-01 -4.710692618596902248e-01 3.640635035344257364e-01 -4.710692618596902248e-01 5.155653406029946373e-01 5.427698724184448764e-01 5.427698724184450985e-01 -1.047240651435126679e+00
5.164000000000000000e+03 3.961986622079335518e+01 2.568966116101589203e-01 -2.009065404490820161e-02 2.568966116101589203e-01 -2.009065404490820161e-02 4.012299893450689825e-01 1.826746660068470363e-01 1.826746660068470363e-01 4.045700363875357475e-01
5.265000000000000000e+03 4.019490894983201912e+01 -2.774975452388904196e-01 5.338215014141993731e-01 -2.774975452388904196e-01 5.338215014141993731e-01 5.753729366475657248e-01 4.843918356701248373e-01 4.843918356701248373e-01 -1.128941354971321198e+00
5.366000000000000000e+03 4.229836900263612165e+01 8.863399936651386590e-02 4.482918888187814588e-02 8.863399936651386590e-02 4.482918888187814588e-02 -2.848209037594145454e-01 -9.371899354456425524e-02 -9.371899354456429687e-02 1.680224294783872141e+00
5.467000000000000000e+03 4.294360623265615118e+01 -3.067066150802221780e-01 -4.771580236697516852e-01 -3.067066150802221780e-01 -4.771580236697516852e-01 1.109909107308361120e+00 -2.568227588538883888e-01 -2.568227588538883888e-01 1.045901487107555372e+00
5.568000000000000000e+03 4.407848474261678007e+01 4.660668022312033365e-01 -7.558113787190224447e-03 4.660668022312033365e-01 -7.558113787190224447e-03 -3.982585746333743848e-01 3.136959274361596495e-01 3.136959274361598160e-01 -2.184951829186183025e-01
5.669000000000000000e+03 4.531596419761054761e+01 -1.435808894514371825e-01 -1.394257180504419602e-01 -1.435808894514371825e-01 -1.394257180504419602e-01 8.229602024154014650e-01 6.980285790414314517e-01 6.980285790414313407e-01 3.722842577413362775e-01
5.770000000000000000e+03 4.651334855527539247e+01 3.424430305741475444e-01 -5.934114827086410804e-01 3.424430305741475444e-01 -5.934114827086410804e-01 -8.661849455464485370e-01 -1.353059412844960230e-01 -1.353059412844959397e-01 -1.224207762239480912e+00
5.871000000000000000e+03 4.904232020970118811e+01 5.592703911358565261e-01 7.432151912813245165e-01 5.592703911358565261e-01 7.432151912813245165e-01 8.158321170074919193e-01 -6.875376754376706367e-01 -6.875376754376706367e-01 -1.901488341327455256e-01
