# l Dl_TT Dl_TE Dl_TB Dl_ET Dl_BT Dl_EE Dl_EB Dl_BE Dl_BB
7.050000000000000000e+01 1.844368734853485421e+03 -7.535763137349667851e+00 1.071091723356876191e+00 -4.667395366979505411e+00 1.713016667978590757e-01 3.223887575859335497e-01 8.319024968183139079e-03 -2.438648913569596566e-02 9.914515076602320454e-03
1.065000000000000000e+02 2.942602525120362770e+03 -3.056309151507085176e+01 -3.742013703020757198e+00 -3.245976911837318113e+01 7.613312837076905426e-01 8.950871303136973545e-01 4.563340194140817763e-02 -1.711052378287996820e-02 -6.490814414764835283e-02
1.425000000000000000e+02 4.026963619693950932e+03 -4.045529553015573043e+01 -6.268390771637933900e-01 -3.886634191842505004e+01 4.039128838519220333e-01 1.023566409676782030e+00 -2.562549378561094354e-02 -4.959168875285722977e-02 -4.080682965175998211e-02
1.785000000000000000e+02 5.277887862807770034e+03 -3.617699101060453160e+01 -6.715779293192871702e-01 -3.442304395028048702e+01 -2.901597741852718348e-01 8.154156962526730723e-01 -4.495284848712853554e-02 4.777458792096637985e-02 1.576967759962375620e-02
2.145000000000000000e+02 5.598830340226531916e+03 6.651629223197318197e+00 2.631602963471615375e-01 5.186991834654078204e+00 5.259420892577183482e-01 8.218334004547946936e-01 -4.943307117808827533e-02 -6.502099837376910940e-02 2.434679227726015138e-02
2.505000000000000000e+02 5.635836427652767270e+03 6.874933183310022855e+01 5.428633764475959467e+00 6.530599496910474500e+01 -1.546524059293978848e+00 2.562232709840369438e+00 5.542409485841821859e-02 6.321797953985258504e-03 2.110761743419226066e-02
2.865000000000000000e+02 4.649473988201285465e+03 1.139749605429543351e+02 -2.507045732115797954e-01 1.116639349760750690e+02 2.720732517296042263e-01 6.906311470411148790e+00 -1.423148982913356730e-02 7.586460133418931884e-02 5.286487799056920067e-02
3.225000000000000000e+02 3.388554856901322637e+03 1.191680324229967596e+02 6.804879994059231940e-01 1.173962828588585978e+02 -7.626393382892513451e-01 1.322562393498741429e+01 -6.167690274920391291e-02 -2.485861726096940533e-02 -1.722301422384161368e-03
3.585000000000000000e+02 2.331357178680301331e+03 7.883521190855077521e+01 8.399447453773756234e-01 7.761344583245588069e+01 4.148511373969360205e-01 1.950879597912676999e+01 1.395076103791213218e-01 3.886091751335929434e-02 3.911543763030211202e-02
3.945000000000000000e+02 1.775792681616256914e+03 1.017460920917982037e+01 1.097297721294788087e+00 1.263024482596108555e+01 8.325692394365057369e-01 2.135678806814271269e+01 4.150557682887112687e-02 -1.770486575626470382e-02 6.984291982457249692e-02
4.305000000000000000e+02 1.794972194350555583e+03 -4.805041715476599506e+01 -1.027367089176767778e-01 -4.754308217599542274e+01 3.398232522901027952e-01 1.926273770322323742e+01 -7.964276544233091226e-02 1.553223348308213972e-02 1.184365057317069217e-02
4.665000000000000000e+02 2.175427752667690584e+03 -7.611662988411293895e+01 5.472128778082658851e-01 -7.861857559306224630e+01 2.887290799642791006e-01 1.320184283292845961e+01 2.461935140726901616e-01 1.380326636084828335e-02 5.667260120624503794e-03
5.025000000000000000e+02 2.410121478549468520e+03 -5.276969785927055057e+01 9.283781654411553674e-01 -5.255003663032701411e+01 9.710768948924508592e-02 8.158636601747895511e+00 -1.615812454950764088e-01 1.333282925718537459e-01 7.705825116983262835e-03
5.385000000000000000e+02 2.611994098268834932e+03 -7.741272976513069892e+00 2.253777372940359847e+00 -1.201843077090295964e+01 5.463157732920941312e-01 7.528212270794005789e+00 -8.785706342032666150e-02 8.153279926970118108e-03 1.100389111963534228e-01
5.745000000000000000e+02 2.474582156716754071e+03 2.305002481260894598e+01 5.433014817858581313e-01 2.154164660099664985e+01 -5.745238912750144644e-02 1.317910973574247180e+01 4.090415535976883732e-02 9.448017380168233226e-02 1.206008766366662432e-01
6.105000000000000000e+02 2.153169020457912211e+03 2.347932918147226644e+01 4.345893600656444700e-01 2.342869204198136757e+01 1.132865532283326759e+00 2.292499979927986686e+01 -1.191486549532617539e-01 -1.195549802627335623e-01 3.093694037151501625e-02
6.465000000000000000e+02 1.882260408332110273e+03 -1.140091720515789753e+01 -4.111774376034920686e-01 -1.122829854496098356e+01 -5.080985117923073613e-01 3.233704156372232319e+01 -6.763700705798245116e-02 1.863663659386988747e-01 7.631320033634486633e-02
6.825000000000000000e+02 1.823594682705214154e+03 -6.770540834102079941e+01 -3.423263138104983283e-01 -6.926704199059338407e+01 5.708057008449631820e-01 3.698443048736210415e+01 -2.489610373878708982e-03 8.431931637804077062e-02 1.491916015161884879e-01
7.185000000000000000e+02 2.005705112775521002e+03 -1.162020250504973262e+02 1.327480829950620222e+00 -1.177798369902291995e+02 1.050918263144566683e-01 3.463527366587929635e+01 -1.127200920469216688e-01 -1.115880923640667766e-02 4.295166014784890240e-02
7.545000000000000000e+02 2.271876471946842685e+03 -1.342955977741803508e+02 1.660695656505428497e+00 -1.321278288813280142e+02 2.673773828951443443e-01 2.685803370894324971e+01 -5.790252583183934376e-03 -1.148443974773073611e-01 2.020406827976180542e-01
7.905000000000000000e+02 2.468352283060571153e+03 -1.020468009261881832e+02 -7.840466317540574215e-01 -1.021139178676734502e+02 -7.082986162239358618e-01 1.776534313540633292e+01 -7.533552212734186820e-03 1.764272557263852487e-02 1.370000409266846630e-01
8.265000000000000000e+02 2.581224750512144965e+03 -4.186074484153849085e+01 -3.030678313151058401e+00 -4.223101841733426909e+01 -1.493572586889497344e+00 1.287973527306066401e+01 5.437720873294923929e-02 2.184773750339691345e-02 1.154557080202943675e-01
8.625000000000000000e+02 2.346472548901227128e+03 1.683510425103546737e+01 -1.919667369876615348e+00 1.943427941885344978e+01 3.361617502993660134e-01 1.518923803791949467e+01 -3.062983858555185651e-02 -4.139768378673344684e-02 1.152652927496897045e-01
8.985000000000000000e+02 1.930859452316589795e+03 5.423481507176863659e+01 -3.955048047042707404e-01 5.398540301759351934e+01 4.429277159178444112e-01 2.388390343165805874e+01 -4.162593295432273632e-02 7.061305927033925678e-03 1.657711402084786345e-01
9.345000000000000000e+02 1.537455895600270651e+03 5.087861316965292247e+01 3.173697268413793182e-01 5.178492943292147288e+01 7.595640687148438319e-01 3.415329565367578368e+01 -1.845384574640172304e-01 2.550804461124324407e-02 2.734763134182675165e-02
9.705000000000000000e+02 1.195986735056957514e+03 1.643153308593774042e+01 3.883843874572869836e-01 1.602004380638081926e+01 7.002583045041181897e-01 4.117032931471887025e+01 1.284582211544681996e-01 3.468540298004935130e-02 5.517757147769705023e-02
1.006500000000000000e+03 1.053242100332584869e+03 -3.537293776375130960e+01 -1.052156293558399458e+00 -3.219162284188745105e+01 1.977183577227617783e-01 4.097983158543107152e+01 4.903594132603553701e-01 4.195238015562317152e-02 1.298569079790391767e-01
1.042500000000000000e+03 1.077237843045519185e+03 -6.523737356089677064e+01 -7.815711283244999308e-01 -6.704520345762624345e+01 -2.270619889589031160e-01 3.488782208435880250e+01 -3.799179565972862216e-01 -3.670910891157332101e-02 5.276565422189129217e-02
1.078500000000000000e+03 1.161996146032711295e+03 -7.693944534351948050e+01 -2.348923316118472493e-01 -7.666168815800553205e+01 -2.902796236169212230e-01 2.520920395455020113e+01 -5.296922269798581134e-02 1.191067096829145633e-01 -1.900102858689141708e-02
1.114500000000000000e+03 1.226401712922307752e+03 -5.933399472606792813e+01 8.585688232907379147e-01 -5.726848260650631772e+01 6.674056159545083133e-01 1.671674203068716480e+01 -2.736398658378598192e-01 -8.084429987268762496e-02 1.818904711956976228e-01
1.150500000000000000e+03 1.231400870363522699e+03 -3.028460340432448561e+01 -3.490618000085778938e-01 -2.903262345910877684e+01 1.103570507813954382e+00 1.351013681994739279e+01 8.383385202113524670e-02 -1.007540146367842809e-01 9.132212980374536382e-02
1.186500000000000000e+03 1.129181930604729814e+03 -8.848890731804499588e-01 -1.325335071250330676e+00 -1.935730934178464313e+00 -8.183942697924243559e-01 1.574714604204975110e+01 -5.148347339463232863e-02 1.294743952004538401e-01 7.350834982571642640e-02
1.222500000000000000e+03 9.670855118660563221e+02 6.103250059250036941e+00 7.418240159761290142e-01 6.239595406685737089e+00 -8.243949929071835159e-02 2.183028912922303277e+01 5.464613471128918626e-02 4.267508330914679404e-02 9.352361567800659969e-02
1.258500000000000000e+03 8.173183726650340759e+02 -4.471837979066690671e+00 6.591986977025865446e-02 -4.145478649102036783e+00 -4.053239889876399382e-01 2.745291591345434057e+01 4.793265933827796366e-02 4.840919793649683944e-02 2.011320091406254562e-01
1.294500000000000000e+03 7.386777306766987294e+02 -2.721503390809634837e+01 4.929186579728785378e-01 -2.606031789681104982e+01 -1.019172462838935589e+00 3.062795923179658075e+01 -8.725904584603878800e-03 1.414489911187117865e-01 1.967159440371307744e-01
1.330500000000000000e+03 7.325821371573082388e+02 -5.005863016722693715e+01 -1.133572425282444174e-01 -5.047267994892323628e+01 -3.601244375656422608e-02 2.817329950316933207e+01 1.691770729595328260e-01 -2.285135722976451289e-01 6.372013657606065418e-02
1.366500000000000000e+03 7.807693054167302762e+02 -5.956575728781939461e+01 9.479459994836922920e-01 -6.042711779574128172e+01 7.781681129889737869e-02 2.280960917753199269e+01 -1.372230558463440886e-01 4.260723981620682943e-02 -2.377070068838363082e-01
1.402500000000000000e+03 8.205304788384611356e+02 -5.569184331281913813e+01 -5.986114830196510583e-01 -5.406077475629567886e+01 -7.933874600909860408e-01 1.710342258739930088e+01 -2.911923439630667021e-01 1.049698301624277519e-01 1.419831246332226016e-01
1.438500000000000000e+03 8.332685079910258992e+02 -3.616562919515147456e+01 1.257363635409319613e+00 -3.422453213549503204e+01 4.635282242239386896e-01 1.288388571909239566e+01 -2.912237610395405074e-01 4.073782580476024290e-02 1.665564066371463814e-02
1.474500000000000000e+03 7.640167101188042125e+02 -1.421169244089103501e+01 -2.148783710785180934e-01 -1.397590668145955739e+01 5.154421427788984378e-01 1.151510301286656457e+01 1.950744477769995044e-01 -1.331289398903391374e-01 1.717485548594849948e-02
1.510500000000000000e+03 6.756423935871972617e+02 2.850531314026421903e+00 9.740376122245206769e-01 3.055139936717306437e+00 -3.995126807233609356e-01 1.355549255999545721e+01 -1.823231258399078680e-02 4.316427970638108541e-02 3.735938466251743639e-01
1.546500000000000000e+03 5.621433656930353209e+02 6.181910824564578633e+00 -6.040240069978167758e-01 4.477261991326208168e+00 -4.244223482633298627e-01 1.712068550749316387e+01 1.174110346184289652e-02 2.771895478620677311e-01 1.732535745998776133e-01
1.582500000000000000e+03 4.719990447614715094e+02 -1.344409988863868977e+00 -2.009000576610819877e-02 -1.649239452741053213e+00 2.557894961151441215e-01 1.993930452725824054e+01 -1.087372279682900233e-01 -1.214919689188159735e-03 2.184374410190723093e-01
1.618500000000000000e+03 4.152120598150618775e+02 -1.553293783871273703e+01 -7.061308219097224281e-01 -1.483783873104125561e+01 -2.646469070159068043e-02 2.095956057240614001e+01 2.084818515823838592e-01 -1.898575375865416137e-01 1.393937253393973119e-01
1.654500000000000000e+03 4.017357296735702334e+02 -2.516813470296127875e+01 8.023220544407123622e-01 -2.452849336734009356e+01 -2.432144282225436605e-01 1.841095949040525426e+01 -2.974332635724996621e-03 -1.279808855617958763e-01 -1.375771606636397026e-01
1.690500000000000000e+03 4.108431685741588808e+02 -2.962455195554153420e+01 2.068469802869777330e-01 -2.987988527475338429e+01 2.976296622145735427e-01 1.481376609027192615e+01 -2.435377979365817291e-02 -5.960676945400375515e-02 -8.689374079157929920e-03
1.726500000000000000e+03 4.126731312859993750e+02 -2.612338387243852367e+01 5.607762747827920169e-01 -2.550894154165326455e+01 1.959562561708889650e-01 1.100314533396272410e+01 -1.811098377688900862e-01 1.825551723888224620e-02 -1.068621927009695410e-01
1.762500000000000000e+03 3.989189577544976828e+02 -1.773562486365982238e+01 -1.204850604200157910e-01 -1.832702831012319677e+01 -4.495213304483281630e-02 8.614299047731808656e+00 -4.146443625570215424e-02 -6.894869634324919672e-02 -1.557820557319672394e-01
1.798500000000000000e+03 3.843811396800223861e+02 -1.162350894685792113e+01 -2.278306758997021564e-01 -9.941478586182993737e+00 -5.904926647306077969e-01 7.786288070772653391e+00 -1.211427569642841984e-01 2.979609227586596520e-01 -2.004144421269637433e-01
1.834500000000000000e+03 3.417136325254044209e+02 -4.752350638490755230e+00 -2.302621873191967872e-01 -5.846818172614794307e+00 2.612193535779830933e-01 8.721820959098128156e+00 -2.066262557603273653e-01 2.030069103214207360e-01 1.430380003149002432e-01
1.870500000000000000e+03 2.995068927236677609e+02 -5.970358413356671612e+00 4.411165506842870121e-01 -5.917861971663999299e+00 1.906924917747004622e-01 1.016977074928446889e+01 1.156177122456528705e-01 -5.377454075384446863e-02 2.149740116502832366e-01
1.906500000000000000e+03 2.697155263116349602e+02 -1.021022349831399367e+01 -1.287706266165951519e+00 -9.441677498600103746e+00 -6.575769806113547222e-01 1.092951070604406283e+01 3.339026025964638711e-01 -1.770621716954795810e-01 5.314685468781915612e-03
1.942500000000000000e+03 2.568653241451089002e+02 -1.451954505961749931e+01 6.809321790481102088e-01 -1.477153560534877386e+01 5.508745360969076188e-01 1.105275205325733445e+01 -1.336115751852774702e-01 3.651427221657830291e-01 1.953769910021886380e-01
1.978500000000000000e+03 2.535227972252300219e+02 -1.782763352163516046e+01 -1.363794604674486655e+00 -1.869077684326051525e+01 -4.880011320583896306e-01 1.000355899892463540e+01 -1.524792569124065189e-01 -3.400623060441317347e-01 3.177723989228742885e-01
2.014500000000000000e+03 2.545007228715431893e+02 -1.797865515125747038e+01 -4.742385636254062287e-01 -1.689214482840130316e+01 -4.104216806345446500e-01 8.051930153636043030e+00 -1.621504023123961913e-01 1.279196359736843314e-01 -3.775036304683299093e-01
2.050500000000000000e+03 2.532570539878391855e+02 -1.522602872995223677e+01 1.179367166907495657e+00 -1.462756153084804467e+01 9.044965822757101703e-01 6.497135829692380682e+00 -1.101353219622381724e-01 -2.349198169041689932e-01 9.874231759336998815e-02
2.086500000000000000e+03 2.423901067335432629e+02 -1.015948117042707466e+01 -2.771741078274569392e-01 -8.834786578221855535e+00 -5.891225508817947709e-01 5.280912857000231497e+00 -1.522309097109829645e-01 -3.614963374706322563e-01 -7.144001482084036403e-02
2.122500000000000000e+03 2.203288779680481753e+02 -4.793436934031433339e+00 -8.690714810403252777e-01 -5.433024237733313555e+00 7.382829024647363791e-02 4.994250392316359921e+00 1.142358097974321973e-02 2.486905573682395010e-02 -3.690477541562020569e-01
2.158500000000000000e+03 1.953256572536681972e+02 -2.932205140777391250e+00 5.535594998271488043e-01 -3.975329675018842934e+00 -5.952641108045935159e-01 5.332676518588326253e+00 2.439700202524160422e-01 3.204220194870868177e-01 -2.158788012934106104e-01
2.207000000000000000e+03 1.673683727703563875e+02 -3.379845556422008013e+00 2.208301811416458760e-01 -3.794403590154269423e+00 -2.771881754260251407e-01 5.985097925829157006e+00 1.163137664517963771e-01 2.366089433993697755e-01 5.361726204290866160e-03
2.268000000000000000e+03 1.497757359288493433e+02 -6.964122220321418588e+00 -7.720686831763766411e-02 -7.849376596507250170e+00 -2.414086733088220693e-01 5.807338334938732416e+00 -1.736245612980859276e-02 -5.665188866663647960e-02 2.042863191441541826e-01
2.329000000000000000e+03 1.413677817735456301e+02 -7.658714480172264416e+00 1.118733735539196167e-01 -7.429614669487808243e+00 -5.139468312053506738e-01 4.675241983398191081e+00 2.088854272894296038e-01 -2.731436263897732974e-01 -3.081852089682106041e-02
2.390000000000000000e+03 1.356479658794968657e+02 -6.332958535672323919e+00 7.131369684850723534e-01 -5.338094616653781266e+00 3.213804592045577113e-01 3.321995728584052010e+00 1.300575982134814512e-01 1.871531994307462921e-01 -1.184548829593026764e-03
2.451000000000000000e+03 1.219294235176152768e+02 -3.939589918485066455e+00 3.552940184352098574e-01 -3.184557259311902477e+00 1.646557598783160437e-01 2.423158624387519389e+00 -1.254474518128174398e-01 3.578488824209247743e-01 9.878399786969557783e-02
2.512000000000000000e+03 1.080050110979583735e+02 -3.608152976406330481e+00 -5.803749604635766168e-01 -2.941859228877147903e+00 1.801733693673925329e-01 3.192063034748061412e+00 -2.683774987711677606e-02 -1.271543795313506420e-01 -3.050503432892440747e-01
2.573000000000000000e+03 1.006221311957972944e+02 -4.370541364982178045e+00 2.715445240783198044e-01 -4.154149425109262772e+00 1.150973582679661877e-01 2.648576979772775175e+00 2.389703574295931054e-01 -1.097310077343807699e-02 3.055960643608892635e-01
2.634000000000000000e+03 9.647119789420182201e+01 -3.634215095087533598e+00 -1.104185086241338265e-02 -3.869299439435633481e+00 -1.405811245084023497e-01 2.261907276761585983e+00 2.566927104880232235e-01 2.799971142273445235e-01 -4.820346193725230655e-02
2.695000000000000000e+03 9.252156847651033900e+01 -3.690405178785127749e+00 -3.920034449629383189e-01 -3.039346777061986415e+00 -1.669805412868675676e-01 1.768866957711688226e+00 1.640684393666139163e-02 -1.727259821153482311e-01 2.999224432988518707e-01
2.756000000000000000e+03 8.620504118391433224e+01 -2.087645662030987559e+00 5.740635914965344089e-01 -2.257011435305344094e+00 -2.148152459371302503e-02 1.230063491704524115e+00 3.410833404162093574e-01 1.916899181355044557e-01 9.476610891408687731e-02
2.817000000000000000e+03 7.956599157170886372e+01 -1.749324998566444522e+00 -5.173443502513074277e-01 -1.216972749886213956e+00 7.181192542363545872e-03 1.634898240778065892e+00 -1.526125091449370696e-01 -1.126517974361931906e-02 3.683682673680001296e-02
2.878000000000000000e+03 7.409508771873069577e+01 -1.647921362093936137e+00 -6.242535797538883990e-01 -1.919012771707460097e+00 2.126737487942117755e-01 1.305286687888899344e+00 -1.033578380975760103e-01 -7.430068638962422645e-03 5.639241635945285713e-01
2.939000000000000000e+03 7.065703848930910169e+01 -2.399318035052367293e+00 -4.807253568452219961e-01 -2.130266265823847593e+00 6.658701063400291886e-01 1.244610217084884507e+00 1.812962977996309191e-02 -2.050478350591928844e-01 7.850976446198895675e-02
3.000000000000000000e+03 6.917615459636284925e+01 -1.572965937625758093e+00 4.774056403469763010e-01 -8.713682476404225330e-01 2.390123970972469758e-01 1.200214894891787454e+00 2.160902837718389757e-01 1.928344319376270322e-01 -6.850185022594459383e-01
3.061000000000000000e+03 6.786063022756505347e+01 -1.439264226857882578e+00 -1.071947740099177260e-01 -1.203295038182213617e+00 2.826671619447494455e-01 6.660113690676807696e-01 3.005950249570635280e-01 2.654301203473491411e-02 2.349036982989216038e-01
3.122000000000000000e+03 6.598620577816890886e+01 -9.859347351361119616e-01 3.511003411059648860e-02 -6.627344708806280904e-01 3.913738234570737773e-01 9.669328966551884452e-01 -3.055136109356469953e-01 3.232311367232559296e-01 5.371318482875152567e-01
3.183000000000000000e+03 6.355979822500534482e+01 -8.541837014676244566e-01 3.001222442814728830e-01 -1.214208053071376137e+00 -3.552779297045721707e-01 5.836517018244143928e-01 5.144183603508825087e-01 -2.111057024623795297e-01 -9.994133725191554907e-02
3.244000000000000000e+03 6.283360990406288238e+01 -8.779962003273643623e-01 1.901580260024078317e-01 -8.397782806494340502e-01 -3.218051789807743202e-01 3.371771783779952125e-01 -2.165132277188014931e-01 -1.030452492680111742e-02 8.789921046407127292e-02
3.305000000000000000e+03 6.338563733268441780e+01 -1.229439784637317734e+00 -3.299080729390831968e-01 -1.439467986198889715e+00 4.638151714591462471e-01 5.349180737216362447e-01 -2.871459536470924445e-01 -6.325651042906490495e-01 5.047766224333249258e-02
3.366000000000000000e+03 6.175695996026323087e+01 -9.677486965490544879e-01 -2.377624069301401688e-01 -9.337900613900658175e-01 1.450142469163080428e-01 7.663172306397453282e-02 1.813826369639751634e-01 -3.608889267769629927e-02 -7.851922731004239431e-01
3.447000000000000000e+03 6.087213403546273582e+01 -5.831738145047814514e-01 1.162200551489598194e-01 -2.621753174621690996e-01 3.921691941899410061e-01 4.207380073875712223e-01 2.756436543488280377e-01 3.660490147568751795e-01 3.939659034965643097e-02
3.548000000000000000e+03 6.224279386378514545e+01 -1.425858843378280394e-01 -2.976861082598451502e-01 -6.735424323722642992e-01 2.645428956257743769e-01 1.450882090553619608e-01 1.754518077412322297e-01 -9.141001785120010659e-02 -3.888957166653586595e-02
3.649000000000000000e+03 6.415284912788418126e+01 1.879540318160314027e-01 5.139151931620593583e-01 4.437002529391848027e-02 2.670183721813298439e-01 -6.421900918093370603e-02 -8.898485754203515341e-02 -2.767067408376593929e-01 2.928944247862880212e-01
3.750000000000000000e+03 6.394640221296285176e+01 -7.388509950890855826e-01 -4.758997907706651320e-01 3.949083229024585862e-01 1.641535751962020992e-02 8.083187240531060080e-01 -1.424513446405089589e-01 1.497162346968597957e-01 -1.802968110640895127e-01
3.851000000000000000e+03 6.542729974006311977e+01 1.486497356725239027e-01 3.059643423900655912e-01 -1.296217084413961995e-01 -2.967701495404009154e-02 -2.604449249997585134e-02 -3.138777866216689305e-01 -2.187795200329774592e-01 7.035403930681935480e-02
3.952000000000000000e+03 6.798577953005269592e+01 -4.322559149513666155e-01 4.370593374633385819e-02 -2.552772169628374915e-02 2.596406347205451048e-01 -6.033253023346076827e-01 1.257379374247306891e-01 -1.359740514611260109e-02 3.016329857459347230e-01
4.053000000000000000e+03 6.925569808957527584e+01 -4.458526498135342853e-03 -1.092730830323293545e-02 -1.728827268795364580e-01 1.212281058068645390e+00 -2.100340992491925990e-02 -3.796722700590338118e-01 -1.995821287432140712e-01 5.963885261631110546e-02
4.154000000000000000e+03 7.115069033069826787e+01 -8.653361652256207348e-01 3.173040464056937626e-01 3.528481685861805106e-01 4.133329350396012236e-01 9.977234034886404979e-02 5.708783598831235206e-01 3.057274474644164908e-01 -1.060223577905484160e-01
4.255000000000000000e+03 7.378202203713649965e+01 1.799553502772205937e-01 -8.372491992453201526e-02 6.400839882527821212e-01 -3.102810650595091424e-01 1.416058386478658226e+00 1.678752217087770282e-01 -8.548272987792915334e-01 2.507089449145462612e-01
4.356000000000000000e+03 7.495503230249985904e+01 -2.396679794007791076e-01 3.011376844197696800e-01 -1.133508366611329088e-01 -2.017331810518722957e-01 -8.104774899577402159e-02 -2.526206039145241777e-01 1.036051279196091635e+00 -1.133222020569486788e-01
4.457000000000000000e+03 7.876030468823657316e+01 4.641563454141679756e-02 5.696287733404450382e-01 6.836993985018682274e-01 7.240002188762292845e-03 -2.759815464491464088e-01 1.107047082990529618e-01 3.671958265412457179e-01 2.597146746022387376e-01
4.558000000000000000e+03 8.118309299705343562e+01 2.837519239920691660e-01 -4.768334497328595711e-01 -5.458033190265241252e-01 -2.159456336520405861e-01 -2.110440833459228949e-01 5.252482868223711243e-01 6.530796001877819945e-02 -8.607396970666754132e-01
4.659000000000000000e+03 8.437497111261134819e+01 -1.959114900254819158e-01 -8.490238225758194035e-03 -4.548559431731084013e-01 1.469380092419443062e-01 -2.506794355211384648e-02 -8.989349046931218723e-01 3.412996262718674678e-02 1.324009052015941434e-01
4.760000000000000000e+03 8.679158672411634257e+01 -4.504332932446142856e-01 -5.951082093644286530e-01 -1.040218386561342356e+00 1.727042147711652653e-01 9.698651244967866347e-01 6.911991737664472391e-01 1.120037565071184960e-01 5.080682491656787203e-01
4.861000000000000000e+03 8.993618293369951289e+01 -1.210000009236160246e+00 3.705811135541706158e-01 3.255816057045024525e-02 4.657873371361242465e-01 4.082350392371462133e-01 -3.891014543281874349e-01 1.418125633514100148e-01 1.238654458761335314e-01
4.962000000000000000e+03 9.154566404267009716e+01 3.799102555021394156e-01 6.035463737085173808e-01 4.463353173999111689e-01 4.929221413897844628e-01 4.191679734605204266e-01 5.549044300956016418e-01 3.992038246682634295e-01 7.048542832337201247e-02
5.063000000000000000e+03 9.543682239515668186e+01 5.751965212271886729e-02 1.096587303296997939e+00 1.281871935945058771e+00 5.320398745297334475e-01 -5.300507552577375936e-01 -1.654213418724194362e+00 3.643484439800411256e-01 6.308464944118206130e-01
5.164000000000000000e+03 9.901427483446116184e+01 1.272419982896330071e-01 -2.255481305250012225e-01 1.733819142057686502e-01 -7.011349705084835016e-01 -1.135727673313718711e+00 -1.539476073930450717e+00 8.161452731785477921e-01 -4.955026583455623967e-02
5.265000000000000000e+03 1.014072804853051082e+02 1.060863254227514957e-01 -7.060332900307128012e-01 -4.485394096629587990e-01 -1.875592286402938846e+00 1.073811540529623576e+00 -4.664486951180378815e-01 4.714121686747403395e-01 -1.216463058703811217e+00
5.366000000000000000e+03 1.048033397757820637e+02 1.286327653303982022e+00 -2.598455280516785426e-01 -7.864615913009035397e-01 1.244023458712891106e+00 -1.279916468442781063e+00 3.430742060174005181e-01 -1.502777370323601813e+00 3.705210408139988365e-01
5.467000000000000000e+03 1.080416571546486466e+02 -7.514032598651371186e-02 1.150663782364499177e+00 9.805106181307595703e-01 -9.894443395234753247e-01 -2.094387691895786552e-01 5.516161981827119032e-01 -6.996162299988641919e-01 -9.960280122513660572e-01
5.568000000000000000e+03 1.113064289534693359e+02 5.113852652815922273e-01 5.889072789146192477e-01 1.913579723851958736e+00 -1.302738077722004340e+00 -4.118259650664219951e-01 -9.512588204307883544e-01 1.554982251444168240e+00 -1.016711086190064117e+00
5.669000000000000000e+03 1.139520458612653897e+02 6.813771193386783387e-02 -1.774749308734658637e+00 8.135317537693256273e-01 -1.151107370933998508e+00 8.867829922286246669e-02 5.211590941375177088e-02 3.782795079000520477e-01 -5.409286947727418582e-01
5.770000000000000000e+03 1.181949156612676859e+02 -6.001629649605297878e-01 8.114663276014862925e-01 1.226702043663363551e+00 6.256541507049071527e-01 1.293251104020686437e+00 -3.045105599375296235e-01 -8.499316209415600509e-01 -9.656996852307704327e-01
5.871000000000000000e+03 1.232104653993266652e+02 1.462019107258504813e-01 -6.074928663739146417e-01 1.214077605082789280e+00 -7.145484826573195170e-01 -2.429346130358148947e+00 -1.080568704734936603e+00 1.211931184739034606e+00 1.533099201996438177e-01
