# l Dl_TT Dl_TE Dl_TB Dl_ET Dl_BT Dl_EE Dl_EB Dl_BE Dl_BB
7.050000000000000000e+01 2.316876715706187042e+03 -9.273449767628543228e+00 -1.046183613989343186e+01 -9.273449767628543228e+00 -1.046183613989343186e+01 4.398309696757080611e-01 -6.802261058266098614e-02 -6.802261058266098614e-02 -6.430582683674708477e-02
1.065000000000000000e+02 3.126179606969233646e+03 -2.948152691861564278e+01 2.432419487793341606e+00 -2.948152691861564278e+01 2.432419487793341606e+00 8.374483070108340588e-01 -4.310031777996325975e-02 -4.310031777996324587e-02 2.218169129857256242e-02
1.425000000000000000e+02 4.213776567626705400e+03 -4.148533999292399699e+01 -1.565499755211726907e+00 -4.148533999292399699e+01 -1.565499755211726907e+00 1.045297827685932823e+00 -1.160037024323835875e-01 -1.160037024323835597e-01 -4.266331876924241845e-02
1.785000000000000000e+02 5.279765242347563799e+03 -3.074607592228293385e+01 3.552856573528906825e+00 -3.074607592228293385e+01 3.552856573528906825e+00 7.673401588195453149e-01 -7.705728288554065941e-02 -7.705728288554067329e-02 8.585990050018729725e-02
2.145000000000000000e+02 5.543146173291542254e+03 2.982103327246373503e+00 2.287089413868031329e+00 2.982103327246373503e+00 2.287089413868031329e+00 8.895639537299514510e-01 -1.092535487398943739e-01 -1.092535487398943600e-01 9.137631964632389470e-02
2.505000000000000000e+02 5.610489071108188909e+03 6.781657096198210866e+01 2.520152494658023823e+00 6.781657096198210866e+01 2.520152494658023823e+00 2.695510528475562051e+00 5.702543210642843641e-02 5.702543210642845029e-02 2.108254977803356855e-01
2.865000000000000000e+02 4.708134723146353281e+03 1.124436408027414274e+02 -2.813279113666816933e+00 1.124436408027414274e+02 -2.813279113666816933e+00 6.990187887152446322e+00 2.086233940585032198e-01 2.086233940585032198e-01 9.637197054605424473e-02
3.225000000000000000e+02 3.275397527060976699e+03 1.194215272730885289e+02 5.334423575224314096e-01 1.194215272730885289e+02 5.334423575224314096e-01 1.323807037955999277e+01 -1.219151095344854149e-02 -1.219151095344852068e-02 4.626155306443147791e-02
3.585000000000000000e+02 2.363945540485902711e+03 7.457625973482990389e+01 -4.961560767262271909e-01 7.457625973482990389e+01 -4.961560767262271909e-01 1.955314868384039784e+01 -3.272603908742108964e-02 -3.272603908742103412e-02 4.330974732257069672e-03
3.945000000000000000e+02 1.816834919789354899e+03 8.059835816407584730e+00 -1.129239160320335777e+00 8.059835816407584730e+00 -1.129239160320335777e+00 2.169514162974216376e+01 1.101928126684715292e-01 1.101928126684715431e-01 1.705719563014152507e-01
4.305000000000000000e+02 1.804491142910104600e+03 -4.775086932294742326e+01 -1.869475832514067015e+00 -4.775086932294742326e+01 -1.869475832514067015e+00 1.923154690827341895e+01 -1.021048495120283894e-01 -1.021048495120284172e-01 -7.488761667120308330e-02
4.665000000000000000e+02 2.095185512860790823e+03 -7.099154064614273807e+01 -1.239455405531524335e+00 -7.099154064614273807e+01 -1.239455405531524335e+00 1.275610107042836106e+01 9.168349592143369697e-02 9.168349592143372473e-02 1.726555283338465085e-01
5.025000000000000000e+02 2.538872110728308598e+03 -5.641566136956184607e+01 -7.836830095277703689e-01 -5.641566136956184607e+01 -7.836830095277703689e-01 8.017523066753978966e+00 -1.365568240115484500e-01 -1.365568240115483667e-01 1.701282723174895595e-01
5.385000000000000000e+02 2.521438315425250039e+03 -1.616342552525140519e+01 -5.199193789181776326e-01 -1.616342552525140519e+01 -5.199193789181776326e-01 7.172318634882751454e+00 1.041002448129314806e-02 1.041002448129314459e-02 1.013611141222173218e-01
5.745000000000000000e+02 2.424440836786596719e+03 2.218869841370631235e+01 -8.629124041858462490e-01 2.218869841370631235e+01 -8.629124041858462490e-01 1.341687163692716034e+01 4.724507206835603518e-02 4.724507206835605599e-02 1.120259257763163152e-01
6.105000000000000000e+02 2.110007475501476620e+03 2.643259243431621996e+01 -5.285090397728952061e-01 2.643259243431621996e+01 -5.285090397728952061e-01 2.395045129693432884e+01 4.981681502933554828e-02 4.981681502933554134e-02 -7.179295310144596931e-02
6.465000000000000000e+02 1.919178076988268231e+03 -8.731378954062909870e+00 3.106190171990992344e-01 -8.731378954062909870e+00 3.106190171990992344e-01 3.374349124402429112e+01 1.707081818467481305e-01 1.707081818467480194e-01 1.353994916085767830e-01
6.825000000000000000e+02 1.856820312657661816e+03 -7.156627971837437485e+01 3.218774814896052661e+00 -7.156627971837437485e+01 3.218774814896052661e+00 3.879727158034991419e+01 1.777928646881113961e-01 1.777928646881113406e-01 1.897485832982500342e-01
7.185000000000000000e+02 2.001138393035448644e+03 -1.178824462840809417e+02 1.276723878018151570e+00 -1.178824462840809417e+02 1.276723878018151570e+00 3.469851772139451640e+01 3.233558371823820332e-01 3.233558371823821442e-01 5.979531178906126454e-02
7.545000000000000000e+02 2.282672079364336696e+03 -1.342432597782855055e+02 -9.346924784341906212e-02 -1.342432597782855055e+02 -9.346924784341906212e-02 2.662804974463560370e+01 -2.286719748036832311e-01 -2.286719748036834254e-01 -1.828370665219183899e-01
7.905000000000000000e+02 2.503168434699381578e+03 -9.843379567371651717e+01 1.518326281244720466e+00 -9.843379567371651717e+01 1.518326281244720466e+00 1.717039960797331233e+01 -2.098571699820128700e-01 -2.098571699820129532e-01 -8.616218857133299547e-02
8.265000000000000000e+02 2.558675690877162197e+03 -4.453509803525639654e+01 -1.154635350130600813e+00 -4.453509803525639654e+01 -1.154635350130600813e+00 1.211218819375278954e+01 -4.075856167401298302e-01 -4.075856167401297192e-01 2.916289563749991376e-01
8.625000000000000000e+02 2.306995361007489919e+03 1.841610565085237994e+01 -2.011816736909989856e-01 1.841610565085237994e+01 -2.011816736909989856e-01 1.470994201533038392e+01 6.842647116129299545e-02 6.842647116129293994e-02 2.397103560164904057e-01
8.985000000000000000e+02 1.955901365873882014e+03 5.553148345019298660e+01 2.943381593747511182e+00 5.553148345019298660e+01 2.943381593747511182e+00 2.314815127245956461e+01 4.229676549281143755e-02 4.229676549281143061e-02 -4.933019066643756223e-01
9.345000000000000000e+02 1.503191289619544023e+03 5.467075307994208799e+01 -5.991175417082783561e-02 5.467075307994208799e+01 -5.991175417082783561e-02 3.289393247371998541e+01 -1.901127855964949154e-01 -1.901127855964948599e-01 1.250174152733484201e-01
9.705000000000000000e+02 1.196977910570175254e+03 1.663940276647177541e+01 -1.245409238075132929e+00 1.663940276647177541e+01 -1.245409238075132929e+00 3.969872179404147516e+01 -5.563506517686867686e-02 -5.563506517686868380e-02 4.623969508813557949e-01
1.006500000000000000e+03 1.079180829528421327e+03 -3.119357658099304587e+01 -3.794923865938094609e-01 -3.119357658099304587e+01 -3.794923865938094609e-01 4.123708417250581704e+01 7.119145524111308854e-02 7.119145524111306078e-02 1.431793271627000153e-01
1.042500000000000000e+03 1.112333181126146201e+03 -6.912493415592234669e+01 -1.312545358829439124e+00 -6.912493415592234669e+01 -1.312545358829439124e+00 3.565600924003166483e+01 1.668363502833421774e-01 1.668363502833420664e-01 -4.474188310004327263e-01
1.078500000000000000e+03 1.188626022162916115e+03 -7.720603346957366853e+01 -1.872857893618551928e-01 -7.720603346957366853e+01 -1.872857893618551928e-01 2.585419806488376437e+01 1.341617331328442131e-01 1.341617331328442408e-01 2.854864121727089254e-01
1.114500000000000000e+03 1.251227696032736276e+03 -6.063461290853379637e+01 -8.095830926365211733e-01 -6.063461290853379637e+01 -8.095830926365211733e-01 1.748813591229305331e+01 -4.859631902272289472e-01 -4.859631902272289472e-01 3.371477124795675406e-01
1.150500000000000000e+03 1.255502672556281141e+03 -2.960146956882128677e+01 -2.184783741355031950e+00 -2.960146956882128677e+01 -2.184783741355031950e+00 1.369732577307354404e+01 3.567353182969127540e-02 3.567353182969127540e-02 -8.635796343629963123e-02
1.186500000000000000e+03 1.154510873815307605e+03 -5.006322085800588795e+00 -1.843641036994291937e+00 -5.006322085800588795e+00 -1.843641036994291937e+00 1.626974761314389539e+01 2.621973246760953558e-01 2.621973246760954668e-01 3.671110555501463368e-01
1.222500000000000000e+03 9.928727807149875844e+02 8.401461549112974936e+00 4.544282223582747360e-01 8.401461549112974936e+00 4.544282223582747360e-01 2.238454581099720286e+01 6.397163054017257489e-02 6.397163054017254713e-02 9.440470186393148944e-02
1.258500000000000000e+03 8.759550062731042317e+02 -4.318376214382649181e+00 -1.008701353324235939e+00 -4.318376214382649181e+00 -1.008701353324235939e+00 2.745011165321438540e+01 -2.904801330846834562e-02 -2.904801330846834909e-02 4.841824007759834569e-02
1.294500000000000000e+03 8.006595003681273965e+02 -2.881652723158888918e+01 -1.168121260432578579e-01 -2.881652723158888918e+01 -1.168121260432578579e-01 3.164624406423600433e+01 5.977674663511262088e-01 5.977674663511262088e-01 -2.518579995573310693e-01
1.330500000000000000e+03 7.766184366165085748e+02 -4.873805800686268697e+01 -2.973074787355498572e+00 -4.873805800686268697e+01 -2.973074787355498572e+00 2.861922308425181072e+01 -2.737430553638139918e-01 -2.737430553638139918e-01 4.445530503604980949e-02
1.366500000000000000e+03 8.093756152462483442e+02 -5.817426775849986598e+01 1.929407295858698079e+00 -5.817426775849986598e+01 1.929407295858698079e+00 2.308342109255975672e+01 -6.587544605091859573e-01 -6.587544605091858463e-01 -2.680376851682829686e-01
1.402500000000000000e+03 8.493773448436942317e+02 -5.438685126068601505e+01 2.209787348376676119e-01 -5.438685126068601505e+01 2.209787348376676119e-01 1.681446541310945619e+01 -2.109154021136182000e-01 -2.109154021136182000e-01 1.053374073829570767e-01
1.438500000000000000e+03 8.632232340502670240e+02 -3.540237331263966780e+01 1.436449655643931900e+00 -3.540237331263966780e+01 1.436449655643931900e+00 1.219436830424593943e+01 2.518112373665337689e-01 2.518112373665339354e-01 2.731645844821812275e-01
1.474500000000000000e+03 8.124597180019228517e+02 -1.294163874558656602e+01 6.353223527363374146e-01 -1.294163874558656602e+01 6.353223527363374146e-01 1.130292789786630259e+01 -4.511016591407943088e-02 -4.511016591407931986e-02 -7.722704152957319268e-01
1.510500000000000000e+03 7.032641333041176495e+02 3.113853012290780597e+00 2.495382915287561731e-01 3.113853012290780597e+00 2.495382915287561731e-01 1.370352514684915413e+01 1.631637075464488218e-01 1.631637075464488773e-01 3.323283197205325612e-01
1.546500000000000000e+03 6.003423532962353875e+02 5.319796534844646985e+00 1.006621851465038908e+00 5.319796534844646985e+00 1.006621851465038908e+00 1.667629473555587793e+01 5.954216207836638963e-01 5.954216207836644514e-01 3.349152840014110177e-01
1.582500000000000000e+03 5.129125742271914987e+02 -6.814428857944614393e-01 3.783763543789369077e-01 -6.814428857944614393e-01 3.783763543789369077e-01 2.065287665592068578e+01 1.211340842500614398e-02 1.211340842500614398e-02 1.990009728332468308e-01
1.618500000000000000e+03 4.620186761409974565e+02 -1.345169951482749582e+01 1.364473369886884502e+00 -1.345169951482749582e+01 1.364473369886884502e+00 2.010890373689464639e+01 1.590239141635055309e-01 1.590239141635054754e-01 -1.279905035716682737e-01
1.654500000000000000e+03 4.536844420326403906e+02 -2.499662523036977291e+01 -1.924294524561320330e+00 -2.499662523036977291e+01 -1.924294524561320330e+00 1.846117821122810199e+01 -1.884432230883444637e-01 -1.884432230883444914e-01 1.413671291605442526e-01
1.690500000000000000e+03 4.687748450010995498e+02 -3.020051459502300872e+01 -4.909207995320333806e-01 -3.020051459502300872e+01 -4.909207995320333806e-01 1.374012078562678418e+01 -5.902651383232565552e-02 -5.902651383232568327e-02 -8.194966598312306005e-02
1.726500000000000000e+03 4.723946087417748458e+02 -2.630788760491660128e+01 5.951624968619084743e-01 -2.630788760491660128e+01 5.951624968619084743e-01 1.135318796590157753e+01 3.177466820821721605e-01 3.177466820821722160e-01 -1.434197911099168755e-02
1.762500000000000000e+03 4.672813251183242187e+02 -1.904933941697087008e+01 1.352756356001241667e+00 -1.904933941697087008e+01 1.352756356001241667e+00 7.756797752193439699e+00 6.312822084138937362e-02 6.312822084138935974e-02 3.528670422378155092e-02
1.798500000000000000e+03 4.290281600246281641e+02 -1.002283884221517241e+01 -4.932980217572159876e-01 -1.002283884221517241e+01 -4.932980217572159876e-01 8.027257513651823828e+00 4.701793688763936108e-02 4.701793688763941659e-02 -2.787282067964405585e-01
1.834500000000000000e+03 3.989652015082261300e+02 -6.033083431421744969e+00 2.357172400029360126e+00 -6.033083431421744969e+00 2.357172400029360126e+00 8.474267987698183902e+00 2.802303852988394794e-01 2.802303852988394794e-01 1.399630931747302576e+00
1.870500000000000000e+03 3.614531529559241676e+02 -6.405894000457077908e+00 1.502988762392784894e+00 -6.405894000457077908e+00 1.502988762392784894e+00 1.040035124330365690e+01 8.666372475811998100e-02 8.666372475812003651e-02 1.059888602053260520e-01
1.906500000000000000e+03 3.301086901858303690e+02 -9.893739898070336380e+00 1.193361315806735101e+00 -9.893739898070336380e+00 1.193361315806735101e+00 1.128189431133877818e+01 -2.389739256793737554e-01 -2.389739256793737276e-01 -1.529815595457859334e-01
1.942500000000000000e+03 3.179593297724288732e+02 -1.630537995963651099e+01 -9.428604962772746401e-02 -1.630537995963651099e+01 -9.428604962772746401e-02 1.085781864793260887e+01 -1.055380197050801439e-01 -1.055380197050801300e-01 3.227425929585883875e-03
1.978500000000000000e+03 3.155090613563860416e+02 -1.687707993155040143e+01 -8.702222346711901979e-01 -1.687707993155040143e+01 -8.702222346711901979e-01 8.877574780942742549e+00 8.145196052334369163e-02 8.145196052334369163e-02 -5.056100105838842174e-01
2.014500000000000000e+03 3.199697554882178565e+02 -1.668880984119702049e+01 8.925206992436903741e-01 -1.668880984119702049e+01 8.925206992436903741e-01 8.109740688076598758e+00 -1.075702401525060747e-01 -1.075702401525060747e-01 -1.026979296211496306e+00
2.050500000000000000e+03 3.119416385730671664e+02 -1.394473197732683900e+01 3.534237629834162120e-01 -1.394473197732683900e+01 3.534237629834162120e-01 6.106335134870260362e+00 1.601068332506040415e-01 1.601068332506041525e-01 -9.393213583388350107e-01
2.086500000000000000e+03 3.091376129562468691e+02 -8.497007567694080166e+00 -5.250824671637739360e-01 -8.497007567694080166e+00 -5.250824671637739360e-01 6.327835367138736622e+00 -1.143594048597346591e+00 -1.143594048597346369e+00 -2.231609700107979877e-01
2.122500000000000000e+03 2.904825492249295280e+02 -4.673431952858766003e+00 -1.569511956128719854e+00 -4.673431952858766003e+00 -1.569511956128719854e+00 5.575626321786061546e+00 5.888161652970345106e-01 5.888161652970345106e-01 -1.425315725847854376e+00
2.158500000000000000e+03 2.679614624411639170e+02 -3.554849663689231498e+00 -3.197898576951062610e-01 -3.554849663689231498e+00 -3.197898576951062610e-01 5.075888662288891240e+00 -1.139047558573495378e+00 -1.139047558573495156e+00 2.791711163876351223e-02
2.207000000000000000e+03 2.351300895066997896e+02 -3.407201258835881319e+00 7.203134574058617234e-01 -3.407201258835881319e+00 7.203134574058617234e-01 5.404315278482300755e+00 5.428223910746918235e-02 5.428223910746929337e-02 4.002587718702869113e-01
2.268000000000000000e+03 2.220349261232762785e+02 -6.647040006086115227e+00 -1.870399464471609319e-01 -6.647040006086115227e+00 -1.870399464471609319e-01 6.156797647477386448e+00 -4.568045830066347901e-01 -4.568045830066346791e-01 4.623671155965708435e-01
2.329000000000000000e+03 2.180839005284759367e+02 -7.170845279624114887e+00 8.198079200246224385e-01 -7.170845279624114887e+00 8.198079200246224385e-01 4.124707543323951953e+00 1.086236917360155346e-01 1.086236917360155485e-01 3.419264029356082757e-01
2.390000000000000000e+03 2.139203983031562188e+02 -6.389778020411837289e+00 -7.940060989390480550e-01 -6.389778020411837289e+00 -7.940060989390480550e-01 3.403549445121420103e+00 -3.853533075001548402e-01 -3.853533075001546182e-01 -5.734036043027572749e-01
2.451000000000000000e+03 2.064555032751833892e+02 -2.750876039664829520e+00 -5.408092126211777595e-01 -2.750876039664829520e+00 -5.408092126211777595e-01 3.640756216551402691e+00 -4.730579150829337248e-02 -4.730579150829337248e-02 1.787042611362857358e-01
2.512000000000000000e+03 1.955033942956787314e+02 -3.240435325607565531e+00 -1.368853988225001705e+00 -3.240435325607565531e+00 -1.368853988225001705e+00 3.434703494980669181e+00 5.502841773072126852e-01 5.502841773072130183e-01 7.343231419058151577e-01
2.573000000000000000e+03 1.904998663007626192e+02 -5.666676535307978213e+00 5.454270367515334783e-02 -5.666676535307978213e+00 5.454270367515334783e-02 1.574085581747850959e+00 6.501997935647251259e-01 6.501997935647254589e-01 9.810586554435909434e-01
2.634000000000000000e+03 1.893331423578563317e+02 -4.404896101232278482e+00 -5.569749262854604144e-01 -4.404896101232278482e+00 -5.569749262854604144e-01 2.269122226255083419e+00 -5.765983249615919126e-01 -5.765983249615919126e-01 5.372552625100512902e-01
2.695000000000000000e+03 1.867083731231312242e+02 -3.552699014735737570e+00 4.245375342094108162e-01 -3.552699014735737570e+00 4.245375342094108162e-01 2.372615746184555174e+00 -2.142027067615832614e-01 -2.142027067615833169e-01 1.473137184622853146e+00
2.756000000000000000e+03 1.830111028759227452e+02 -1.638158012226927918e+00 -4.559150307227563537e-02 -1.638158012226927918e+00 -4.559150307227563537e-02 1.475254707931197728e+00 6.243882044702322442e-01 6.243882044702325773e-01 -8.363869033557350119e-02
2.817000000000000000e+03 1.800161856308436086e+02 -9.984332303087792848e-01 3.868175237735103078e-01 -9.984332303087792848e-01 3.868175237735103078e-01 1.207711304240861150e+00 7.732887353503898886e-01 7.732887353503897776e-01 6.542223422460017312e-01
2.878000000000000000e+03 1.778869570564509672e+02 -2.975091873305974133e+00 2.209294220591918323e-01 -2.975091873305974133e+00 2.209294220591918323e-01 2.429979204025434658e+00 8.446971426256305593e-01 8.446971426256308924e-01 -6.163511303459263679e-01
2.939000000000000000e+03 1.784577672079229842e+02 -2.203426252991321554e+00 7.896440002018662030e-02 -2.203426252991321554e+00 7.896440002018662030e-02 9.442917672233256399e-01 5.663764121066632296e-01 5.663764121066634516e-01 5.930158313582691854e-01
3.000000000000000000e+03 1.801048277861692100e+02 -1.518551343491831407e+00 -4.223457459529095792e-01 -1.518551343491831407e+00 -4.223457459529095792e-01 7.040040940245985146e-01 8.002502937958311247e-01 8.002502937958304585e-01 1.548171951410715341e-01
3.061000000000000000e+03 1.824860141925235268e+02 -1.108017710389634480e+00 1.353751603368033241e+00 -1.108017710389634480e+00 1.353751603368033241e+00 1.495060848138744847e+00 -1.401947118869321940e-01 -1.401947118869321662e-01 1.915651355136134271e-01
3.122000000000000000e+03 1.849982972982971319e+02 -3.226351266648713745e-02 2.573661651414415608e-01 -3.226351266648713745e-02 2.573661651414415608e-01 3.388132839223093606e-01 1.805509268275875268e-01 1.805509268275874435e-01 4.474220323662183585e-01
3.183000000000000000e+03 1.844021712313709429e+02 -8.915749761843521082e-01 1.426867232203653302e+00 -8.915749761843521082e-01 1.426867232203653302e+00 -7.975466579326158101e-01 7.718219183676017225e-02 7.718219183676022777e-02 -7.207818947717674340e-02
3.244000000000000000e+03 1.873184262988300475e+02 -5.502719335585362082e-01 -5.874636666468248114e-01 -5.502719335585362082e-01 -5.874636666468248114e-01 -9.659135256775245315e-01 5.819418276592115413e-01 5.819418276592118744e-01 -7.137982801175246639e-01
3.305000000000000000e+03 1.925413703124120275e+02 4.132279265176118654e-01 -6.382819943464747015e-01 4.132279265176118654e-01 -6.382819943464747015e-01 1.265941064820064410e+00 -1.231346990975743072e+00 -1.231346990975743072e+00 -8.686241668039482722e-01
3.366000000000000000e+03 1.897770930584064502e+02 -1.780535657905217173e+00 -1.488074307799237328e+00 -1.780535657905217173e+00 -1.488074307799237328e+00 -7.121852357737941119e-01 2.766905362131396595e-01 2.766905362131395485e-01 -1.911337586581669523e-01
3.447000000000000000e+03 1.995873810694350539e+02 -2.850854206901838328e-01 -7.528349381023108355e-01 -2.850854206901838328e-01 -7.528349381023108355e-01 -8.759254044954960516e-01 -3.818898760818572047e-01 -3.818898760818572047e-01 -7.233594458930022730e-01
3.548000000000000000e+03 2.039789506413125366e+02 -2.011895768359507897e-01 4.320872662246644236e-02 -2.011895768359507897e-01 4.320872662246644236e-02 2.795857722767844056e+00 5.582525983542651060e-01 5.582525983542648840e-01 2.853122693528095111e-01
3.649000000000000000e+03 2.120144006672383910e+02 -9.739924893830886887e-01 4.771720522432471023e-02 -9.739924893830886887e-01 4.771720522432471023e-02 -6.482341617836802072e-01 -1.259834223858466717e-01 -1.259834223858464497e-01 -2.940611248814751777e-01
3.750000000000000000e+03 2.168882951921642643e+02 -4.261063286086398394e-01 -5.707295678578433451e-02 -4.261063286086398394e-01 -5.707295678578433451e-02 8.936315986332803857e-03 -4.912855813453106402e-01 -4.912855813453109732e-01 -2.427289694427874345e+00
3.851000000000000000e+03 2.253710167220226879e+02 5.097199637646188108e-02 4.718321544982265747e-01 5.097199637646188108e-02 4.718321544982265747e-01 5.689542243108061115e-01 -1.912801028012683646e-01 -1.912801028012682536e-01 1.678146384045965611e+00
3.952000000000000000e+03 2.353658744672989371e+02 -1.102838811876406977e+00 -4.834810649498630930e-01 -1.102838811876406977e+00 -4.834810649498630930e-01 -2.635540083522031063e-01 -3.998048955236793711e-01 -3.998048955236794266e-01 4.439669314800253064e-01
4.053000000000000000e+03 2.440612376078919681e+02 -1.349937330046212303e+00 1.000478841424476961e+00 -1.349937330046212303e+00 1.000478841424476961e+00 1.669092596102751846e+00 5.277368531854209621e-01 5.277368531854211842e-01 -1.619259618263942047e+00
4.154000000000000000e+03 2.502478845515004195e+02 1.001324465071148806e+00 2.996704524640702028e-01 1.001324465071148806e+00 2.996704524640702028e-01 1.357467967148957344e+00 -1.950673143409312971e+00 -1.950673143409313859e+00 8.087442054595128660e-01
4.255000000000000000e+03 2.634748350809964563e+02 4.599779459155191041e-01 1.605475297970386572e+00 4.599779459155191041e-01 1.605475297970386572e+00 2.255134248535959784e+00 -3.885745127388434694e-01 -3.885745127388436915e-01 1.932986617213729719e-01
4.356000000000000000e+03 2.670797866119406194e+02 3.101463114020125422e-02 -3.849561608709809457e-01 3.101463114020125422e-02 -3.849561608709809457e-01 -1.518701572534568278e+00 2.810735309545276284e+00 2.810735309545275840e+00 -2.060047925928350399e+00
4.457000000000000000e+03 2.789166352490231020e+02 -1.089348289823772742e+00 -1.144220637320626288e+00 -1.089348289823772742e+00 -1.144220637320626288e+00 3.806396938048024481e-01 2.725616925535344626e-01 2.725616925535342960e-01 -1.767262590588396937e-02
4.558000000000000000e+03 2.922667778239032828e+02 -5.945946300517392924e-01 5.040559401691951935e-01 -5.945946300517392924e-01 5.040559401691951935e-01 -6.621496254974925666e-01 -1.259700965660947247e+00 -1.259700965660947247e+00 1.234600378407711974e+00
4.659000000000000000e+03 2.980574142099470123e+02 4.055515500790159433e-01 1.323670347982569551e+00 4.055515500790159433e-01 1.323670347982569551e+00 1.573956774659312607e+00 2.189647160303111129e+00 2.189647160303111129e+00 -7.617395199346803647e-01
4.760000000000000000e+03 3.091358652180595072e+02 -4.051013338882200054e-01 1.791933979362113627e-01 -4.051013338882200054e-01 1.791933979362113627e-01 2.106315667522667301e+00 -2.205675312827784396e+00 -2.205675312827785284e+00 -2.016622794246758055e+00
4.861000000000000000e+03 3.179506854074676312e+02 -7.928340376621197949e-01 -1.046327329529678218e-01 -7.928340376621197949e-01 -1.046327329529678218e-01 2.942723362622139849e+00 -3.583456998428004026e-01 -3.583456998428005136e-01 -2.949965307481338783e+00
4.962000000000000000e+03 3.328571013346764857e+02 1.082114858229713095e+00 5.455103312465865439e-01 1.082114858229713095e+00 5.455103312465865439e-01 2.569140933731545839e+00 9.057015513570577658e-01 9.057015513570578769e-01 2.040714372509637720e+00
5.063000000000000000e+03 3.424577989637019186e+02 1.057091381914499362e+00 1.511842513229956886e+00 1.057091381914499362e+00 1.511842513229956886e+00 1.626637348658128479e+00 -1.268806199664232581e+00 -1.268806199664232359e+00 -1.481673435926330606e+00
5.164000000000000000e+03 3.546704033736891120e+02 -2.135180652160568737e-01 1.856705941910378188e-01 -2.135180652160568737e-01 1.856705941910378188e-01 1.806961297376601383e+00 -1.132018779804420561e+00 -1.132018779804419673e+00 1.885315302851623187e+00
5.265000000000000000e+03 3.640543800098077440e+02 9.837645997589650193e-01 -5.880587498001934588e-01 9.837645997589650193e-01 -5.880587498001934588e-01 -4.095006324492046490e-01 1.213702550777413514e+00 1.213702550777413736e+00 -3.444792571194073283e-03
5.366000000000000000e+03 3.779019241196698999e+02 -1.591487296403096829e-01 1.352365361711446612e+00 -1.591487296403096829e-01 1.352365361711446612e+00 3.160873288735974285e+00 3.631539093465268042e-01 3.631539093465265267e-01 -1.728544765748765352e-02
5.467000000000000000e+03 3.892136828065841883e+02 -7.400577684990095051e-01 -8.798786623922689731e-01 -7.400577684990095051e-01 -8.798786623922689731e-01 7.105834174984209106e-01 -3.070366028361588118e+00 -3.070366028361586785e+00 9.083945046386346922e-01
5.568000000000000000e+03 4.029863752561744832e+02 -1.137198896686781868e+00 -1.500238973400212839e+00 -1.137198896686781868e+00 -1.500238973400212839e+00 1.485221926102206158e+00 -1.483810704039678185e+00 -1.483810704039678185e+00 2.462665214294570859e+00
5.669000000000000000e+03 4.164902628336544126e+02 -3.862533226777946638e-01 -1.609243466333065475e+00 -3.862533226777946638e-01 -1.609243466333065475e+00 1.908232599698197918e+00 -1.169100416338026527e+00 -1.169100416338026749e+00 9.870421873351059583e-01
5.770000000000000000e+03 4.282040684206561991e+02 3.648179987209060338e-02 -4.769904689692427979e-02 3.648179987209060338e-02 -4.769904689692427979e-02 6.714076823571323294e-01 1.844502833503817163e+00 1.844502833503817163e+00 1.402323057162675912e+00
5.871000000000000000e+03 4.416706045797242837e+02 3.096482342889804062e+00 -3.325403981728090042e-01 3.096482342889804062e+00 -3.325403981728090042e-01 -5.120836074052861342e-01 6.115088777166013401e-01 6.115088777166020062e-01 -1.746668918415806182e+00
