# l Dl_TT Dl_TE Dl_TB Dl_ET Dl_BT Dl_EE Dl_EB Dl_BE Dl_BB
7.050000000000000000e+01 2.140255399891188517e+03 -6.060950764777452981e+00 5.005219015559193352e+00 -6.060950764777452981e+00 5.005219015559193352e+00 3.102551302118098375e-01 1.368109657117443645e-01 1.368109657117443645e-01 -9.416949819081581186e-02
1.065000000000000000e+02 3.295423157047378481e+03 -3.457150910337676919e+01 1.397317235482076647e+00 -3.457150910337676919e+01 1.397317235482076647e+00 6.873463192898190410e-01 2.283131717330195987e-03 2.283131717330209864e-03 4.328175555877514236e-02
1.425000000000000000e+02 4.574161141170291558e+03 -4.405668765145988175e+01 4.189045502965264234e+00 -4.405668765145988175e+01 4.189045502965264234e+00 1.307229810545915694e+00 -8.477343267302241137e-02 -8.477343267302239749e-02 8.789127887920768212e-02
1.785000000000000000e+02 4.825236153162351911e+03 -3.194676125526572719e+01 -1.560308020565592368e+00 -3.194676125526572719e+01 -1.560308020565592368e+00 9.278622428318220594e-01 6.851364610700629021e-02 6.851364610700629021e-02 -3.565059920165382368e-02
2.145000000000000000e+02 5.401467948718798652e+03 9.878865191414712754e+00 1.767919984398451660e-01 9.878865191414712754e+00 1.767919984398451660e-01 8.748926086178221428e-01 5.534084458067188572e-02 5.534084458067191348e-02 3.193740795337436677e-04
2.505000000000000000e+02 5.726303131915779886e+03 6.480910499127226387e+01 -2.447940637241249995e+00 6.480910499127226387e+01 -2.447940637241249995e+00 2.727253219041645416e+00 -6.500885136049550095e-02 -6.500885136049554258e-02 1.704489750951427296e-01
2.865000000000000000e+02 4.581318646259249363e+03 1.067268908675047641e+02 -7.504761999034104125e-01 1.067268908675047641e+02 -7.504761999034104125e-01 6.716012527956715772e+00 -3.162678561681209893e-02 -3.162678561681207812e-02 1.710540009129446481e-01
3.225000000000000000e+02 3.355524281490894282e+03 1.136363418034183610e+02 -2.375011307923523274e-01 1.136363418034183610e+02 -2.375011307923523274e-01 1.320396284597776138e+01 -3.253791960298820785e-01 -3.253791960298820785e-01 2.050830670724985150e-01
3.585000000000000000e+02 2.473402295702460378e+03 7.545288057824784289e+01 3.766849090110824250e+00 7.545288057824784289e+01 3.766849090110824250e+00 1.933209072481954749e+01 1.039382495134454354e-01 1.039382495134453938e-01 -9.973021872720710945e-02
3.945000000000000000e+02 1.786103286117574726e+03 1.380112193300557877e+01 -2.906086213402952367e+00 1.380112193300557877e+01 -2.906086213402952367e+00 2.215013891691121373e+01 -8.081243414885112830e-02 -8.081243414885114218e-02 1.979396523108088723e-01
4.305000000000000000e+02 1.705686845218790040e+03 -5.050667714745875969e+01 -2.237609145978263214e-01 -5.050667714745875969e+01 -2.237609145978263214e-01 1.845211571706835585e+01 4.458806851840179525e-02 4.458806851840178137e-02 2.040475616407831094e-01
4.665000000000000000e+02 2.213997314105718488e+03 -7.259686247843114870e+01 -3.630675934363959412e-01 -7.259686247843114870e+01 -3.630675934363959412e-01 1.378240712811501467e+01 -3.600965605651701429e-02 -3.600965605651700041e-02 5.005949803864430392e-02
5.025000000000000000e+02 2.347244031236361934e+03 -5.356144305408032835e+01 -1.906159683772355340e+00 -5.356144305408032835e+01 -1.906159683772355340e+00 8.471204433295930869e+00 -1.493841500366542563e-01 -1.493841500366543118e-01 4.517938954870751728e-02
5.385000000000000000e+02 2.570677465094367562e+03 -1.435026179935734270e+01 -1.031532341516250284e-02 -1.435026179935734270e+01 -1.031532341516250284e-02 7.261805035620457538e+00 1.354285732270035236e-01 1.354285732270035791e-01 3.826869469037282867e-01
5.745000000000000000e+02 2.500609607222691466e+03 2.436066928032118994e+01 -1.549384671279594450e+00 2.436066928032118994e+01 -1.549384671279594450e+00 1.337204843708237689e+01 2.229336716979348210e-01 2.229336716979348210e-01 3.249502850446367441e-02
6.105000000000000000e+02 2.090178221244576889e+03 2.651609696507416913e+01 1.676249001858329368e+00 2.651609696507416913e+01 1.676249001858329368e+00 2.284699455299262993e+01 3.404827037777577448e-01 3.404827037777576892e-01 3.266910500999001266e-01
6.465000000000000000e+02 1.873272482023184921e+03 -1.481677648756554433e+01 4.592927771928370095e-01 -1.481677648756554433e+01 4.592927771928370095e-01 3.291529111286342157e+01 4.250438488110683255e-02 4.250438488110680479e-02 4.791980730016418000e-02
6.825000000000000000e+02 1.874228634465340065e+03 -7.217719607834322915e+01 -5.026472704421673932e-01 -7.217719607834322915e+01 -5.026472704421673932e-01 3.814994129161912184e+01 1.275253677612824821e-01 1.275253677612824543e-01 7.008206462596441866e-02
7.185000000000000000e+02 2.012529952892939036e+03 -1.170514535079364862e+02 6.387634680617757521e-01 -1.170514535079364862e+02 6.387634680617757521e-01 3.474819937881705556e+01 -1.902859622521700933e-01 -1.902859622521701488e-01 1.651169452776957980e-01
7.545000000000000000e+02 2.275676033144515714e+03 -1.316444394563261824e+02 1.446696296635247236e+00 -1.316444394563261824e+02 1.446696296635247236e+00 2.691617053649358482e+01 -1.356074296308195648e-01 -1.356074296308196203e-01 3.516683443775054374e-01
7.905000000000000000e+02 2.481347964662077629e+03 -9.987965352912368644e+01 -2.504013571888314971e+00 -9.987965352912368644e+01 -2.504013571888314971e+00 1.710028101949380286e+01 2.870979949381286533e-01 2.870979949381287089e-01 -1.236092348904997973e-01
8.265000000000000000e+02 2.537810665290638553e+03 -4.186500455574463331e+01 -5.441936782664847927e-01 -4.186500455574463331e+01 -5.441936782664847927e-01 1.227552167545460016e+01 -8.147745180042799407e-02 -8.147745180042798019e-02 3.911190195958897942e-01
8.625000000000000000e+02 2.347517407263317182e+03 1.764723080435112479e+01 -2.752145795880615031e-01 1.764723080435112479e+01 -2.752145795880615031e-01 1.512578050529806184e+01 -5.341878976018656772e-02 -5.341878976018656078e-02 3.805061982006088805e-01
8.985000000000000000e+02 1.960114270433339016e+03 5.759090455791982777e+01 -1.114375665605932264e-01 5.759090455791982777e+01 -1.114375665605932264e-01 2.395624284704953766e+01 3.449469641247215890e-01 3.449469641247213669e-01 2.276965245919375103e-01
9.345000000000000000e+02 1.516794059506219128e+03 5.214057833118943108e+01 1.089578645666233747e+00 5.214057833118943108e+01 1.089578645666233747e+00 3.415133688339788165e+01 -2.168537232186288910e-01 -2.168537232186288910e-01 -1.420806696916681877e-01
9.705000000000000000e+02 1.225433761560293988e+03 1.391490950550922534e+01 1.570029238513192649e+00 1.391490950550922534e+01 1.570029238513192649e+00 4.089248321946069353e+01 -3.034989613979234835e-01 -3.034989613979234835e-01 2.253926239926149211e-01
1.006500000000000000e+03 1.085895164278081211e+03 -3.106050393494209061e+01 -6.198253716154069615e-01 -3.106050393494209061e+01 -6.198253716154069615e-01 4.174689892859875329e+01 2.221242157342830370e-01 2.221242157342830925e-01 1.247655849926000010e-01
1.042500000000000000e+03 1.115587752912618953e+03 -6.605581717301139122e+01 -6.623571139979591571e-01 -6.605581717301139122e+01 -6.623571139979591571e-01 3.491405724100751229e+01 -7.459093249223182343e-02 -7.459093249223182343e-02 -1.862072808296542092e-01
1.078500000000000000e+03 1.203305808833368246e+03 -7.780115760139642589e+01 -2.485806961620008249e+00 -7.780115760139642589e+01 -2.485806961620008249e+00 2.567731460453508774e+01 3.136878658915205342e-01 3.136878658915206453e-01 -1.752931222649263543e-02
1.114500000000000000e+03 1.293826869644855833e+03 -6.469584853955733195e+01 5.313218477823317132e-01 -6.469584853955733195e+01 5.313218477823317132e-01 1.766368971061705651e+01 -5.977785287093807520e-01 -5.977785287093806410e-01 3.873488516547956007e-01
1.150500000000000000e+03 1.255240915249494492e+03 -2.891237036590933940e+01 4.571012731798593798e-01 -2.891237036590933940e+01 4.571012731798593798e-01 1.349582687827660621e+01 -1.545061071416144738e-01 -1.545061071416144738e-01 -3.193658518370660615e-01
1.186500000000000000e+03 1.171679793532850908e+03 -2.387558537985597695e+00 3.240455456389840783e-01 -2.387558537985597695e+00 3.240455456389840783e-01 1.587888969543098305e+01 6.665761286218220560e-02 6.665761286218221948e-02 5.550957548315516021e-01
1.222500000000000000e+03 9.923419522462440909e+02 6.553960274731879920e+00 -1.706060125088078028e+00 6.553960274731879920e+00 -1.706060125088078028e+00 2.158359192257710646e+01 -3.469810367714827870e-01 -3.469810367714827315e-01 5.900005220788389071e-01
1.258500000000000000e+03 8.644641479058499272e+02 -4.790787450475573195e+00 1.053018111185490380e+00 -4.790787450475573195e+00 1.053018111185490380e+00 2.749631613575309075e+01 -4.129459519802574641e-01 -4.129459519802576306e-01 -6.509651597834423264e-02
1.294500000000000000e+03 7.920830489352695167e+02 -2.689204452649125798e+01 -4.972371868944893691e-01 -2.689204452649125798e+01 -4.972371868944893691e-01 3.091049734245834557e+01 -1.691229713841223004e-01 -1.691229713841223559e-01 -5.693593996123853529e-01
1.330500000000000000e+03 7.674903471039107217e+02 -5.011996113191580093e+01 3.313035070010672101e+00 -5.011996113191580093e+01 3.313035070010672101e+00 2.902364151117521729e+01 -2.294751413495517700e-01 -2.294751413495518533e-01 8.350235218134433035e-01
1.366500000000000000e+03 8.122178963980413755e+02 -6.067216720093212956e+01 -5.701463285595587127e-01 -6.067216720093212956e+01 -5.701463285595587127e-01 2.344196482206693233e+01 -2.470405507547184798e-01 -2.470405507547185353e-01 4.498799546338039246e-01
1.402500000000000000e+03 8.557867277002982291e+02 -5.340999221161786181e+01 1.728389642211088262e+00 -5.340999221161786181e+01 1.728389642211088262e+00 1.761117932718041601e+01 3.440497460478800229e-02 3.440497460478800923e-02 -4.467419709342627665e-01
1.438500000000000000e+03 8.613742290134671293e+02 -3.444550471942648073e+01 -4.163098584538160729e-01 -3.444550471942648073e+01 -4.163098584538160729e-01 1.183490658072914314e+01 -6.765804157338858871e-02 -6.765804157338860259e-02 7.312501163565958417e-02
1.474500000000000000e+03 8.146169204911780071e+02 -1.322438484648721158e+01 1.585009180123413852e+00 -1.322438484648721158e+01 1.585009180123413852e+00 1.187661373480738014e+01 -3.034265814499665925e-01 -3.034265814499663705e-01 1.319136421763366651e-01
1.510500000000000000e+03 7.177671770959567539e+02 2.601514070306398363e+00 -3.756608497583819317e-01 2.601514070306398363e+00 -3.756608497583819317e-01 1.364082845509183706e+01 -5.460814639204658594e-01 -5.460814639204658594e-01 -6.435561624530199420e-01
1.546500000000000000e+03 6.107473679049306838e+02 6.441329004051492113e+00 6.725502752077350266e-01 6.441329004051492113e+00 6.725502752077350266e-01 1.673377508041623329e+01 2.092224741925254872e-01 2.092224741925254039e-01 9.574023787815763575e-02
1.582500000000000000e+03 5.236174718211605068e+02 -1.385030814148121125e+00 -2.143621747477141959e+00 -1.385030814148121125e+00 -2.143621747477141959e+00 2.097739058335385565e+01 -6.417770705008014609e-01 -6.417770705008014609e-01 3.902826609221014542e-01
1.618500000000000000e+03 4.680992574577114169e+02 -1.478270631130842006e+01 6.130940701373079893e-01 -1.478270631130842006e+01 6.130940701373079893e-01 1.957319209835387497e+01 -1.041163189132564115e+00 -1.041163189132563449e+00 -5.883333985750386352e-01
1.654500000000000000e+03 4.542168733708180639e+02 -2.502180740901349765e+01 -3.245610069209014514e-01 -2.502180740901349765e+01 -3.245610069209014514e-01 1.842162229756946701e+01 1.689357887663092694e-02 1.689357887663090960e-02 1.664414398672409701e-01
1.690500000000000000e+03 4.623181414437104308e+02 -3.017156193532552422e+01 -7.254905359448791113e-01 -3.017156193532552422e+01 -7.254905359448791113e-01 1.455971129794147778e+01 -7.986351353575574241e-03 -7.986351353575560363e-03 -1.053864321429778678e-01
1.726500000000000000e+03 4.727754105053246008e+02 -2.702131047826168597e+01 4.257365596163046328e-01 -2.702131047826168597e+01 4.257365596163046328e-01 1.161420395523087201e+01 -2.712487348680926447e-01 -2.712487348680926447e-01 -1.051179584743441531e+00
1.762500000000000000e+03 4.555468899398965732e+02 -1.763029076307833876e+01 -3.935636835632656538e-01 -1.763029076307833876e+01 -3.935636835632656538e-01 7.811484105815900136e+00 -4.232683605042120156e-01 -4.232683605042119046e-01 4.342748838307622927e-01
1.798500000000000000e+03 4.328594699753742816e+02 -8.808453453105997255e+00 -2.457234448459612253e+00 -8.808453453105997255e+00 -2.457234448459612253e+00 7.394885163656210736e+00 -1.089786468887262161e-01 -1.089786468887262300e-01 -8.453319250576294408e-01
1.834500000000000000e+03 3.947911183123496244e+02 -5.788962333273836691e+00 -8.443770824708196621e-01 -5.788962333273836691e+00 -8.443770824708196621e-01 8.460518616144954152e+00 -1.543891167762442285e-01 -1.543891167762442562e-01 9.574471392108015524e-03
1.870500000000000000e+03 3.616945168137834798e+02 -5.658837544577274059e+00 2.495197983866771496e-01 -5.658837544577274059e+00 2.495197983866771496e-01 1.062629083312205580e+01 -9.205876971621187455e-01 -9.205876971621183014e-01 -1.290093136801079010e-01
1.906500000000000000e+03 3.247676231434625720e+02 -7.953927901328581740e+00 -3.811109362402458900e-01 -7.953927901328581740e+00 -3.811109362402458900e-01 1.102044448399548848e+01 -2.237622038589583140e-01 -2.237622038589583418e-01 2.864492779587176075e-01
1.942500000000000000e+03 3.070961392118377944e+02 -1.456372946354126086e+01 -7.147586444888148760e-01 -1.456372946354126086e+01 -7.147586444888148760e-01 1.147998024062062505e+01 -4.987383798750909536e-01 -4.987383798750906205e-01 2.471187505590199118e-01
1.978500000000000000e+03 3.201005758390756455e+02 -1.834620431190020895e+01 -5.705122031810689887e-01 -1.834620431190020895e+01 -5.705122031810689887e-01 9.809872674894478450e+00 1.081273303518100054e-01 1.081273303518100609e-01 -1.777048083854130822e-01
2.014500000000000000e+03 3.153815117671128405e+02 -1.696294577346378318e+01 7.138682145852284222e-01 -1.696294577346378318e+01 7.138682145852284222e-01 8.146773464792170572e+00 1.401042629818386731e-01 1.401042629818386176e-01 -1.606014205824200514e-01
2.050500000000000000e+03 3.103858790881127447e+02 -1.471515265095577973e+01 -8.471235638004614987e-01 -1.471515265095577973e+01 -8.471235638004614987e-01 5.875734436236887959e+00 6.490656801713322599e-01 6.490656801713321489e-01 2.736682211413045129e-01
2.086500000000000000e+03 3.093890690775683083e+02 -8.523957637685942501e+00 -3.908203201316365893e-01 -8.523957637685942501e+00 -3.908203201316365893e-01 5.086095852417330754e+00 8.445346052791663505e-02 8.445346052791653790e-02 -2.616646956130862511e-01
2.122500000000000000e+03 2.895361679514979301e+02 -5.240964452747611801e+00 -8.173619737458142076e-01 -5.240964452747611801e+00 -8.173619737458142076e-01 4.724189768238247211e+00 -1.891982788965810014e-01 -1.891982788965811124e-01 -1.036268666833001673e+00
2.158500000000000000e+03 2.662543358777737126e+02 -2.705666680600131269e+00 3.845757721710210131e-01 -2.705666680600131269e+00 3.845757721710210131e-01 4.462564521991480682e+00 8.113508264985443974e-01 8.113508264985445084e-01 6.304693535428480544e-01
2.207000000000000000e+03 2.386368571472533802e+02 -3.285331616693345946e+00 1.097897210103623733e+00 -3.285331616693345946e+00 1.097897210103623733e+00 5.676112953368853020e+00 -4.684742603183693621e-01 -4.684742603183695842e-01 -4.859120443674221773e-02
2.268000000000000000e+03 2.227568007365423171e+02 -5.422289391769076872e+00 8.468507560874858342e-01 -5.422289391769076872e+00 8.468507560874858342e-01 4.691664989314216605e+00 -6.469650814236165282e-01 -6.469650814236163061e-01 4.854851436862596126e-01
2.329000000000000000e+03 2.166441338043782139e+02 -7.236411668751593140e+00 -9.444604523301608490e-01 -7.236411668751593140e+00 -9.444604523301608490e-01 4.287360804468240083e+00 1.520401852812862942e-01 1.520401852812862664e-01 -2.922344656221601000e-01
2.390000000000000000e+03 2.154648793981010897e+02 -5.796997831764175935e+00 8.633476224993601456e-01 -5.796997831764175935e+00 8.633476224993601456e-01 2.323184735111111898e+00 3.783501401546654486e-02 3.783501401546650322e-02 9.067985096736672634e-01
2.451000000000000000e+03 2.070301399327117622e+02 -3.197809642585509149e+00 2.548443208642709457e-01 -3.197809642585509149e+00 2.548443208642709457e-01 2.290333043073433661e+00 6.740731579331199486e-01 6.740731579331197265e-01 5.176673073442339401e-01
2.512000000000000000e+03 1.923786437408006407e+02 -4.622342147954741520e+00 5.230651546527926854e-01 -4.622342147954741520e+00 5.230651546527926854e-01 2.586325668345047735e+00 3.198137769255483542e-01 3.198137769255486873e-01 -4.523798849884670681e-02
2.573000000000000000e+03 1.895784378121456655e+02 -4.241181974405378696e+00 8.686794036760087101e-01 -4.241181974405378696e+00 8.686794036760087101e-01 3.202014208870180401e+00 -6.125594182691587175e-01 -6.125594182691586065e-01 8.717791117974513782e-01
2.634000000000000000e+03 1.860586437141426472e+02 -3.894548091798568201e+00 1.127905289385606080e+00 -3.894548091798568201e+00 1.127905289385606080e+00 1.173549287219414206e+00 2.743972836344190647e-01 2.743972836344190092e-01 -1.372003917891465863e-01
2.695000000000000000e+03 1.858637617691402113e+02 -2.233027284129245782e+00 -1.064387028433582572e+00 -2.233027284129245782e+00 -1.064387028433582572e+00 2.529875155060081315e+00 2.652665897571823139e-01 2.652665897571823694e-01 -9.988379858953135015e-02
2.756000000000000000e+03 1.832580173923892630e+02 -1.045557039062061655e+00 -1.107143082196591632e-01 -1.045557039062061655e+00 -1.107143082196591632e-01 1.451820573963893191e+00 -4.562373413879989847e-01 -4.562373413879989847e-01 3.443208165525538655e-01
2.817000000000000000e+03 1.756078490677576269e+02 -2.147234909899782718e+00 9.374773122086725863e-01 -2.147234909899782718e+00 9.374773122086725863e-01 2.079875057556149098e+00 3.802911808881044853e-01 3.802911808881044298e-01 8.467167432978590647e-01
2.878000000000000000e+03 1.788985907581329684e+02 -1.229588545075760653e+00 1.078740012397755965e+00 -1.229588545075760653e+00 1.078740012397755965e+00 1.322221057954473311e+00 -8.538045390450428318e-01 -8.538045390450426098e-01 -1.755354776059109279e-01
2.939000000000000000e+03 1.786219659093627854e+02 -4.045150723691246064e+00 1.553335353979811817e+00 -4.045150723691246064e+00 1.553335353979811817e+00 1.688319101107842002e+00 5.531973367303772982e-01 5.531973367303777422e-01 4.861999356661304006e-01
3.000000000000000000e+03 1.785927002919998756e+02 -1.496752188583299059e+00 1.394182114105629589e-01 -1.496752188583299059e+00 1.394182114105629589e-01 -2.040309122382919782e-01 -4.875328843670247991e-01 -4.875328843670249657e-01 -1.408979940306543499e+00
3.061000000000000000e+03 1.793022269250369050e+02 -9.441698440362641387e-01 -3.741159586654486668e-01 -9.441698440362641387e-01 -3.741159586654486668e-01 8.971014977122310219e-01 3.000610593593366904e-01 3.000610593593366904e-01 -7.684825861607038622e-01
3.122000000000000000e+03 1.822013277049716180e+02 -1.744778438547391008e+00 -8.279371817113925225e-01 -1.744778438547391008e+00 -8.279371817113925225e-01 3.168980722245911541e-01 -1.469484969215689718e-01 -1.469484969215690551e-01 -9.032975711257675844e-01
3.183000000000000000e+03 1.856188581529050055e+02 -1.870458545732466504e+00 -3.321177227493612438e-01 -1.870458545732466504e+00 -3.321177227493612438e-01 4.274363112901604089e-01 -1.783915076415268697e+00 -1.783915076415269141e+00 -1.625400476126239724e+00
3.244000000000000000e+03 1.862061970141918152e+02 -2.777516573334322558e+00 -4.847994773142778602e-01 -2.777516573334322558e+00 -4.847994773142778602e-01 1.052087576577019234e+00 -1.162190364352862826e+00 -1.162190364352862826e+00 2.612385277467964007e-01
3.305000000000000000e+03 1.916706225786719813e+02 -1.194508812631468242e+00 -3.817722344086251218e-01 -1.194508812631468242e+00 -3.817722344086251218e-01 -5.653760139777972427e-01 -1.434951565312278410e+00 -1.434951565312277966e+00 -8.886268216370162010e-02
3.366000000000000000e+03 1.949250155883423190e+02 -8.520690728358221167e-01 4.127198461671421903e-01 -8.520690728358221167e-01 4.127198461671421903e-01 5.765543997219931827e-01 1.181182115611086436e+00 1.181182115611086880e+00 -4.041511595440878263e-02
3.447000000000000000e+03 1.969721675852949829e+02 -8.483075935396093559e-02 1.952777644683406089e-01 -8.483075935396093559e-02 1.952777644683406089e-01 5.691760649705428499e-01 5.285605931480927833e-01 5.285605931480927833e-01 -8.583142316667988769e-01
3.548000000000000000e+03 2.033657807853948611e+02 -6.181412924838666223e-01 8.064337669375877260e-01 -6.181412924838666223e-01 8.064337669375877260e-01 -8.937345776971679090e-01 3.830659781317959367e-01 3.830659781317958812e-01 -1.013604459280279979e+00
3.649000000000000000e+03 2.117052659681450848e+02 -7.392624981196851408e-01 -3.654481971379439642e-01 -7.392624981196851408e-01 -3.654481971379439642e-01 8.320208538297332312e-01 1.829337188762107380e-01 1.829337188762106270e-01 3.048319869575119578e-01
3.750000000000000000e+03 2.185642319656899986e+02 5.361320052766259392e-02 5.478031730952691580e-01 5.361320052766259392e-02 5.478031730952691580e-01 2.038876576991899836e-01 -1.290743213358192532e-01 -1.290743213358191699e-01 -6.655467321327335206e-01
3.851000000000000000e+03 2.268295611392493640e+02 -1.276312299428956409e+00 8.333397491467549045e-01 -1.276312299428956409e+00 8.333397491467549045e-01 -1.674681025670785361e+00 5.908367408115069441e-01 5.908367408115068331e-01 6.381755707101164354e-01
3.952000000000000000e+03 2.344867295624957819e+02 9.233533826165059299e-02 -3.593057995409953964e-01 9.233533826165059299e-02 -3.593057995409953964e-01 6.148717894227585523e-01 1.063146626067422496e+00 1.063146626067422051e+00 6.497517747061362092e-01
4.053000000000000000e+03 2.431297427192050691e+02 -1.434558814551212924e+00 -1.106931130636232385e+00 -1.434558814551212924e+00 -1.106931130636232385e+00 1.761711203065610132e+00 -5.744650618494744343e-01 -5.744650618494749894e-01 6.093557520083845436e-01
4.154000000000000000e+03 2.535657289128940306e+02 8.469436953599492057e-02 2.475264638136104867e-01 8.469436953599492057e-02 2.475264638136104867e-01 3.699720894388545678e-01 9.887732078598837626e-01 9.887732078598837626e-01 9.613754813681298916e-01
4.255000000000000000e+03 2.620639385614411481e+02 4.446007124912013109e-01 3.193721822302230673e-01 4.446007124912013109e-01 3.193721822302230673e-01 -1.786183674221347717e-01 7.355247852517035057e-01 7.355247852517037277e-01 1.141836954504618973e+00
4.356000000000000000e+03 2.714263752669521637e+02 -5.846225574569529071e-01 6.676976938184865373e-01 -5.846225574569529071e-01 6.676976938184865373e-01 1.918886412000640140e+00 4.571894902150900331e-01 4.571894902150897555e-01 1.330339033052887920e+00
4.457000000000000000e+03 2.805612160286337371e+02 2.012460616615298903e-01 1.040615159734380013e+00 2.012460616615298903e-01 1.040615159734380013e+00 -8.825979190267323471e-01 -6.897951619183184668e-02 -6.897951619183206873e-02 -2.242153221845806510e-01
4.558000000000000000e+03 2.888448175118666654e+02 -4.995324432055623376e-01 1.601314696301045171e+00 -4.995324432055623376e-01 1.601314696301045171e+00 -5.691707888555346262e-01 6.376195873467912500e-01 6.376195873467913611e-01 -2.272456758715012626e+00
4.659000000000000000e+03 2.987466943517949858e+02 9.149242787037808328e-03 -2.497199211234450988e+00 9.149242787037808328e-03 -2.497199211234450988e+00 -1.515258165944870283e+00 -2.259632930513249538e-01 -2.259632930513249538e-01 6.983148508475901517e-01
4.760000000000000000e+03 3.108729942577443808e+02 -1.108786865362774154e+00 1.453575689252689873e+00 -1.108786865362774154e+00 1.453575689252689873e+00 -6.532037616920166601e-01 -1.147373860128889866e+00 -1.147373860128890311e+00 -9.501284600828222571e-01
4.861000000000000000e+03 3.196412482073010324e+02 7.052035647150687314e-01 -1.670631134695211406e+00 7.052035647150687314e-01 -1.670631134695211406e+00 2.925045501984534724e+00 9.248215501905407976e-01 9.248215501905405755e-01 7.340829333727607597e-01
4.962000000000000000e+03 3.348387722087171028e+02 2.103158958381287080e-01 -8.392556278243348267e-01 2.103158958381287080e-01 -8.392556278243348267e-01 3.891857467105608315e-01 -5.397353726941429564e-01 -5.397353726941430674e-01 -3.739471693072069641e-02
5.063000000000000000e+03 3.435642212607226043e+02 6.511134350967646700e-01 -1.639531448075146614e-01 6.511134350967646700e-01 -1.639531448075146614e-01 6.086493753609767410e-01 -4.330934723232952033e-01 -4.330934723232948147e-01 1.823933967433400083e+00
5.164000000000000000e+03 3.548092769891847524e+02 1.316857737505405135e+00 5.850800547224005443e-01 1.316857737505405135e+00 5.850800547224005443e-01 -8.287186929862707663e-01 -8.179971546151434403e-01 -8.179971546151429962e-01 -1.099180655788073002e+00
5.265000000000000000e+03 3.674743925967611631e+02 4.739353959132052152e-01 -7.365741692669219853e-01 4.739353959132052152e-01 -7.365741692669219853e-01 1.674538040510324732e+00 1.114892498072244109e+00 1.114892498072244331e+00 2.481041058558151047e+00
5.366000000000000000e+03 3.778243884828159480e+02 6.454910370133339903e-01 1.055962757544537833e+00 6.454910370133339903e-01 1.055962757544537833e+00 5.615761791143565329e-01 3.921645025748614621e-01 3.921645025748613511e-01 8.685897346088115034e-01
5.467000000000000000e+03 3.909943972362303271e+02 4.542583945269137446e-01 6.322179326053665172e-01 4.542583945269137446e-01 6.322179326053665172e-01 -1.272277049284158178e-03 -6.797588489863196637e-01 -6.797588489863196637e-01 2.489955369954111042e+00
5.568000000000000000e+03 4.017113467564671510e+02 -9.456578369883466006e-01 -8.862806986457547609e-01 -9.456578369883466006e-01 -8.862806986457547609e-01 -9.723486312173924562e-01 4.532105353216835386e-01 4.532105353216834276e-01 -1.181398127972816514e+00
5.669000000000000000e+03 4.179061946910191523e+02 3.819729402594210566e+00 -2.343565593516732548e+00 3.819729402594210566e+00 -2.343565593516732548e+00 5.117218856541897454e-01 8.279962170851662417e-02 8.279962170851651315e-02 7.484779277978633738e-01
5.770000000000000000e+03 4.246926206430346724e+02 2.030137829282823159e+00 -1.156551346208908537e+00 2.030137829282823159e+00 -1.156551346208908537e+00 3.581290934443321916e+00 -2.446805335636545564e+00 -2.446805335636545120e+00 -1.074926049052244537e+00
5.871000000000000000e+03 4.450103896165535389e+02 -6.258251319685572689e-01 -8.672608207090518606e-01 -6.258251319685572689e-01 -8.672608207090518606e-01 -2.054064538757366734e-02 -7.255831521826030528e-01 -7.255831521826029418e-01 2.901464885411365824e+00
