# l Dl_TT Dl_TE Dl_TB Dl_ET Dl_BT Dl_EE Dl_EB Dl_BE Dl_BB
7.050000000000000000e+01 1.853785497263419984e+03 -3.800115240882672829e+00 2.998390026457287139e-02 -3.651570548761301716e+00 -5.622516720457896300e-01 3.046771788138917803e-01 2.395816131457249171e-02 -2.190005611940362695e-02 -3.094079710154214527e-03
1.065000000000000000e+02 3.223467726656820105e+03 -2.745135663780234836e+01 3.565529335844198400e+00 -3.372263457304300971e+01 -5.994774831404021675e-01 8.832071203838884887e-01 -1.686068992248497544e-02 7.486976478292786674e-03 -5.480541665016437115e-03
1.425000000000000000e+02 4.307014758497432922e+03 -4.845111176621175275e+01 -1.602932971557223363e+00 -4.583793226843393143e+01 1.923936297652239613e+00 1.152528983833744025e+00 1.299868447352831198e-02 1.689728573735083117e-02 3.999379084280699215e-02
1.785000000000000000e+02 5.208709536219688744e+03 -3.765710143609722138e+01 6.903266704748025617e-01 -3.499537395244746563e+01 6.768029704554980874e-01 8.142203340526338318e-01 -4.940156240302274321e-02 1.088682140287220573e-02 -2.500530092580781696e-02
2.145000000000000000e+02 5.774023951084800501e+03 5.566075220622591857e+00 2.905690504309287325e-01 5.210994374398360662e+00 1.963980715103069929e+00 8.319625176968699076e-01 -3.033661843909198075e-02 1.436536899245552563e-02 9.937136182163500489e-03
2.505000000000000000e+02 5.402894404323521485e+03 6.447736595755175415e+01 1.194137957168446507e+00 6.670016219119837331e+01 -8.994512109047936299e-01 2.483875244855649811e+00 -7.422831501680754451e-02 -6.874066406228621084e-02 -8.622776557474332720e-03
2.865000000000000000e+02 4.612527700205950168e+03 1.075061963747141078e+02 -1.381626038503893650e+00 1.104567559498874800e+02 5.327332022157281743e-01 6.901427204994851294e+00 -4.819435273918983367e-03 -1.490046861995942065e-02 8.978331960083077434e-02
3.225000000000000000e+02 3.264204656481212623e+03 1.135765108550115485e+02 4.399546688079896128e-01 1.128374962006840860e+02 -5.339947218486664759e-01 1.317001833943324662e+01 3.656298582399285929e-02 -2.500075124826310613e-02 2.858436860573616151e-02
3.585000000000000000e+02 2.336267669865143944e+03 7.897882786948154887e+01 -8.556040809160737615e-01 8.074246479540111920e+01 6.288969359127640768e-01 1.919921889806343529e+01 5.931398233966666406e-03 -8.984011230933644510e-02 4.739183922061210308e-02
3.945000000000000000e+02 1.822525925831947916e+03 1.493612396750980409e+01 -4.496310563034293661e-01 1.220882844468878403e+01 -1.050623638990770381e+00 2.180178172707426398e+01 -9.736307330617144373e-02 1.327004272504202914e-02 8.093542204676887342e-02
4.305000000000000000e+02 1.759999723665032661e+03 -4.546703380268283468e+01 1.473265545922467279e+00 -4.435804251963971723e+01 7.617388261146049722e-01 1.935889901251999845e+01 4.417611774481845083e-02 -8.758136048374126625e-02 -3.949345446606893767e-04
4.665000000000000000e+02 2.087208960644495619e+03 -7.595107184652866295e+01 -2.598517019563034713e-01 -7.323178490200496071e+01 -9.970971137806695223e-03 1.357306537138581959e+01 -1.576552628868354011e-01 4.386630386679718496e-02 3.516297543071451870e-02
5.025000000000000000e+02 2.513239006804096789e+03 -5.645415937722266619e+01 6.462873841231873140e-01 -5.708157330108456051e+01 8.895944285304279164e-01 8.232294588311614092e+00 -9.715160730632917130e-02 -7.578571465232358806e-02 9.213975296004109361e-02
5.385000000000000000e+02 2.614027489772810441e+03 -1.345250407865807318e+01 2.148861963464475000e+00 -1.451533046945581873e+01 1.326965034779665764e-01 7.656595138709453074e+00 -1.035362874973097119e-01 -6.614602220499649077e-02 4.394108184804981082e-02
5.745000000000000000e+02 2.443799880332134762e+03 2.578001086763758565e+01 -2.529998481147668343e-01 2.486600399792803273e+01 3.042091170350884055e-01 1.284244834301035887e+01 1.082631644833387113e-01 2.699608530762874145e-02 6.987095325547706959e-02
6.105000000000000000e+02 2.148018025237765869e+03 2.520903793705382512e+01 -6.380193829124130023e-01 2.864736296075346189e+01 1.184864215578435687e+00 2.283837072471560958e+01 3.493853258439325038e-02 -1.140000302223304757e-02 1.667035104706661441e-01
6.465000000000000000e+02 1.898732183908858133e+03 -1.342111583004565745e+01 1.443078084308895059e+00 -1.446530061584471483e+01 -5.732037611267077892e-01 3.280863753805240179e+01 2.205586981920177325e-01 1.051670434252135883e-01 9.347345512098621800e-02
6.825000000000000000e+02 1.778869844637752976e+03 -6.851571392816720163e+01 5.181609409030560887e-01 -6.952516430069800890e+01 -4.779375765162557355e-01 3.676947263202865201e+01 6.186851257303908197e-02 1.404691799408901709e-01 -1.722139970409475307e-02
7.185000000000000000e+02 1.987934976579846989e+03 -1.184959628471337396e+02 1.035494431745137334e+00 -1.172570278877935976e+02 -1.956179100661060710e-01 3.516247814871024246e+01 -1.306010409642776593e-01 1.160220806685310357e-01 6.194251444580738813e-02
7.545000000000000000e+02 2.288337910070232738e+03 -1.308839511986349180e+02 -2.477726128587465659e+00 -1.320818407473372247e+02 -1.468990155608594639e-01 2.663268266708682930e+01 1.782750804733541083e-01 5.625442029332566873e-02 1.026754988685099901e-01
7.905000000000000000e+02 2.467973589037608690e+03 -1.015771325594065218e+02 7.269579462024761130e-01 -1.024022894053763792e+02 -5.606259078039976806e-01 1.747230406867216601e+01 2.083554843776338483e-01 1.407235341690483144e-01 2.286545257623595270e-02
8.265000000000000000e+02 2.521909895494121884e+03 -3.960129708808371873e+01 1.957521941110393460e+00 -4.075704131977830968e+01 -1.378070068141644899e+00 1.251980075248009427e+01 3.209807948957767165e-02 3.653206110465558043e-02 6.229420165165010237e-02
8.625000000000000000e+02 2.293214562494786151e+03 1.962765027515720107e+01 6.144953396170280691e-01 1.932997298150593224e+01 5.988539370236172221e-01 1.474690828288255418e+01 8.922776049060354708e-02 -4.790227815482477058e-02 8.873734450520923134e-02
8.985000000000000000e+02 1.904569008022989692e+03 5.365341322545518210e+01 2.543184997975793671e+00 5.422554082370767503e+01 -1.431408924068101607e-01 2.344427800883463675e+01 2.993525520930157557e-01 1.044715551226768624e-01 4.733226132601797698e-02
9.345000000000000000e+02 1.497162447395020990e+03 5.312627210083242346e+01 7.012741056188337430e-01 5.575225173563448067e+01 3.706193236468341423e-01 3.396254766024721050e+01 -2.709235223888450395e-01 -2.839149704313705808e-02 1.377591972484795979e-01
9.705000000000000000e+02 1.214375937643959332e+03 1.507944211409495772e+01 -1.941147932135582899e-01 1.636415823031457251e+01 1.336854982540340409e+00 4.113117409365179356e+01 -6.958828170420039427e-03 -7.999994912170871331e-02 1.283825827119922103e-01
1.006500000000000000e+03 1.072673462621076396e+03 -2.880089007241539889e+01 1.405673969125114997e+00 -2.758615525284477599e+01 1.971281593724558967e-01 4.069086024694605186e+01 9.348379613436745561e-02 -1.397307594968482114e-01 1.116168861239846266e-01
1.042500000000000000e+03 1.063704930423201631e+03 -6.907506798606786447e+01 -1.958347598307918602e+00 -6.858055143504876128e+01 3.488375946843883524e-01 3.496094720276627044e+01 4.839519156946944789e-02 -1.501907154523722809e-01 7.583994033297722370e-02
1.078500000000000000e+03 1.154473216671932505e+03 -7.699580710943106965e+01 1.137045350719888326e+00 -7.529971873754166722e+01 -2.211903345110822483e-01 2.572516086485181930e+01 -1.637358262446253487e-01 -3.478739207646530662e-02 -9.447975344416574550e-02
1.114500000000000000e+03 1.235423646746869963e+03 -6.140412867141543529e+01 -1.786170677821869779e+00 -6.133634878115188371e+01 1.090656211307032553e-02 1.685781531660526156e+01 -1.490485043942330057e-01 1.345734235041319282e-01 2.445740809395808291e-01
1.150500000000000000e+03 1.215982420770264980e+03 -2.878593276930849854e+01 2.161602633978275456e+00 -2.925470308051669832e+01 5.944657817693563828e-01 1.319337869400650121e+01 -5.210328744326989808e-02 -1.252095044096758758e-01 1.453662971770788848e-01
1.186500000000000000e+03 1.108339213704598251e+03 -1.412550035243754110e+00 -2.631974166137527882e-01 2.524202460415682081e-01 -4.032181894814277495e-02 1.507130267449983307e+01 2.019586483217686024e-01 -1.405119227169693286e-02 9.583198983097684920e-02
1.222500000000000000e+03 9.575298857772880865e+02 5.840597954095009925e+00 -1.136401726214208985e-02 5.638504967971339710e+00 -3.375188613365689427e-01 2.137619227842497338e+01 3.845055402893742674e-02 2.093182495388674902e-01 5.461085702788355534e-02
1.258500000000000000e+03 8.156730763805521747e+02 -4.357095972999772471e+00 -5.122461982736137287e-01 -4.258833276594097939e+00 2.449763580644199468e-01 2.775827019687849173e+01 7.548611830927781652e-03 -1.091707803097041046e-01 8.509537971753564078e-03
1.294500000000000000e+03 7.475915150915034246e+02 -3.044582801319297261e+01 6.090464094192400424e-01 -3.051710594676255539e+01 5.121456219633929718e-02 3.087093010756452571e+01 -1.329249725529134396e-01 -6.065939760735863245e-02 5.100196946690217087e-02
1.330500000000000000e+03 7.319538151141053959e+02 -4.936605148952491362e+01 -4.453618165231675308e-01 -5.005814165193669396e+01 1.081935504538650061e+00 2.812786815488211900e+01 3.410664850336849185e-01 7.519244455320489573e-02 1.154779514608200025e-01
1.366500000000000000e+03 7.697213664486246216e+02 -6.043738686043867858e+01 4.939456466342133090e-01 -6.017464760267845492e+01 -4.208107098621120534e-01 2.308374932797493884e+01 -5.218962607980762863e-02 1.817410402815858306e-02 -5.711004070716405381e-03
1.402500000000000000e+03 8.052963339256132258e+02 -5.148115293655486369e+01 -1.024347909085384867e+00 -5.227862065801579661e+01 1.738092228848372167e-01 1.651239258190040715e+01 -9.798901984277791355e-02 1.564125958198772093e-01 7.291560421162195105e-02
1.438500000000000000e+03 8.231867821198334241e+02 -3.218035749366903531e+01 -3.425587935070723011e-02 -3.483028307828044490e+01 6.274388907213084288e-01 1.240313895814426104e+01 1.548447353418792305e-01 6.745148015752258641e-02 1.740424989642654907e-01
1.474500000000000000e+03 7.598256893875267224e+02 -1.242947897570477522e+01 8.054872309391176710e-01 -1.283498955692625465e+01 -3.019203300818866856e-02 1.162459490648772942e+01 -6.643435950335910278e-02 5.658047323892205493e-02 2.357706066162768288e-01
1.510500000000000000e+03 6.596488663026241284e+02 1.359158628635167565e+00 6.624966654691885060e-01 2.550665072668776290e+00 -2.243482259236063703e-01 1.340594832490612021e+01 -1.006205170910056124e-01 -1.337349761293406790e-02 -4.134813106416507233e-02
1.546500000000000000e+03 5.590518879901089804e+02 6.092664549909896365e+00 1.579567512056369694e+00 5.793721697690651595e+00 2.596370122123170532e-01 1.729327525997098292e+01 1.618297330765723352e-01 9.475455783958661171e-02 3.802361905023404764e-02
1.582500000000000000e+03 4.617689503497369969e+02 -3.108832143046663887e+00 -7.793803207563034796e-01 -1.465581187316974177e+00 3.962643450140322932e-01 2.002842474026791564e+01 1.145191329349984077e-01 4.876783121827070466e-02 1.526046640309500768e-01
1.618500000000000000e+03 4.125324355263958296e+02 -1.547850533617965496e+01 -1.570841730504170947e-02 -1.610388246597473483e+01 4.655396344799555552e-01 2.035835876364504315e+01 -1.821180119213661741e-01 -1.200866568092452402e-01 1.390318520944480718e-02
1.654500000000000000e+03 3.907575507611146577e+02 -2.552961468607365703e+01 -2.639667431060921388e-03 -2.531628920880543632e+01 -2.050075862432728102e-01 1.897624799149013342e+01 2.385759726516728518e-02 -1.005129527725248245e-01 1.666567095664056586e-01
1.690500000000000000e+03 3.961644619905126774e+02 -2.969087755475597135e+01 2.499636131808178341e-01 -2.881624533531703847e+01 8.556731800340278138e-03 1.466949141029406256e+01 -8.068070605800219119e-02 -5.527982118186357263e-02 -2.842478662783609611e-02
1.726500000000000000e+03 4.073905967187390047e+02 -2.712018411130662088e+01 -7.874822539758132844e-01 -2.622496542899184391e+01 1.418560383703696137e-01 1.132549454040180770e+01 1.633163760868764636e-01 1.308126328968741703e-01 -2.777603271558429232e-01
1.762500000000000000e+03 3.985171216516808954e+02 -1.851219430991950432e+01 -3.318969133766566104e-01 -1.882029195676488698e+01 5.517230454582007226e-01 8.581845379640078875e+00 3.812761396094347388e-01 -7.933931422377092646e-02 1.063353131034631416e-01
1.798500000000000000e+03 3.703482917425728829e+02 -1.052655319825023561e+01 -1.363613599209688276e+00 -9.535885952038981372e+00 3.363308695869829390e-01 7.824186805656630384e+00 -1.525047871694130142e-01 -1.170238019878512559e-01 6.118331563203574519e-02
1.834500000000000000e+03 3.276598060658350846e+02 -5.507312496518679268e+00 -1.176041643433802353e+00 -5.449014144572582374e+00 6.395989146781552170e-01 8.860553199187137352e+00 -1.148993513301856395e-01 1.306390109288059764e-01 1.016920983702301745e-01
1.870500000000000000e+03 2.835400827717531911e+02 -6.069883505877650798e+00 9.528206873100878438e-01 -5.925822974057794568e+00 -1.516390089392234686e-01 1.029444164170027776e+01 2.207137610903095182e-01 2.679582097951306308e-01 5.951490499683467078e-02
1.906500000000000000e+03 2.545502048038288194e+02 -9.735638363914434379e+00 -1.297018961150860905e-01 -8.790982205681693529e+00 2.180497200708200745e-02 1.110112122436042092e+01 1.277647148644650565e-01 -1.610254775337742195e-01 6.694487586151874614e-02
1.942500000000000000e+03 2.385785938750415482e+02 -1.465667176584796216e+01 -9.337516420054596811e-01 -1.419487686860086129e+01 5.411268502236954436e-01 1.082930887756985960e+01 6.847749378693055444e-01 -1.605989549339485456e-01 2.463888470888283000e-01
1.978500000000000000e+03 2.405970432463698216e+02 -1.762667795265495130e+01 3.022458256360825435e-01 -1.748733699338380632e+01 1.076242190294153106e-01 9.635620566811226695e+00 -2.447278144729961857e-01 -7.090691282018470043e-02 5.267066676460128161e-01
2.014500000000000000e+03 2.376000305540059401e+02 -1.656169464093041910e+01 2.137267215124813435e-01 -1.754972877908516082e+01 -5.487262844495284231e-01 7.774316386202648310e+00 1.871030127293152323e-01 9.664726413940986915e-02 4.105396688470369648e-02
2.050500000000000000e+03 2.347402378618470493e+02 -1.368743959665861354e+01 -2.346955456727525813e-01 -1.433916965196600835e+01 1.640264949567667441e-01 6.316551954466360641e+00 -8.874518897913533100e-02 6.702421851675222086e-02 1.085204609956790106e-01
2.086500000000000000e+03 2.216793399142632666e+02 -9.946727808191750952e+00 -2.421575219442715921e-01 -9.580081493990949326e+00 2.241177596401752736e-01 5.214467470493553414e+00 -1.428165331396985538e-02 -5.189618029107787023e-02 2.841743090493544233e-01
2.122500000000000000e+03 2.031249211374704373e+02 -5.435729466364124463e+00 1.448654111626499930e+00 -4.621087548237603038e+00 2.428859898075544366e-02 5.169930205768141995e+00 2.647377922890903346e-01 1.302065008326786510e-01 1.539227500280528627e-01
2.158500000000000000e+03 1.831257211573719701e+02 -3.476012000496010224e+00 1.866896921921015196e-01 -2.771561096444360217e+00 1.749291813341810053e-01 5.493817917205220169e+00 -1.872060426901642205e-02 5.609850564750468171e-01 -7.672035165181695371e-02
2.207000000000000000e+03 1.506438443331178689e+02 -3.880106415301591394e+00 -2.004306106115954222e-01 -4.030539525107402987e+00 9.772490655283123939e-02 5.794317953847344604e+00 3.543715806410031588e-01 1.118729665568764103e-01 2.815265832498810572e-01
2.268000000000000000e+03 1.314216649872558946e+02 -7.013561131329348441e+00 -4.009327354807318833e-01 -6.958501102289487150e+00 -2.899247262537016923e-01 6.021114873999496631e+00 1.748065799060829206e-01 1.231373881339800497e-01 -2.042079429775578991e-01
2.329000000000000000e+03 1.252760809910561193e+02 -7.768628932684305433e+00 -2.807959025625684779e-01 -7.904630002796969812e+00 3.929647618383921848e-01 4.171721014898555069e+00 -1.176419616449770333e-01 -1.271595406696553188e-02 -1.484594344594077908e-01
2.390000000000000000e+03 1.184501364916609418e+02 -5.945445376908473634e+00 2.754289645642650775e-01 -5.473100718330852210e+00 -2.001770275807474020e-03 3.162849848593971114e+00 -1.139373325724956643e-01 -2.261237606506327213e-01 3.097302031207849193e-01
2.451000000000000000e+03 1.051861724329431240e+02 -3.680347264418899478e+00 3.276846935977486552e-01 -3.400839800944703395e+00 -6.247781317644635068e-01 3.096334340871065294e+00 -3.051597248927231387e-01 -2.306899079356959092e-01 2.355256977152100917e-02
2.512000000000000000e+03 9.060889421122860199e+01 -3.155176902023924868e+00 -4.167311672220529173e-02 -2.855513707923429401e+00 3.046858749300279112e-01 3.024787078025584108e+00 -1.653605802809274827e-01 3.652276325405861002e-01 2.129536630560521782e-02
2.573000000000000000e+03 8.005922886815929473e+01 -3.280451614033431440e+00 1.904334174299260884e-01 -4.295647202867138859e+00 3.889554121922411123e-01 2.429727336088304490e+00 -3.776892941825452099e-02 3.453438062184959190e-01 -1.467004326024173300e-01
2.634000000000000000e+03 7.721097182236927381e+01 -4.623149350174787564e+00 -5.534373465218480614e-01 -4.021308697177805591e+00 -1.354183420149934758e-01 2.407379653809927689e+00 2.014396906254456443e-02 2.509093897235247783e-01 -2.913642904827880575e-01
2.695000000000000000e+03 7.270030318654997359e+01 -3.151919157027515350e+00 -3.898213588146249298e-01 -3.432006360920771382e+00 4.640209225811580129e-01 1.922843704202813697e+00 -3.681189820297374737e-01 -5.048734648915778611e-02 4.106598931120059026e-03
2.756000000000000000e+03 6.445019379304790164e+01 -2.466843023905794574e+00 -6.169065014375095801e-01 -2.672654302692605732e+00 -2.856916728654517179e-01 1.401837729416557821e+00 7.213699622366233355e-02 -2.400690849140534877e-01 9.964882512199874087e-02
2.817000000000000000e+03 5.774632454004745341e+01 -1.130752528915657695e+00 -1.178791999353861197e-01 -1.470207985277942608e+00 1.853346158881558625e-01 1.695020970409054417e+00 4.816114014659914622e-01 3.196235330302636402e-01 -3.295258978280565798e-01
2.878000000000000000e+03 5.288997446509503675e+01 -1.253467441163919505e+00 1.896003690105584616e-01 -1.679499468808063334e+00 -2.190079208105806530e-01 1.830224683958069587e+00 -4.420578832645672418e-01 -4.646876916112452904e-01 -2.149870342293582204e-01
2.939000000000000000e+03 4.834000139327650203e+01 -1.569596202344871294e+00 1.159217868258567152e-01 -1.637386664669445935e+00 -3.308846051830959256e-01 1.051793586718963391e+00 -2.199679319925738064e-01 -3.126314503952235535e-01 1.459408276285276140e-02
3.000000000000000000e+03 4.619521718543559530e+01 -1.337342689612510682e+00 5.634045971603041103e-01 -1.423438587834553903e+00 6.306764021407504917e-01 1.155824584441930147e+00 -6.710729621453050964e-01 -7.166749790888830157e-03 2.120222704384256418e-01
3.061000000000000000e+03 4.450017980746201118e+01 -6.614021559416007889e-01 -4.450585898038135202e-01 -2.017316833452907687e+00 5.583045423009506125e-01 4.390563459742029551e-01 -1.613599171766062768e-01 2.795531286443383445e-01 4.207719278986726819e-01
3.122000000000000000e+03 4.119685077087446246e+01 -6.426054354449939332e-01 -3.700131814073167602e-01 -1.648383106850286328e+00 -1.376804856414792777e-01 8.823942223040965871e-01 3.507508249530330025e-01 5.979219729175737352e-02 9.712063187262123809e-02
3.183000000000000000e+03 3.973738660980332327e+01 -6.387983760404063460e-01 1.564150560806749635e-01 -1.102084655208123820e+00 -9.443531207368057734e-01 2.640332609125913832e-01 8.228972857916047601e-02 -1.227298861993441209e-01 -5.522542170467725775e-02
3.244000000000000000e+03 3.663373698197273143e+01 -1.072224914004386020e+00 3.839166738154094483e-01 -1.266347174939019826e+00 -3.738071112908041838e-01 9.003833023421861093e-01 -2.087833018797984053e-01 3.319786330608553437e-01 -4.160889253114302688e-02
3.305000000000000000e+03 3.771048391501959429e+01 -5.773511038415557461e-01 4.165256172340261465e-01 -9.555646854711763449e-01 -7.392741885784206435e-01 4.462835581174739996e-01 1.765222494016980281e-01 -4.082249350844610603e-01 8.041047773384835118e-02
3.366000000000000000e+03 3.532824104410002519e+01 -3.662917922743734733e-01 -6.706789602450843879e-02 3.847290928076402272e-02 -2.346952722516059964e-01 1.860517528532752152e-01 -3.522363715414639773e-01 2.950731259410924734e-01 6.802886677791143422e-01
3.447000000000000000e+03 3.438416722442097750e+01 -1.090694822772074080e+00 -3.490653520678904664e-01 -1.613221237083645454e-01 2.584073060185579918e-01 1.021445690190401490e-01 7.874514255771057625e-02 2.827557875846008484e-01 -4.879575181962386710e-01
3.548000000000000000e+03 3.373415347402466580e+01 -4.909570786777524010e-01 -4.593238907609220600e-02 5.806371969806095601e-02 -6.046418093327110554e-01 3.467086116935918505e-01 3.926637095962077217e-01 -1.628193684638128691e-01 2.035175985395269449e-01
3.649000000000000000e+03 3.256995730961396163e+01 -1.497419500713136342e-01 -6.465179830627370006e-01 -6.940586363171741269e-01 2.969169318120598589e-01 1.647038389006873771e-01 -1.802222349566101611e-01 -3.419715552232779343e-01 -1.852852809124930777e-01
3.750000000000000000e+03 3.294718155959670014e+01 -3.242932378284082984e-01 -3.952575236664382374e-03 9.608755564742921251e-02 -9.054151573010565945e-03 6.594003673355944839e-01 -2.744355548130539280e-01 4.865918079224021420e-02 1.444793943966817540e-01
3.851000000000000000e+03 3.316538259800375954e+01 1.938326648361445304e-01 -7.467879776841213069e-03 -3.468842180940808761e-01 -6.928368423582135227e-01 8.043562812282613328e-02 1.971246482393728960e-01 9.263110636799187780e-01 1.957068069483208772e-02
3.952000000000000000e+03 3.219350089288634820e+01 -5.721959377504191036e-01 -6.050041000089567689e-01 -6.685210020330554226e-01 2.160445914482325147e-01 1.257117697281091351e+00 4.203483335930553455e-01 6.343605514026652292e-01 1.133499069403035298e-01
4.053000000000000000e+03 3.349172703321536204e+01 -5.712312648511704005e-02 -2.617799711952248920e-01 -4.594511468254423858e-02 -5.754428431094454899e-01 2.746788198967549111e-01 1.330510007959963825e-01 -1.004060549262360214e+00 -1.879855690716620287e-01
4.154000000000000000e+03 3.343916320245327256e+01 3.879175969067272245e-01 -4.947906508994307506e-01 -1.713922843532153517e-01 4.980302863422952364e-01 -4.780386316451017414e-01 4.289343795809151816e-01 -4.462668743427485873e-01 4.164430206331165008e-01
4.255000000000000000e+03 3.479145369820961520e+01 -7.469884588019418681e-01 7.365911861325834531e-01 1.148328390645331765e-01 -6.633685916534279858e-01 6.320661344380996693e-01 7.151821596068521636e-01 -4.334752225265032788e-01 -1.039450962071958307e-02
4.356000000000000000e+03 3.717247634218156804e+01 1.068484882026586869e-01 -1.014508973082555443e-01 3.856584287843676795e-01 3.024189763209272908e-01 2.879195910377950751e-01 -4.524889190831880015e-01 -8.070999758126041757e-01 -6.787070924895259871e-01
4.457000000000000000e+03 3.618890585362095180e+01 5.241235319659998115e-01 -9.334127060411556709e-02 7.219620942080906545e-01 -8.114834728752359783e-02 -8.466787213582888105e-01 -1.143466816930403418e+00 2.177214570430475171e-01 3.161852712632475804e-01
4.558000000000000000e+03 3.866422635774600280e+01 3.407347766864189942e-01 2.611810127627023359e-02 6.113102045977749643e-01 1.237622533680586834e+00 3.438633591028472103e-01 -2.022358534575535716e-01 1.190767344981449871e-02 -7.215569620571742337e-01
4.659000000000000000e+03 3.954362560525994752e+01 5.071393169225261177e-01 -1.235691642314887262e-02 -5.032542777705337200e-02 2.082517880012828282e-01 1.773975504847480344e-02 -6.861234464634418106e-01 -5.141752028335098146e-01 -4.158870139328045279e-01
4.760000000000000000e+03 4.098993577661369869e+01 5.736445703793253692e-01 -1.013803050803073313e+00 1.377849186355748934e+00 3.171184284458787861e-01 7.508037511279747056e-02 -2.047943890089609642e-02 6.107024480604541505e-01 2.294086884670032689e-01
4.861000000000000000e+03 4.231130383673561823e+01 4.971571412431240455e-01 6.977786819821946152e-02 1.310626709857972028e+00 -9.571156391738581959e-02 -1.037523873283496822e-02 2.284351217470489193e+00 -4.059523945648787491e-01 -7.385755921115644274e-01
4.962000000000000000e+03 4.346217508482870784e+01 5.159395735548246709e-01 -2.556305531094217875e-01 4.883655445495194147e-02 -3.089488414227614665e-02 7.929046081928201595e-01 -6.079234470718283267e-01 -4.977484159943341702e-01 -4.942091401086691205e-01
5.063000000000000000e+03 4.568154372664101004e+01 -1.982675751077214832e+00 -7.945487568032816306e-02 4.846741728989332199e-01 -4.045978320332616618e-01 6.527053733039375749e-02 2.230347376808190507e-01 2.048830036188542536e+00 9.634327278014376272e-02
5.164000000000000000e+03 4.714203747439607639e+01 3.719645668262605565e-01 8.078432811488351906e-01 5.755015296145484793e-01 -8.196465011305370529e-02 -1.229639276922265545e-01 1.646070507579101339e+00 1.005518904361438315e+00 3.789209067873835490e-01
5.265000000000000000e+03 4.839406549741691066e+01 -5.070211008042173617e-01 7.404856942931135055e-01 4.557265221449472992e-01 -1.521611278677555967e-01 -6.998313550671200201e-01 5.797099526202591502e-01 -9.643750925341560976e-01 -9.818148962686624737e-01
5.366000000000000000e+03 4.888169089495032438e+01 4.730207030380422228e-01 3.878976031087960630e-01 2.012679988031154110e-01 1.665995128535094016e+00 -3.234187205905209028e-03 1.921613247062810004e+00 8.927664376484000242e-01 4.921655610721603624e-01
5.467000000000000000e+03 5.098920743689384238e+01 2.009103025061286241e-01 -1.020966130345142053e+00 2.174022900061671315e+00 8.616460618244703440e-01 8.542617228434784549e-02 1.637065575751932123e+00 -2.619121549135738469e+00 5.181444928712932718e-01
5.568000000000000000e+03 4.910004555874481014e+01 -2.846005817090449530e-01 -4.092454264784208262e-01 -1.270021080285245629e+00 6.305204057785918081e-02 5.936468521977692481e-01 8.529567583533432806e-01 1.411814604392848116e+00 -1.132438300045105262e+00
5.669000000000000000e+03 5.543480238491392953e+01 2.751532445316836384e+00 -1.188607943029843517e-01 -1.464174496611320819e+00 -1.741845737553779250e+00 -1.882653573578085826e-03 1.823978265948323352e-01 -1.130182132701133879e+00 -1.165651528184792562e+00
5.770000000000000000e+03 5.723937548662372876e+01 1.786371069715203541e-01 -4.241815112303070068e-01 1.334642078152453282e+00 2.822525629441738015e+00 -2.493515262228815921e+00 1.490395721891094816e+00 3.886757322609344367e-01 2.743160322935498385e+00
5.871000000000000000e+03 5.848980204806141359e+01 -8.420722307657658723e-01 1.213086915601397919e-01 -8.234698843606655383e-03 1.117585561653388293e+00 -2.304934524083461334e+00 2.332727728759967922e-01 -6.458391804162462169e-01 6.492583573439782985e-01
