# l Dl_TT Dl_TE Dl_TB Dl_ET Dl_BT Dl_EE Dl_EB Dl_BE Dl_BB
7.050000000000000000e+01 2.751991525331053253e+03 -7.909795850118417349e+00 -5.613705145718446587e+00 -7.909795850118417349e+00 -5.613705145718446587e+00 3.647853939209586560e-01 -7.723630626341043692e-02 -7.723630626341045080e-02 -9.234510173907178182e-03
1.065000000000000000e+02 2.712819239813656623e+03 -2.436616072547430534e+01 3.842929372920846909e-01 -2.436616072547430534e+01 3.842929372920846909e-01 8.145603038972032417e-01 -2.434033872261484599e-02 -2.434033872261484252e-02 4.093242267366483528e-02
1.425000000000000000e+02 3.714155558371493498e+03 -4.712466982376102465e+01 -8.366589892956073360e-01 -4.712466982376102465e+01 -8.366589892956073360e-01 1.138850434032929515e+00 7.467882155194674465e-02 7.467882155194673077e-02 1.228203598912909200e-01
1.785000000000000000e+02 5.028270413202145392e+03 -3.231136796455583493e+01 4.397391928850945320e+00 -3.231136796455583493e+01 4.397391928850945320e+00 8.564134152954807622e-01 -3.898531488242990006e-02 -3.898531488242989312e-02 9.590788454591225864e-02
2.145000000000000000e+02 5.684278333664895399e+03 3.291404046874677025e+00 4.226814471204696666e+00 3.291404046874677025e+00 4.226814471204696666e+00 8.135332231697466332e-01 -6.560132607302568419e-02 -6.560132607302567032e-02 -5.896661791073681260e-04
2.505000000000000000e+02 5.331948511589950613e+03 6.763794860294616740e+01 -3.501391984144794911e+00 6.763794860294616740e+01 -3.501391984144794911e+00 2.684268030296440344e+00 6.142199847921036432e-02 6.142199847921038514e-02 -2.720802495694812362e-01
2.865000000000000000e+02 4.451553783144781846e+03 1.111079385213148072e+02 -1.983624849422841452e-01 1.111079385213148072e+02 -1.983624849422841452e-01 7.063663052918179197e+00 -8.660011642368167784e-02 -8.660011642368167784e-02 3.471674922408453379e-02
3.225000000000000000e+02 3.378737700262975977e+03 1.139058624754465825e+02 -8.554259269183733805e-01 1.139058624754465825e+02 -8.554259269183733805e-01 1.381102549675611968e+01 4.890367565181935605e-04 4.890367565181658049e-04 2.301568891779560977e-01
3.585000000000000000e+02 2.336275717033307956e+03 7.092400062290113283e+01 2.302930283877846485e+00 7.092400062290113283e+01 2.302930283877846485e+00 1.882682261639291355e+01 5.246800528623398602e-02 5.246800528623399296e-02 1.620109570704755253e-01
3.945000000000000000e+02 1.721938862835212149e+03 1.654778788547802293e+01 2.843583400746314549e-01 1.654778788547802293e+01 2.843583400746314549e-01 2.111650877503235790e+01 -2.407692920314495263e-02 -2.407692920314495610e-02 1.482525675251607777e-01
4.305000000000000000e+02 1.767698512711977173e+03 -4.248782858959755515e+01 1.763804706581939330e+00 -4.248782858959755515e+01 1.763804706581939330e+00 1.891768257292192956e+01 -1.343160795945700925e-01 -1.343160795945700925e-01 1.050113639801847874e-02
4.665000000000000000e+02 2.118700251277814914e+03 -7.105766461201073980e+01 -3.816358947622070730e+00 -7.105766461201073980e+01 -3.816358947622070730e+00 1.338134254778611165e+01 3.884625534166012695e-02 3.884625534166009919e-02 6.035634370033832879e-02
5.025000000000000000e+02 2.472876333345869625e+03 -5.185000922886241881e+01 1.684226086472212947e+00 -5.185000922886241881e+01 1.684226086472212947e+00 8.449646495813356140e+00 -9.354005812990143220e-02 -9.354005812990143220e-02 -7.609590208723648885e-02
5.385000000000000000e+02 2.666102171298403391e+03 -1.237142025903872700e+01 -3.636503424342895752e+00 -1.237142025903872700e+01 -3.636503424342895752e+00 7.614097525267927047e+00 -1.741778137616843691e-02 -1.741778137616844385e-02 2.250296271523960778e-01
5.745000000000000000e+02 2.420886392895368317e+03 2.127256690396735195e+01 2.440491173197636421e+00 2.127256690396735195e+01 2.440491173197636421e+00 1.267580815274746087e+01 3.386938102885268531e-01 3.386938102885269086e-01 3.265276023510309961e-02
6.105000000000000000e+02 2.145873038927664311e+03 2.760162035462824548e+01 1.921713002039412199e+00 2.760162035462824548e+01 1.921713002039412199e+00 2.252617644651546058e+01 -1.472381748279307789e-01 -1.472381748279308900e-01 4.614558081604758777e-01
6.465000000000000000e+02 1.910768747448341855e+03 -1.360672467038030220e+01 -1.899876958464370436e-01 -1.360672467038030220e+01 -1.899876958464370436e-01 3.214564491252212974e+01 -2.330142711768349445e-02 -2.330142711768348057e-02 4.164314624134553555e-01
6.825000000000000000e+02 1.825131896891695988e+03 -7.406828752290869033e+01 3.281683090724111462e+00 -7.406828752290869033e+01 3.281683090724111462e+00 3.744100229949353320e+01 -8.706192603784873585e-02 -8.706192603784870809e-02 3.602272063545894354e-02
7.185000000000000000e+02 2.048307422966456215e+03 -1.218982219254590689e+02 1.150708362107620841e+00 -1.218982219254590689e+02 1.150708362107620841e+00 3.525713691581562870e+01 1.216827306030100753e-01 1.216827306030100891e-01 6.677346333337652595e-02
7.545000000000000000e+02 2.306297843899624240e+03 -1.337044887370062725e+02 -2.113958349861883690e+00 -1.337044887370062725e+02 -2.113958349861883690e+00 2.740499886446977840e+01 2.712489070847088901e-01 2.712489070847089456e-01 3.040110239213023591e-01
7.905000000000000000e+02 2.499281089868086838e+03 -1.012630404405662006e+02 -1.428797256854448694e+00 -1.012630404405662006e+02 -1.428797256854448694e+00 1.816670966704571200e+01 8.599131837340275031e-02 8.599131837340275031e-02 3.267601185279066234e-02
8.265000000000000000e+02 2.559494223126506313e+03 -4.547424724773537719e+01 -2.635208776932674857e-01 -4.547424724773537719e+01 -2.635208776932674857e-01 1.285650803196467074e+01 4.209631731768118112e-02 4.209631731768118112e-02 1.200826746799201483e-01
8.625000000000000000e+02 2.303517231338685178e+03 1.951513287180230805e+01 5.041939936981627568e-01 1.951513287180230805e+01 5.041939936981627568e-01 1.499820039999991472e+01 -1.870362162671569406e-01 -1.870362162671569406e-01 -2.326912013447989258e-01
8.985000000000000000e+02 1.982810592368103244e+03 5.352554780712941351e+01 1.406786990266736703e+00 5.352554780712941351e+01 1.406786990266736703e+00 2.409031322806608699e+01 5.449577069650036742e-01 5.449577069650034522e-01 -1.629510852942444576e-01
9.345000000000000000e+02 1.542795528207779853e+03 5.282020755638660603e+01 -1.259501018079865808e+00 5.282020755638660603e+01 -1.259501018079865808e+00 3.405646535516765994e+01 -2.694095544813572829e-01 -2.694095544813573384e-01 4.447962454966923329e-01
9.705000000000000000e+02 1.232004443751579856e+03 1.396400606917698184e+01 5.144044378365932868e-01 1.396400606917698184e+01 5.144044378365932868e-01 4.053204229175026541e+01 1.081908816548131924e-01 1.081908816548132479e-01 1.785692731463358607e-01
1.006500000000000000e+03 1.084600446092969833e+03 -3.255873959771962944e+01 -2.956157913171330698e+00 -3.255873959771962944e+01 -2.956157913171330698e+00 4.074461377721733157e+01 1.807348322757253711e-01 1.807348322757252879e-01 3.260969009829366438e-01
1.042500000000000000e+03 1.115634934951813193e+03 -6.886489502990610845e+01 -9.933208771202910459e-01 -6.886489502990610845e+01 -9.933208771202910459e-01 3.491761708068714398e+01 2.063426644583659653e-01 2.063426644583658542e-01 4.265040614733983659e-01
1.078500000000000000e+03 1.191572160344828490e+03 -7.599728928846292320e+01 -5.391936968222901250e-01 -7.599728928846292320e+01 -5.391936968222901250e-01 2.579754014849708454e+01 -1.423410268873109841e-01 -1.423410268873110396e-01 7.035093009745159442e-02
1.114500000000000000e+03 1.276507644210870694e+03 -5.783306814603973578e+01 8.709408136311617143e-01 -5.783306814603973578e+01 8.709408136311617143e-01 1.705092397967049322e+01 1.198207229262350515e-01 1.198207229262350515e-01 9.855364120544807260e-02
1.150500000000000000e+03 1.258704167048166255e+03 -2.888298948064300831e+01 1.143740999962321592e+00 -2.888298948064300831e+01 1.143740999962321592e+00 1.345436982174470941e+01 -1.280515883121372822e-01 -1.280515883121372822e-01 5.478378723903745869e-03
1.186500000000000000e+03 1.168108218955124585e+03 -4.627492073420894414e+00 2.678603500129125070e+00 -4.627492073420894414e+00 2.678603500129125070e+00 1.559128351979272864e+01 3.755076377283601552e-01 3.755076377283604327e-01 2.005106181392995734e-01
1.222500000000000000e+03 9.880874025618594487e+02 4.134376314345784564e+00 3.737689773345056921e+00 4.134376314345784564e+00 3.737689773345056921e+00 2.168093862279710393e+01 3.138337257631587662e-01 3.138337257631588217e-01 -2.859050169908191052e-01
1.258500000000000000e+03 8.623154457767969916e+02 -1.775762319636286168e+00 6.688268331710095493e-01 -1.775762319636286168e+00 6.688268331710095493e-01 2.748018113833741438e+01 -1.998861835193857794e-01 -1.998861835193857517e-01 2.346041310959396109e-01
1.294500000000000000e+03 7.807098712607304378e+02 -2.828078002609909092e+01 -4.355650361934347847e-01 -2.828078002609909092e+01 -4.355650361934347847e-01 3.045830103408154699e+01 -1.195535729994204321e-01 -1.195535729994204321e-01 -6.418480352204222195e-01
1.330500000000000000e+03 7.774830745198790964e+02 -5.228716606429080116e+01 3.173184747514200765e+00 -5.228716606429080116e+01 3.173184747514200765e+00 2.774062654847612919e+01 -1.845095960401266777e-01 -1.845095960401266499e-01 7.220978814595404582e-01
1.366500000000000000e+03 8.239358892050536269e+02 -5.979100907690187228e+01 4.217221427551131052e-01 -5.979100907690187228e+01 4.217221427551131052e-01 2.237886902925967902e+01 -1.625263440498038170e-01 -1.625263440498037892e-01 6.695058508679370135e-01
1.402500000000000000e+03 8.586146568330810851e+02 -5.403225459828630761e+01 -1.555140942274438665e+00 -5.403225459828630761e+01 -1.555140942274438665e+00 1.658641533810105884e+01 3.893140039336784319e-01 3.893140039336786540e-01 -5.706863166318215663e-01
1.438500000000000000e+03 8.669386276049551725e+02 -3.398457485375732290e+01 8.905274834819894014e-01 -3.398457485375732290e+01 8.905274834819894014e-01 1.238940076069193275e+01 -5.592330838545338523e-01 -5.592330838545339633e-01 5.413996677596555340e-01
1.474500000000000000e+03 8.003190985087817353e+02 -1.284013493291458552e+01 2.336562422024762498e+00 -1.284013493291458552e+01 2.336562422024762498e+00 1.082482076690943451e+01 -3.060201442802855665e-01 -3.060201442802853444e-01 -5.725189645130478455e-01
1.510500000000000000e+03 7.097123672127695500e+02 4.364188150136907862e-02 3.259971846226272785e-01 4.364188150136907862e-02 3.259971846226272785e-01 1.410174539589602460e+01 7.890709601930565031e-02 7.890709601930570583e-02 -2.760623708768867798e-02
1.546500000000000000e+03 6.102989286735380574e+02 5.906365340123601371e+00 -2.875305207385167039e-01 5.906365340123601371e+00 -2.875305207385167039e-01 1.728280773719364305e+01 6.065288496072138158e-02 6.065288496072138158e-02 -3.279103896259757400e-01
1.582500000000000000e+03 5.264221249278172081e+02 -8.677218107673652092e-01 3.150411776283098542e-01 -8.677218107673652092e-01 3.150411776283098542e-01 1.995509599434467773e+01 -9.386956253503031533e-02 -9.386956253503048186e-02 8.004577124186521009e-02
1.618500000000000000e+03 4.617921364945748905e+02 -1.361945437654296320e+01 -1.416357169666582205e+00 -1.361945437654296320e+01 -1.416357169666582205e+00 2.028490556157276004e+01 9.770423048241266839e-02 9.770423048241266839e-02 4.339718306893301791e-02
1.654500000000000000e+03 4.597474403749762359e+02 -2.478459737418845066e+01 1.015983252916698998e+00 -2.478459737418845066e+01 1.015983252916698998e+00 1.767086070321312619e+01 -3.651015085218119460e-01 -3.651015085218121126e-01 -1.224275325772865852e-01
1.690500000000000000e+03 4.609085501415198678e+02 -2.860526163733602800e+01 9.883077968586873041e-01 -2.860526163733602800e+01 9.883077968586873041e-01 1.420472077451504056e+01 -2.948977658069967811e-02 -2.948977658069978913e-02 -3.349979238763223233e-01
1.726500000000000000e+03 4.653354080789956129e+02 -2.645982464565861392e+01 -8.972751061515752413e-01 -2.645982464565861392e+01 -8.972751061515752413e-01 1.091776417547033162e+01 -9.909899581292117010e-02 -9.909899581292118398e-02 7.536749565565468156e-01
1.762500000000000000e+03 4.616395102255160623e+02 -1.871718183796676982e+01 4.316641867733412852e-01 -1.871718183796676982e+01 4.316641867733412852e-01 8.565738445554300640e+00 -4.213663770529864627e-01 -4.213663770529862962e-01 -3.296286608277375074e-01
1.798500000000000000e+03 4.422752000715406098e+02 -1.032471385800941022e+01 1.269702873948166832e+00 -1.032471385800941022e+01 1.269702873948166832e+00 7.271816704207581417e+00 2.930569224135209927e-01 2.930569224135209927e-01 1.013354215546851539e-01
1.834500000000000000e+03 3.926376460634634213e+02 -4.820310742328550724e+00 -1.997311918341126313e+00 -4.820310742328550724e+00 -1.997311918341126313e+00 8.742601050923479278e+00 5.478439237982258431e-02 5.478439237982260512e-02 1.964697948346899870e-01
1.870500000000000000e+03 3.625922548218079555e+02 -5.392843132896750546e+00 1.131800913565872868e+00 -5.392843132896750546e+00 1.131800913565872868e+00 9.580377255489123556e+00 -6.936313905762572229e-01 -6.936313905762573340e-01 1.171715670663705244e-01
1.906500000000000000e+03 3.304554632159932339e+02 -9.098703556723787500e+00 2.369598087470383696e+00 -9.098703556723787500e+00 2.369598087470383696e+00 1.190444711979338344e+01 3.644071006918436773e-02 3.644071006918425670e-02 -1.384108615766923567e-01
1.942500000000000000e+03 3.249261247133569555e+02 -1.524995606023956718e+01 -5.581101847572780272e-01 -1.524995606023956718e+01 -5.581101847572780272e-01 1.055182181583062651e+01 -1.465967143575143961e-01 -1.465967143575143683e-01 7.433658215093946753e-01
1.978500000000000000e+03 3.138841762104954682e+02 -1.776844338373118859e+01 -5.171772114940368370e-01 -1.776844338373118859e+01 -5.171772114940368370e-01 9.206388486061992893e+00 1.808711558250292173e-02 1.808711558250308826e-02 3.924151500950765481e-01
2.014500000000000000e+03 3.178768056944475688e+02 -1.702368238508926268e+01 1.024369652115959317e+00 -1.702368238508926268e+01 1.024369652115959317e+00 6.619439139345739243e+00 -6.949617490783701612e-01 -6.949617490783703833e-01 3.432716381765119618e-01
2.050500000000000000e+03 3.187109535211719162e+02 -1.284652902759533077e+01 5.171134364133889161e-01 -1.284652902759533077e+01 5.171134364133889161e-01 6.694807421332890307e+00 8.067631107171344684e-01 8.067631107171343574e-01 -1.788699965021229299e-01
2.086500000000000000e+03 3.015493291083887470e+02 -1.089702493148664786e+01 -1.259128249512621256e+00 -1.089702493148664786e+01 -1.259128249512621256e+00 4.583866012730454464e+00 2.202183657894698499e-01 2.202183657894698776e-01 8.354581822747504383e-01
2.122500000000000000e+03 2.854239991233925480e+02 -5.359277743362765634e+00 -2.207038879438606216e+00 -5.359277743362765634e+00 -2.207038879438606216e+00 4.992530153005328764e+00 -3.833847421455832682e-02 -3.833847421455832682e-02 -6.319194143983366541e-01
2.158500000000000000e+03 2.614445496729059073e+02 -4.228596378602439643e+00 -8.392653086038928123e-01 -4.228596378602439643e+00 -8.392653086038928123e-01 4.553422330952234809e+00 2.278062062080659089e-01 2.278062062080658257e-01 1.124255155574852116e+00
2.207000000000000000e+03 2.380212557384533056e+02 -2.592828812566266627e+00 -2.430094397284494057e-01 -2.592828812566266627e+00 -2.430094397284494057e-01 6.435173476266971448e+00 1.630158091655674601e-01 1.630158091655673491e-01 1.434152974731162988e+00
2.268000000000000000e+03 2.185791418117360365e+02 -6.427154341483639399e+00 -4.363843488759535094e-01 -6.427154341483639399e+00 -4.363843488759535094e-01 5.560314933624853850e+00 -6.830048043831579152e-01 -6.830048043831576932e-01 -3.138007965869289984e-01
2.329000000000000000e+03 2.229187700084816015e+02 -7.321400635782755018e+00 -5.065816806522949189e-01 -7.321400635782755018e+00 -5.065816806522949189e-01 6.313936376510661752e+00 -2.594830144087257318e-01 -2.594830144087258428e-01 6.975288655366264079e-01
2.390000000000000000e+03 2.150090742237748316e+02 -5.603894039791226689e+00 5.019168760730647882e-01 -5.603894039791226689e+00 5.019168760730647882e-01 2.126328968869398928e+00 -5.275166589529423078e-03 -5.275166589529339811e-03 5.226728821979920170e-01
2.451000000000000000e+03 2.009624915498426105e+02 -2.918405667499824219e+00 -7.621660472095947991e-01 -2.918405667499824219e+00 -7.621660472095947991e-01 2.266215344862501979e+00 1.447918660408535341e-01 1.447918660408535341e-01 -1.877042251343596924e-01
2.512000000000000000e+03 1.953250779333196192e+02 -2.777013968024341750e+00 4.763644071347422626e-01 -2.777013968024341750e+00 4.763644071347422626e-01 2.725805405318272978e+00 3.180289266530346159e-01 3.180289266530348380e-01 -7.069108197060218479e-02
2.573000000000000000e+03 1.880468608043325673e+02 -4.678822192432368965e+00 -1.356743822523604481e-01 -4.678822192432368965e+00 -1.356743822523604481e-01 3.697491820855272948e+00 4.979765242305710937e-01 4.979765242305713713e-01 -4.071049339083566698e-01
2.634000000000000000e+03 1.875052561095583314e+02 -4.222807312962207682e+00 6.674746370691518882e-01 -4.222807312962207682e+00 6.674746370691518882e-01 3.010360455377174560e+00 1.762160789827965368e-01 1.762160789827965646e-01 9.064202612222627131e-01
2.695000000000000000e+03 1.843485778570153286e+02 -3.403159479790140551e+00 -1.859335931722173041e-01 -3.403159479790140551e+00 -1.859335931722173041e-01 2.050208531280807378e+00 4.210489355705693271e-02 4.210489355705693271e-02 7.381302730727808126e-02
2.756000000000000000e+03 1.840168656691428453e+02 -1.971940617071920254e+00 -3.718376900817138564e-01 -1.971940617071920254e+00 -3.718376900817138564e-01 2.454675693930180813e+00 2.539981371961661516e-01 2.539981371961661516e-01 5.586990457924537745e-01
2.817000000000000000e+03 1.786482534157315456e+02 -1.288803597464555750e+00 5.366810863124202857e-01 -1.288803597464555750e+00 5.366810863124202857e-01 1.976633926017964837e+00 4.241322316616198962e-01 4.241322316616198407e-01 -8.588340375074955402e-01
2.878000000000000000e+03 1.775324361531398267e+02 -1.298977936219919638e+00 -3.372447691723590157e-02 -1.298977936219919638e+00 -3.372447691723590157e-02 1.134238335457595337e+00 3.045387718323085968e-01 3.045387718323085413e-01 8.783560351604942085e-01
2.939000000000000000e+03 1.744495839526236978e+02 -1.414761860127738746e+00 2.884416760065181551e-01 -1.414761860127738746e+00 2.884416760065181551e-01 7.347073169410848203e-01 5.703118180748505406e-01 5.703118180748507626e-01 1.290482169172118221e+00
3.000000000000000000e+03 1.832863952899512583e+02 -2.756237257703689547e+00 2.062952468360662817e+00 -2.756237257703689547e+00 2.062952468360662817e+00 1.466932071353581613e+00 3.061066709590958834e-01 3.061066709590958279e-01 3.049741049641794266e-01
3.061000000000000000e+03 1.814096560305165724e+02 -1.653962361033833428e+00 2.692272565420357200e-01 -1.653962361033833428e+00 2.692272565420357200e-01 -6.542218605373674167e-01 3.891669490022074962e-01 3.891669490022073852e-01 2.268432012484173366e-01
3.122000000000000000e+03 1.833180625378146544e+02 3.722811819612377171e-01 -2.943011065085205935e-01 3.722811819612377171e-01 -2.943011065085205935e-01 -7.074875728409689701e-01 4.525739302139794029e-01 4.525739302139794029e-01 -2.037558373321984639e+00
3.183000000000000000e+03 1.824245512210692652e+02 -3.677554241150344794e-01 -1.086368909185647103e-01 -3.677554241150344794e-01 -1.086368909185647103e-01 -8.280683754301543242e-01 4.209838691525197296e-02 4.209838691525208398e-02 1.100359744584876176e-01
3.244000000000000000e+03 1.891330171566741569e+02 -1.828724268298872246e+00 -4.942007098887404304e-01 -1.828724268298872246e+00 -4.942007098887404304e-01 -2.696528320692885838e-01 -1.630971595765702276e+00 -1.630971595765702942e+00 -1.080974712810595983e+00
3.305000000000000000e+03 1.910581025195135396e+02 -1.156081138909353268e+00 -7.428355559128783092e-01 -1.156081138909353268e+00 -7.428355559128783092e-01 1.685195699622330512e+00 2.342309699289037428e-01 2.342309699289037150e-01 -1.183588344221578437e+00
3.366000000000000000e+03 1.927238341970556235e+02 -3.635221595674384965e-01 6.528728054556101057e-01 -3.635221595674384965e-01 6.528728054556101057e-01 9.271511477023479664e-01 3.271719314000053891e-01 3.271719314000056111e-01 -1.241046191485895012e+00
3.447000000000000000e+03 1.964249758380351807e+02 -1.199604005001161378e+00 3.758503488164929296e-01 -1.199604005001161378e+00 3.758503488164929296e-01 -7.563524010121007723e-01 -8.699696157180653033e-01 -8.699696157180651923e-01 8.171591368150233903e-01
3.548000000000000000e+03 2.042321340642959058e+02 -5.296637080802392150e-01 2.122526599766643152e-01 -5.296637080802392150e-01 2.122526599766643152e-01 -1.461568562247776759e+00 -1.601836335656440236e+00 -1.601836335656440236e+00 2.008385664947152982e+00
3.649000000000000000e+03 2.096076741916835147e+02 -9.905783151474187864e-01 -3.858615513439250799e-01 -9.905783151474187864e-01 -3.858615513439250799e-01 6.904485433692164609e-01 2.510762967822436909e-01 2.510762967822435798e-01 -1.023302437894114902e+00
3.750000000000000000e+03 2.166665383658478845e+02 -1.286394194201406771e+00 -4.568300324635004017e-01 -1.286394194201406771e+00 -4.568300324635004017e-01 -1.149114095529605084e+00 3.524568783020205487e-01 3.524568783020205487e-01 -1.345157644836162847e+00
3.851000000000000000e+03 2.265216386378700122e+02 -1.840489277576955740e-01 1.661243178233150708e+00 -1.840489277576955740e-01 1.661243178233150708e+00 1.217296326625878500e+00 6.803913631786689953e-02 6.803913631786678851e-02 8.928695569437666846e-01
3.952000000000000000e+03 2.336345492786578006e+02 -5.341641096240726805e-01 -7.980769039112421970e-01 -5.341641096240726805e-01 -7.980769039112421970e-01 -1.246643456705374575e+00 -8.641862569778435699e-02 -8.641862569778407943e-02 -4.253072662047368557e-01
4.053000000000000000e+03 2.448258966311424274e+02 -2.675090526620257370e-01 1.504491152217596994e+00 -2.675090526620257370e-01 1.504491152217596994e+00 4.903570081868505737e-01 6.305842036137838669e-01 6.305842036137839779e-01 -1.444693562100020756e+00
4.154000000000000000e+03 2.508304582593126497e+02 1.168395295050938643e+00 -1.255846439443162765e+00 1.168395295050938643e+00 -1.255846439443162765e+00 -4.662277577069284806e-01 7.757399373522293473e-01 7.757399373522295694e-01 -4.059451105807908577e-01
4.255000000000000000e+03 2.607018386750670516e+02 2.368785835178975896e-01 -4.489427326771590065e-01 2.368785835178975896e-01 -4.489427326771590065e-01 9.247438264161502719e-01 1.046647026396396063e+00 1.046647026396396285e+00 8.435769860391468811e-01
4.356000000000000000e+03 2.708847106287900033e+02 -2.360651706864525246e-01 1.505336426667461591e+00 -2.360651706864525246e-01 1.505336426667461591e+00 -4.071245078910516457e-01 9.405889322431937316e-01 9.405889322431937316e-01 -1.473163905585010536e+00
4.457000000000000000e+03 2.808865312196608102e+02 -1.087907608987448427e-01 2.458505697236179621e-01 -1.087907608987448427e-01 2.458505697236179621e-01 8.381372262796945583e-01 -1.763583162116290626e-01 -1.763583162116291181e-01 3.300995270140083537e-01
4.558000000000000000e+03 2.908815446694344473e+02 -1.137706099751400801e+00 6.245266309364220225e-01 -1.137706099751400801e+00 6.245266309364220225e-01 9.816676617272249716e-01 -8.113696704014883299e-01 -8.113696704014879968e-01 -1.163925649444756516e+00
4.659000000000000000e+03 3.012825802812548091e+02 -1.009982063026828580e-01 -5.836355902322593048e-01 -1.009982063026828580e-01 -5.836355902322593048e-01 6.129355096265125535e-01 -1.178975581404202000e+00 -1.178975581404201334e+00 1.168421008708315778e+00
4.760000000000000000e+03 3.098368702360148177e+02 -4.545022791010094876e-01 2.210615002927743156e+00 -4.545022791010094876e-01 2.210615002927743156e+00 -1.430082648078296437e+00 -6.023474793139637073e-01 -6.023474793139640404e-01 1.228064930517396514e+00
4.861000000000000000e+03 3.207065237068388797e+02 -5.429358305189554423e-01 3.385695245280966326e-01 -5.429358305189554423e-01 3.385695245280966326e-01 -1.394831420820206135e-02 -1.773984449583130951e+00 -1.773984449583131173e+00 -2.899853864804433190e+00
4.962000000000000000e+03 3.327333273237931053e+02 -1.492555105223583034e+00 -1.502749423119810857e+00 -1.492555105223583034e+00 -1.502749423119810857e+00 1.100371225392939634e+00 -2.815403793599296489e-01 -2.815403793599298155e-01 5.457457635040559030e-01
5.063000000000000000e+03 3.413171431492345960e+02 5.674481336983597801e-01 1.694289932633885609e+00 5.674481336983597801e-01 1.694289932633885609e+00 9.775973799336643566e-01 1.990069599601083983e+00 1.990069599601082651e+00 -2.478482058919209141e+00
5.164000000000000000e+03 3.557419192627414759e+02 -3.649570897025189442e-01 -1.554095959263251059e+00 -3.649570897025189442e-01 -1.554095959263251059e+00 -2.691383219598755261e+00 6.285957642195950934e-02 6.285957642195957873e-02 2.567786705659596880e+00
5.265000000000000000e+03 3.649706972023453773e+02 1.581843465321724373e+00 -1.538439349800121203e+00 1.581843465321724373e+00 -1.538439349800121203e+00 1.766923435639950468e-01 -1.568609022338984582e+00 -1.568609022338983916e+00 1.461741366605616932e+00
5.366000000000000000e+03 3.775070308017419052e+02 2.786071468646736715e+00 3.266172242802882764e-01 2.786071468646736715e+00 3.266172242802882764e-01 2.411671392979844342e+00 9.687508525685986083e-01 9.687508525685986083e-01 1.824266373388435447e+00
5.467000000000000000e+03 3.893739388180243850e+02 -7.888770566047376143e-01 -4.224032719100263011e-01 -7.888770566047376143e-01 -4.224032719100263011e-01 -1.496747064950022299e+00 4.110486036201712601e-01 4.110486036201713711e-01 -6.461057640413031544e-01
5.568000000000000000e+03 3.974617217878150086e+02 -2.085411405035928034e+00 -1.162636454793039009e+00 -2.085411405035928034e+00 -1.162636454793039009e+00 -2.452095131262483907e+00 1.102566013378243559e+00 1.102566013378243781e+00 9.937833261700467213e-01
5.669000000000000000e+03 4.137537466572703693e+02 2.494834012996843153e+00 1.598907911511921576e+00 2.494834012996843153e+00 1.598907911511921576e+00 -2.061935225858200216e+00 -7.191002944746480718e-01 -7.191002944746485159e-01 -9.688479083827469251e-01
5.770000000000000000e+03 4.240780779884785829e+02 1.118709724186556009e+00 3.348489330302776290e-01 1.118709724186556009e+00 3.348489330302776290e-01 -4.759405543660371052e-01 -6.659427803844829574e-01 -6.659427803844832905e-01 -4.608048912833988986e+00
5.871000000000000000e+03 4.421588516843405046e+02 1.885086572485828782e+00 -1.300040844560572451e+00 1.885086572485828782e+00 -1.300040844560572451e+00 -3.052996419458407495e-01 -3.234741989951450680e+00 -3.234741989951450236e+00 -3.953652893194525841e+00
