# l Dl_TT Dl_TE Dl_TB Dl_ET Dl_BT Dl_EE Dl_EB Dl_BE Dl_BB
7.050000000000000000e+01 1.819117427578025627e+03 -6.822739646249335266e+00 1.931967320377197428e+00 -6.822739646249335266e+00 1.931967320377197428e+00 3.114513646870059049e-01 1.786719026936907373e-02 1.786719026936906679e-02 1.172948792684579047e-03
1.065000000000000000e+02 2.807636058802089792e+03 -2.644091863092629069e+01 8.698203274603639734e-01 -2.644091863092629069e+01 8.698203274603639734e-01 8.841303955335693132e-01 -5.156136884214288993e-03 -5.156136884214288993e-03 1.323123176959025218e-02
1.425000000000000000e+02 4.019339718603921028e+03 -4.317962573048572494e+01 1.159567944166150610e+00 -4.317962573048572494e+01 1.159567944166150610e+00 1.067675263605020630e+00 -6.708476829635615958e-03 -6.708476829635614223e-03 -8.978237701167155610e-03
1.785000000000000000e+02 4.991886693165105498e+03 -3.472651915053087635e+01 -1.389595221202077013e+00 -3.472651915053087635e+01 -1.389595221202077013e+00 8.095907370617498877e-01 -1.126403609687297996e-02 -1.126403609687297649e-02 5.894188792235586236e-04
2.145000000000000000e+02 5.745682376780513550e+03 4.974054688817629355e+00 1.256331033851031176e+00 4.974054688817629355e+00 1.256331033851031176e+00 8.188572989451041728e-01 3.736204037132950795e-02 3.736204037132952183e-02 3.158991600411441975e-02
2.505000000000000000e+02 5.502971123424580583e+03 6.597571191959173120e+01 3.733526935237474476e-02 6.597571191959173120e+01 3.733526935237474476e-02 2.609354697056764483e+00 2.404802964188669512e-02 2.404802964188670900e-02 5.097976058124926296e-02
2.865000000000000000e+02 4.527081541599656703e+03 1.081911945388357026e+02 -5.898369711994477793e-03 1.081911945388357026e+02 -5.898369711994477793e-03 6.902920537436607162e+00 -1.776370620874145531e-02 -1.776370620874144490e-02 1.268419509371845715e-02
3.225000000000000000e+02 3.331416548780284757e+03 1.156295329736049950e+02 -9.760201533336637647e-02 1.156295329736049950e+02 -9.760201533336637647e-02 1.340868640630910846e+01 -8.224491225727412896e-03 -8.224491225727412896e-03 2.889260294780629859e-02
3.585000000000000000e+02 2.330036790843186736e+03 7.819831524020960956e+01 6.665099507846580229e-01 7.819831524020960956e+01 6.665099507846580229e-01 1.889593462261882451e+01 2.594211538379994492e-02 2.594211538379994839e-02 5.432850284614437752e-02
3.945000000000000000e+02 1.791377213120340684e+03 1.042349038570537090e+01 -4.486844362301932732e-01 1.042349038570537090e+01 -4.486844362301932732e-01 2.120409842332079009e+01 2.764932435301750702e-03 2.764932435301757641e-03 8.062785893364828038e-02
4.305000000000000000e+02 1.786628621712414997e+03 -4.632346119289595521e+01 1.621566447653180754e-01 -4.632346119289595521e+01 1.621566447653180754e-01 1.889974557611575889e+01 1.844212537058121867e-02 1.844212537058121867e-02 5.688215777741299078e-02
4.665000000000000000e+02 2.120820738205035468e+03 -7.131444424223728618e+01 3.633198744251788792e-01 -7.131444424223728618e+01 3.633198744251788792e-01 1.360838304789143827e+01 1.315179749099850380e-02 1.315179749099849860e-02 8.130477274100791907e-02
5.025000000000000000e+02 2.455457595781570944e+03 -5.615455177233675954e+01 -1.268917320083047695e+00 -5.615455177233675954e+01 -1.268917320083047695e+00 8.312226642173055069e+00 2.992964743560067031e-02 2.992964743560066337e-02 6.625920272240376496e-02
5.385000000000000000e+02 2.615192555125431227e+03 -1.302977743591236504e+01 3.910124095917986153e-01 -1.302977743591236504e+01 3.910124095917986153e-01 7.463590099736586936e+00 1.755531920021155892e-02 1.755531920021154157e-02 6.286647232058237278e-02
5.745000000000000000e+02 2.389703093558083765e+03 2.237309391311872275e+01 5.363022845301447239e-01 2.237309391311872275e+01 5.363022845301447239e-01 1.273560253715570667e+01 -3.208424720937710223e-02 -3.208424720937710917e-02 7.734272334506113455e-02
6.105000000000000000e+02 2.129542953253208907e+03 2.635565678216793373e+01 1.129835400249820654e-01 2.635565678216793373e+01 1.129835400249820654e-01 2.273451195494000743e+01 -5.383407542376033444e-02 -5.383407542376031363e-02 7.065878527207208881e-02
6.465000000000000000e+02 1.876221568239206590e+03 -1.352448834295735303e+01 -1.125377201143252570e+00 -1.352448834295735303e+01 -1.125377201143252570e+00 3.276385632745615339e+01 -9.339122881002691334e-02 -9.339122881002691334e-02 9.476223166481706484e-02
6.825000000000000000e+02 1.818591875499459320e+03 -7.437346019689255172e+01 -7.927342608560195014e-01 -7.437346019689255172e+01 -7.927342608560195014e-01 3.770720375097041455e+01 2.823619597176611415e-02 2.823619597176611762e-02 7.423741893842676631e-02
7.185000000000000000e+02 1.964487948924489729e+03 -1.202140187080740645e+02 -3.450008710448710936e-01 -1.202140187080740645e+02 -3.450008710448710936e-01 3.568258704488897592e+01 2.083792349889017348e-02 2.083792349889014572e-02 6.671023675349442572e-02
7.545000000000000000e+02 2.264281204353987050e+03 -1.305273114156998417e+02 2.307940109480921542e-01 -1.305273114156998417e+02 2.307940109480921542e-01 2.670084263232668320e+01 -2.638341232670192785e-02 -2.638341232670193479e-02 5.912840806541035110e-02
7.905000000000000000e+02 2.487593947848283278e+03 -1.013363376928636512e+02 -3.534220532265974768e-01 -1.013363376928636512e+02 -3.534220532265974768e-01 1.749175412283673126e+01 6.635937405807583456e-03 6.635937405807597333e-03 1.170404364719574014e-01
8.265000000000000000e+02 2.526439180819867943e+03 -4.195406033974336424e+01 4.967137208242926594e-01 -4.195406033974336424e+01 4.967137208242926594e-01 1.286652782077218937e+01 1.082986037597842288e-01 1.082986037597842288e-01 1.183066681230680040e-01
8.625000000000000000e+02 2.286685851692810047e+03 2.180216442513883379e+01 8.527682520815377254e-02 2.180216442513883379e+01 8.527682520815377254e-02 1.507754969860276262e+01 5.272992857537661671e-02 5.272992857537663058e-02 1.513181608898079566e-01
8.985000000000000000e+02 1.950522996060468358e+03 5.542067498429565831e+01 -9.821012108335853696e-01 5.542067498429565831e+01 -9.821012108335853696e-01 2.387702304567521949e+01 -1.556134128713318743e-01 -1.556134128713318188e-01 6.669449604927939201e-02
9.345000000000000000e+02 1.514039099781037294e+03 5.291843537121043539e+01 -4.460369860316659718e-02 5.291843537121043539e+01 -4.460369860316659718e-02 3.370050956722795377e+01 -1.651759336504868628e-02 -1.651759336504870015e-02 1.210611842001499683e-01
9.705000000000000000e+02 1.204617667149747831e+03 1.511232627726402278e+01 3.185948939453561168e-01 1.511232627726402278e+01 3.185948939453561168e-01 4.108806847567004183e+01 -9.330975430281857053e-04 -9.330975430282065219e-04 1.804284982767873358e-01
1.006500000000000000e+03 1.055995161459814881e+03 -3.188005698014745803e+01 1.133270871147434022e-01 -3.188005698014745803e+01 1.133270871147434022e-01 4.086758998927125930e+01 -8.420993010892505182e-02 -8.420993010892502406e-02 7.791255645670205898e-02
1.042500000000000000e+03 1.095189732660559685e+03 -6.948302317455440402e+01 -2.666319580635851394e-01 -6.948302317455440402e+01 -2.666319580635851394e-01 3.500355606142034048e+01 -1.077835078856014539e-01 -1.077835078856014261e-01 9.700510229111529437e-02
1.078500000000000000e+03 1.166606916426553425e+03 -7.761656466230635942e+01 5.204162116249867465e-01 -7.761656466230635942e+01 5.204162116249867465e-01 2.552020546948058666e+01 -2.016173883536497013e-03 -2.016173883536503952e-03 7.188328511090650609e-03
1.114500000000000000e+03 1.234950409307589780e+03 -6.022287775595135884e+01 8.070473889410794133e-01 -6.022287775595135884e+01 8.070473889410794133e-01 1.696641099684295284e+01 5.304202114476370966e-02 5.304202114476372354e-02 1.685129585025104959e-01
1.150500000000000000e+03 1.216569648207744876e+03 -2.879795350821523314e+01 -1.392639823706212088e-01 -2.879795350821523314e+01 -1.392639823706212088e-01 1.353661121546906188e+01 1.391161712016844576e-02 1.391161712016844576e-02 3.058198773392466555e-02
1.186500000000000000e+03 1.122469528566684630e+03 -2.686798253425974892e+00 1.983207151511688360e-01 -2.686798253425974892e+00 1.983207151511688360e-01 1.547560156032725054e+01 -4.686387317442521766e-02 -4.686387317442523154e-02 -6.349102360052867600e-02
1.222500000000000000e+03 9.521488185166642779e+02 5.881702837407296158e+00 2.757780651501266500e-01 5.881702837407296158e+00 2.757780651501266500e-01 2.172795327641258822e+01 -7.277057265890189697e-02 -7.277057265890195248e-02 1.853855392163728799e-01
1.258500000000000000e+03 8.168727716082162260e+02 -3.772284769554241635e+00 -7.263677592184511478e-02 -3.772284769554241635e+00 -7.263677592184511478e-02 2.739822473167652461e+01 1.426671969962598208e-01 1.426671969962598485e-01 8.247915202534410184e-02
1.294500000000000000e+03 7.334299172649450611e+02 -3.033776800649590655e+01 -4.454749351566134052e-02 -3.033776800649590655e+01 -4.454749351566134052e-02 3.050835004865188793e+01 3.256952180319948320e-02 3.256952180319947626e-02 2.258651416848591886e-01
1.330500000000000000e+03 7.365068759682070549e+02 -5.060924850289112698e+01 -1.611667926057120948e-01 -5.060924850289112698e+01 -1.611667926057120948e-01 2.876158044975545991e+01 7.081128401521392945e-02 7.081128401521394333e-02 -5.368870821879054289e-02
1.366500000000000000e+03 7.791864446593134517e+02 -6.135828869516994644e+01 -7.049714936800224319e-01 -6.135828869516994644e+01 -7.049714936800224319e-01 2.297377600922796148e+01 -9.735853148922571365e-02 -9.735853148922571365e-02 -2.252157929673953909e-02
1.402500000000000000e+03 8.188570751063042508e+02 -5.469038600914635140e+01 -2.240867329954070453e-01 -5.469038600914635140e+01 -2.240867329954070453e-01 1.723745784206765919e+01 6.627899183493391085e-03 6.627899183493391085e-03 1.486699550007382076e-01
1.438500000000000000e+03 8.222948390654105424e+02 -3.469477130898327744e+01 -1.367338573752916453e-01 -3.469477130898327744e+01 -1.367338573752916453e-01 1.250821344997718931e+01 -1.550794141569560199e-02 -1.550794141569560025e-02 1.169885741709502797e-01
1.474500000000000000e+03 7.630640210065363362e+02 -1.194352778032148876e+01 -5.825746545350378724e-01 -1.194352778032148876e+01 -5.825746545350378724e-01 1.135394588167690699e+01 2.136771359382325097e-03 2.136771359382297342e-03 2.164709701633880934e-02
1.510500000000000000e+03 6.659604618192677208e+02 2.614978188827548067e+00 3.772106737853037628e-01 2.614978188827548067e+00 3.772106737853037628e-01 1.331247518538160612e+01 -4.038615529784628927e-02 -4.038615529784629621e-02 1.948029304640906956e-01
1.546500000000000000e+03 5.574179848138650186e+02 5.744255842924760103e+00 -2.600838491670133534e-02 5.744255842924760103e+00 -2.600838491670133534e-02 1.721998057833549822e+01 -5.510938654976289819e-02 -5.510938654976287043e-02 -2.502124370116487126e-02
1.582500000000000000e+03 4.649337454309153941e+02 -5.371474214105990130e-01 -3.124002152708933444e-01 -5.371474214105990130e-01 -3.124002152708933444e-01 1.988706909407529011e+01 1.279081825996212715e-02 1.279081825996212715e-02 1.967037476956757514e-01
1.618500000000000000e+03 4.070817717083144203e+02 -1.393069532241919717e+01 -1.297799437301183911e-01 -1.393069532241919717e+01 -1.297799437301183911e-01 2.040711453363561745e+01 2.029431531015306323e-02 2.029431531015307363e-02 -7.748065972400686174e-02
1.654500000000000000e+03 4.001775822528614412e+02 -2.632352498067023916e+01 -6.590125146804869105e-03 -2.632352498067023916e+01 -6.590125146804869105e-03 1.877525103310326315e+01 1.644964348954067457e-01 1.644964348954066624e-01 -1.587076504656504683e-01
1.690500000000000000e+03 3.977110966021720628e+02 -2.941663976929200430e+01 7.624446224311683118e-02 -2.941663976929200430e+01 7.624446224311683118e-02 1.485909498559547615e+01 -7.143325308526093931e-02 -7.143325308526095319e-02 6.104394092089037577e-02
1.726500000000000000e+03 4.042479849489607773e+02 -2.597968083474811252e+01 1.965301260162293784e-01 -2.597968083474811252e+01 1.965301260162293784e-01 1.086276441179325936e+01 -3.467180297738935157e-02 -3.467180297738932382e-02 2.195893884941408913e-01
1.762500000000000000e+03 3.963529664966898167e+02 -1.860906477441794493e+01 -3.373129572199992654e-01 -1.860906477441794493e+01 -3.373129572199992654e-01 8.576879131342170837e+00 -4.669536516931704906e-02 -4.669536516931706294e-02 -1.674744587233581994e-01
1.798500000000000000e+03 3.719444413240163954e+02 -1.028019214312195473e+01 6.655973478640366814e-01 -1.028019214312195473e+01 6.655973478640366814e-01 7.845135254164880223e+00 -8.154785363643338170e-02 -8.154785363643338170e-02 7.444652027591636134e-02
1.834500000000000000e+03 3.292764958633652554e+02 -5.359782058591717302e+00 -8.733695836159932613e-02 -5.359782058591717302e+00 -8.733695836159932613e-02 8.874247419113476809e+00 1.305077033689194810e-01 1.305077033689194255e-01 -4.404468922573457484e-02
1.870500000000000000e+03 2.912374892274463605e+02 -5.280972828470952507e+00 1.284937739794649592e-01 -5.280972828470952507e+00 1.284937739794649592e-01 1.002695340886593023e+01 1.807774688537973906e-01 1.807774688537974739e-01 -5.543782071612031459e-02
1.906500000000000000e+03 2.571638121291064749e+02 -9.586081349888862846e+00 -8.521108773449181939e-02 -9.586081349888862846e+00 -8.521108773449181939e-02 1.104573213068945847e+01 -5.507888507175845438e-02 -5.507888507175844051e-02 1.794931949345952571e-01
1.942500000000000000e+03 2.478005504901569793e+02 -1.413687333433556503e+01 -9.484552789771392989e-02 -1.413687333433556503e+01 -9.484552789771392989e-02 1.105477213195297992e+01 -2.823782987111744802e-02 -2.823782987111746190e-02 -5.201739457792033811e-02
1.978500000000000000e+03 2.413867796523015556e+02 -1.814532660171173006e+01 -5.491414268612275773e-01 -1.814532660171173006e+01 -5.491414268612275773e-01 9.278129220872882499e+00 -6.872285068111851081e-02 -6.872285068111848305e-02 1.801276778968512529e-02
2.014500000000000000e+03 2.420249125382054558e+02 -1.773723817932533464e+01 2.952831005969170364e-01 -1.773723817932533464e+01 2.952831005969170364e-01 7.965810361471842072e+00 1.827362214376699462e-03 1.827362214376694258e-03 -1.244095598152684667e-01
2.050500000000000000e+03 2.374212806671230283e+02 -1.385744524170604564e+01 5.608025281672540663e-02 -1.385744524170604564e+01 5.608025281672540663e-02 6.490260777202744080e+00 1.238877784827211240e-02 1.238877784827212974e-02 -7.265577510063543631e-02
2.086500000000000000e+03 2.230382289768404576e+02 -8.932995439526575154e+00 -5.676613804384628148e-01 -8.932995439526575154e+00 -5.676613804384628148e-01 5.179259202679615370e+00 5.372274347300240449e-02 5.372274347300240449e-02 6.156118309119722881e-02
2.122500000000000000e+03 2.039110667734699121e+02 -5.358021564959233096e+00 2.705855695716921638e-01 -5.358021564959233096e+00 2.705855695716921638e-01 4.886881293049574637e+00 1.424516526639886885e-02 1.424516526639887752e-02 -1.040552419004502627e-01
2.158500000000000000e+03 1.805672754121841876e+02 -3.412985200725758617e+00 -5.413355552513261504e-01 -3.412985200725758617e+00 -5.413355552513261504e-01 5.135486420920475581e+00 5.093160201569028878e-02 5.093160201569028184e-02 -1.604600687276700743e-01
2.207000000000000000e+03 1.531774165570851096e+02 -3.867248499814629703e+00 -3.015566618644231478e-01 -3.867248499814629703e+00 -3.015566618644231478e-01 5.864310280764258643e+00 -6.298695845014654071e-02 -6.298695845014652683e-02 -1.376357072675465920e-01
2.268000000000000000e+03 1.320582831777445847e+02 -6.753154571495356251e+00 -7.847701118212216387e-02 -6.753154571495356251e+00 -7.847701118212216387e-02 5.958744040192140545e+00 -4.413790332871588007e-02 -4.413790332871586619e-02 4.943081888423807302e-02
2.329000000000000000e+03 1.275238437425116160e+02 -8.049956897797919453e+00 -1.802904238228184575e-01 -8.049956897797919453e+00 -1.802904238228184575e-01 4.414391669308828092e+00 1.684189213606615554e-01 1.684189213606614999e-01 -1.689149048172166601e-01
2.390000000000000000e+03 1.188154144390167346e+02 -5.903934615375909800e+00 -1.160773742848116852e-01 -5.903934615375909800e+00 -1.160773742848116852e-01 3.391606116707516883e+00 1.170034194376157188e-02 1.170034194376156494e-02 4.001753409919110022e-02
2.451000000000000000e+03 1.054595254868492589e+02 -3.110282543640796149e+00 4.586623519503175289e-02 -3.110282543640796149e+00 4.586623519503175289e-02 2.692235935059511753e+00 7.894614524321727500e-02 7.894614524321730276e-02 1.038610957058975909e-01
2.512000000000000000e+03 9.183123916211451387e+01 -2.878520603158654989e+00 -1.504942528713001937e-01 -2.878520603158654989e+00 -1.504942528713001937e-01 2.859045413453201512e+00 -8.923903610940842057e-02 -8.923903610940842057e-02 9.706158816719277771e-02
2.573000000000000000e+03 8.209429337541409666e+01 -3.771285584095155130e+00 -1.246173228331167171e-01 -3.771285584095155130e+00 -1.246173228331167171e-01 2.741623671879593438e+00 -9.803915482654873559e-02 -9.803915482654874947e-02 1.584291196219563824e-01
2.634000000000000000e+03 7.840593154599206116e+01 -4.179852708547231899e+00 -8.032529473388196062e-02 -4.179852708547231899e+00 -8.032529473388196062e-02 2.404770725273314369e+00 -9.374537014529192580e-02 -9.374537014529191192e-02 -2.088968731074198615e-01
2.695000000000000000e+03 7.344454587144589652e+01 -3.260509193696357944e+00 1.860483125426591333e-01 -3.260509193696357944e+00 1.860483125426591333e-01 1.909765471329960773e+00 2.212694871786928183e-02 2.212694871786926795e-02 4.390844094020106975e-02
2.756000000000000000e+03 6.546625032394598520e+01 -2.007918780405388404e+00 -4.712476662569962949e-02 -2.007918780405388404e+00 -4.712476662569962949e-02 1.267607384619865218e+00 1.189592776484712511e-01 1.189592776484712788e-01 -3.655736865620933668e-02
2.817000000000000000e+03 5.791135301790383494e+01 -1.113753591749568894e+00 3.293947224114531780e-01 -1.113753591749568894e+00 3.293947224114531780e-01 1.727214147406326061e+00 -2.983018786741253869e-01 -2.983018786741253869e-01 -1.983971458851334635e-01
2.878000000000000000e+03 5.198450777433748016e+01 -1.911600929250355296e+00 9.322487038461280129e-03 -1.911600929250355296e+00 9.322487038461280129e-03 1.630671142038162102e+00 1.911206846218205802e-01 1.911206846218205802e-01 1.557868541896307579e-01
2.939000000000000000e+03 4.880876647011461245e+01 -1.589139427341502042e+00 -1.940981113440413963e-01 -1.589139427341502042e+00 -1.940981113440413963e-01 1.038031599515962577e+00 1.473843101831507907e-01 1.473843101831507352e-01 -5.361340757950185110e-02
3.000000000000000000e+03 4.662951492179117707e+01 -1.481029207819080984e+00 5.127893494272649927e-02 -1.481029207819080984e+00 5.127893494272649927e-02 9.610750647509109790e-01 2.768516102644222321e-02 2.768516102644223015e-02 1.704376118306311361e-01
3.061000000000000000e+03 4.385789248094726389e+01 -1.361236672898427535e+00 1.216970059394542475e-01 -1.361236672898427535e+00 1.216970059394542475e-01 8.813375250286558105e-01 -1.168027764497431981e-01 -1.168027764497432536e-01 -1.067733998043602500e-01
3.122000000000000000e+03 4.073412439247344707e+01 -9.621479921869424690e-01 -4.494812987198393284e-02 -9.621479921869424690e-01 -4.494812987198393284e-02 1.101115892720993861e+00 -6.630151581315871234e-04 -6.630151581315801845e-04 -8.847794914728103477e-02
3.183000000000000000e+03 3.859341836078451138e+01 -1.011340158696417912e+00 -3.705820035400292367e-03 -1.011340158696417912e+00 -3.705820035400292367e-03 4.857480179855077074e-01 2.542805506693386342e-01 2.542805506693386342e-01 1.330415738246095714e-01
3.244000000000000000e+03 3.728483777720465042e+01 -8.507776235454291847e-01 -8.635626246628747005e-02 -8.507776235454291847e-01 -8.635626246628747005e-02 4.638651915452862706e-01 4.541599993802161728e-02 4.541599993802153401e-02 -1.196571710127253968e-01
3.305000000000000000e+03 3.654493676407435032e+01 -9.287223705450817768e-01 4.232391059545723699e-01 -9.287223705450817768e-01 4.232391059545723699e-01 4.037980951919727945e-01 -1.745390442355975180e-01 -1.745390442355975180e-01 -2.014720117148866008e-01
3.366000000000000000e+03 3.426134547999134838e+01 -4.416871166271981730e-01 2.462272960940959377e-01 -4.416871166271981730e-01 2.462272960940959377e-01 2.759808833493406222e-01 1.579113950334140593e-01 1.579113950334140593e-01 1.426155412287637703e-01
3.447000000000000000e+03 3.282590421327066821e+01 -4.666326810563014016e-01 -1.254974769534622780e-01 -4.666326810563014016e-01 -1.254974769534622780e-01 1.063119516254910080e-01 5.298831125241607043e-02 5.298831125241609125e-02 1.609017389262164255e-01
3.548000000000000000e+03 3.242838445838552275e+01 -3.229528368035186059e-01 -2.129507893485637904e-01 -3.229528368035186059e-01 -2.129507893485637904e-01 1.412893930003190357e-01 -1.411491554280229488e-01 -1.411491554280229210e-01 2.493878210546857932e-01
3.649000000000000000e+03 3.122135923370478494e+01 -2.263137476839450768e-01 -9.368328908997411442e-02 -2.263137476839450768e-01 -9.368328908997411442e-02 1.397931756989880536e-01 -5.910663197114206235e-02 -5.910663197114199990e-02 2.944728848421986900e-01
3.750000000000000000e+03 3.065567753881094148e+01 -2.975541345471648391e-01 -1.213821763365139222e-01 -2.975541345471648391e-01 -1.213821763365139222e-01 -2.675592406209908458e-01 8.748579129270278587e-02 8.748579129270277199e-02 1.284027352006870126e-01
3.851000000000000000e+03 3.072635648258977881e+01 -3.843871225100138345e-01 1.946990585008729902e-01 -3.843871225100138345e-01 1.946990585008729902e-01 -1.221214399436321707e-01 1.060032608193135079e-01 1.060032608193134662e-01 8.232620029835686914e-02
3.952000000000000000e+03 3.092442642065750391e+01 -1.364319111452791389e-01 8.011628957941882567e-02 -1.364319111452791389e-01 8.011628957941882567e-02 -1.775699460442107525e-01 1.213079602778954352e-01 1.213079602778954491e-01 -4.671091967256301158e-01
4.053000000000000000e+03 3.121022717692418524e+01 8.813920828813243125e-03 2.521081774713399004e-01 8.813920828813243125e-03 2.521081774713399004e-01 6.281156381870302008e-01 -2.628077604444346016e-01 -2.628077604444346016e-01 -1.003941007310134650e-02
4.154000000000000000e+03 3.172905526222105621e+01 -3.175660320888989974e-01 -4.650321591735320781e-01 -3.175660320888989974e-01 -4.650321591735320781e-01 5.378299002062654488e-02 1.897856060116549504e-01 1.897856060116549504e-01 3.076548366267080614e-01
4.255000000000000000e+03 3.199423089704135847e+01 1.703022410165579148e-02 -1.746694664591303958e-01 1.703022410165579148e-02 -1.746694664591303958e-01 3.733078169804601165e-01 -1.673669931058245353e-01 -1.673669931058245908e-01 1.944668685055029808e-02
4.356000000000000000e+03 3.238415372627521549e+01 1.580295502318115886e-01 3.724909793342043307e-02 1.580295502318115886e-01 3.724909793342043307e-02 6.479102746152503034e-01 9.374419430749919568e-02 9.374419430749922344e-02 -4.654064077843542147e-01
4.457000000000000000e+03 3.336792393991303385e+01 -4.730827300894138165e-01 4.528640167678503470e-02 -4.730827300894138165e-01 4.528640167678503470e-02 -2.169843182919209967e-01 2.450613846744866542e-01 2.450613846744866264e-01 4.639754187343705372e-01
4.558000000000000000e+03 3.390655183173562648e+01 -7.045362132021427970e-02 2.869313863324446934e-01 -7.045362132021427970e-02 2.869313863324446934e-01 -6.448098052527524437e-01 -1.924549837784278461e-01 -1.924549837784278461e-01 5.905032296110745982e-02
4.659000000000000000e+03 3.505593560962559962e+01 -1.626235896556862404e-01 6.403022494881391857e-01 -1.626235896556862404e-01 6.403022494881391857e-01 4.330279384401917175e-01 3.106986143282162161e-01 3.106986143282162716e-01 -2.484943802483077224e-01
4.760000000000000000e+03 3.594181348922978003e+01 -2.279664365750952160e-01 -1.995183275568011283e-01 -2.279664365750952160e-01 -1.995183275568011283e-01 1.735088404981822430e-01 9.097850152940713253e-02 9.097850152940713253e-02 -1.716295395862639517e-01
4.861000000000000000e+03 3.682129132133511717e+01 -2.068124124737949487e-01 4.617061064682657645e-01 -2.068124124737949487e-01 4.617061064682657645e-01 7.643427329356825561e-01 4.141578351733959940e-01 4.141578351733957719e-01 -3.372915418811907040e-01
4.962000000000000000e+03 3.780953043705584093e+01 -1.017558259651414054e-01 8.115666324139014787e-02 -1.017558259651414054e-01 8.115666324139014787e-02 -4.131507098420043600e-01 1.980415421292567868e-01 1.980415421292566203e-01 4.281126361621006016e-01
5.063000000000000000e+03 3.886139261865042016e+01 1.885793894603315368e-01 1.927338070346375221e-01 1.885793894603315368e-01 1.927338070346375221e-01 -2.585566208091995555e-01 1.722794801748405435e-01 1.722794801748405991e-01 -9.351285888623566134e-01
5.164000000000000000e+03 3.931647527046456503e+01 3.598764622935123891e-01 5.285069122593109014e-01 3.598764622935123891e-01 5.285069122593109014e-01 -3.341083509766525905e-01 4.292407323707465583e-01 4.292407323707466138e-01 7.243884685425882042e-01
5.265000000000000000e+03 4.031949904615051850e+01 -1.165868934103775900e-01 -3.387244043196852017e-01 -1.165868934103775900e-01 -3.387244043196852017e-01 -1.005228548705281888e+00 4.800458424390714463e-01 4.800458424390713352e-01 -4.459474235717421076e-01
5.366000000000000000e+03 4.244825644729490222e+01 7.427275036880233439e-02 1.599852525323635088e-01 7.427275036880233439e-02 1.599852525323635088e-01 -2.790092294489129356e-03 -7.287731038464378974e-01 -7.287731038464378974e-01 4.888525697506745232e-02
5.467000000000000000e+03 4.317024534051012097e+01 3.398216650003299533e-02 -1.190848118876017270e-01 3.398216650003299533e-02 -1.190848118876017270e-01 7.266852760139715928e-01 -1.425773493293218119e-01 -1.425773493293218119e-01 3.874392631065361192e-02
5.568000000000000000e+03 4.433974640245987331e+01 3.067402259391454056e-01 8.670847916922516663e-02 3.067402259391454056e-01 8.670847916922516663e-02 5.397940002283422301e-01 -4.090195110052308181e-01 -4.090195110052308736e-01 4.530589153916490530e-01
5.669000000000000000e+03 4.505667682841153976e+01 6.971014189924193416e-02 6.448972662673844169e-01 6.971014189924193416e-02 6.448972662673844169e-01 3.590952297113637059e-01 4.133379779683319932e-01 4.133379779683317712e-01 7.015617504223023992e-01
5.770000000000000000e+03 4.705056517507397729e+01 -1.037670657919729511e-01 2.546352604349914062e-01 -1.037670657919729511e-01 2.546352604349914062e-01 4.002246956415177470e-01 -1.317541479731711318e+00 -1.317541479731711096e+00 5.977250103123533664e-01
5.871000000000000000e+03 4.814329323341198830e+01 -1.160419352633220491e+00 3.091599027927488530e-01 -1.160419352633220491e+00 3.091599027927488530e-01 -7.845301693171854995e-02 -6.439537127166551356e-01 -6.439537127166551356e-01 -1.494275126818259414e-01
