# l Dl_TT Dl_TE Dl_TB Dl_ET Dl_BT Dl_EE Dl_EB Dl_BE Dl_BB
7.050000000000000000e+01 1.755489093834618416e+03 -5.728347702450856005e+00 7.443325261783633184e-01 -5.728347702450856005e+00 7.443325261783633184e-01 3.705825431719574903e-01 -3.601098121850300482e-02 -3.601098121850300482e-02 -3.783023343358091900e-02
1.065000000000000000e+02 2.893347184827959154e+03 -2.792295561416177208e+01 -5.091780547192172879e-01 -2.792295561416177208e+01 -5.091780547192172879e-01 8.860570742813790313e-01 1.221226281254029697e-02 1.221226281254029003e-02 2.939128740950977276e-03
1.425000000000000000e+02 4.136397315974525554e+03 -4.308155247996920423e+01 2.624765368238762830e-01 -4.308155247996920423e+01 2.624765368238762830e-01 1.050162886224993652e+00 -2.696968526666579380e-02 -2.696968526666577992e-02 2.970059351789497426e-02
1.785000000000000000e+02 5.150461390478109024e+03 -3.586195376915382838e+01 1.449219554099293594e+00 -3.586195376915382838e+01 1.449219554099293594e+00 8.137458009936632264e-01 8.969145849672937459e-04 8.969145849672920112e-04 1.672494673886581584e-03
2.145000000000000000e+02 5.821092388756665059e+03 5.363762789319695301e+00 -1.408596504765351476e+00 5.363762789319695301e+00 -1.408596504765351476e+00 8.351475446733147567e-01 9.893452323027431689e-03 9.893452323027433423e-03 1.464924997032365957e-02
2.505000000000000000e+02 5.443180851836016700e+03 6.278421110334845423e+01 -1.006694034454814091e+00 6.278421110334845423e+01 -1.006694034454814091e+00 2.445915909621944273e+00 -2.147187877065549061e-02 -2.147187877065550102e-02 3.526656014228802399e-02
2.865000000000000000e+02 4.499983437839644466e+03 1.096347067943953562e+02 1.363389698714297049e+00 1.096347067943953562e+02 1.363389698714297049e+00 6.782810450485359688e+00 6.961818225282327688e-02 6.961818225282324912e-02 2.033841173403965960e-02
3.225000000000000000e+02 3.408859095138878274e+03 1.187852152296616879e+02 -6.060777034660714824e-01 1.187852152296616879e+02 -6.060777034660714824e-01 1.356165211040104346e+01 2.663321441022265326e-02 2.663321441022266367e-02 1.744523392964198718e-03
3.585000000000000000e+02 2.344579356140328855e+03 7.634743521554031531e+01 7.911916094249457077e-01 7.634743521554031531e+01 7.911916094249457077e-01 1.933461208661010389e+01 -5.506359333712245591e-02 -5.506359333712244897e-02 5.109377831667125114e-02
3.945000000000000000e+02 1.795743023979936424e+03 9.708151168984926471e+00 -1.031018760008258317e+00 9.708151168984926471e+00 -1.031018760008258317e+00 2.128829448106270306e+01 -3.034031788770385346e-02 -3.034031788770383264e-02 4.971919580101322872e-02
4.305000000000000000e+02 1.798758453735635157e+03 -5.158267874993606483e+01 -1.325450282428048687e-01 -5.158267874993606483e+01 -1.325450282428048687e-01 1.945036126667487508e+01 -1.230414082302620088e-02 -1.230414082302621476e-02 6.716622710236017091e-02
4.665000000000000000e+02 2.175758334597257999e+03 -7.369717556582020279e+01 -2.249881641164443447e-01 -7.369717556582020279e+01 -2.249881641164443447e-01 1.333944110010894590e+01 -1.716921743373425041e-02 -1.716921743373426429e-02 6.892763531428412749e-02
5.025000000000000000e+02 2.489687572236105098e+03 -5.841022077333714435e+01 -1.977593741467966182e-01 -5.841022077333714435e+01 -1.977593741467966182e-01 8.152511956850446495e+00 1.667395620403081674e-03 1.667395620403079939e-03 8.961630099499678925e-02
5.385000000000000000e+02 2.627595411941147631e+03 -1.183668180855124064e+01 2.203364073070263052e-02 -1.183668180855124064e+01 2.203364073070263052e-02 7.453503517632237951e+00 1.197837498491193670e-01 1.197837498491193670e-01 3.505828853810037671e-02
5.745000000000000000e+02 2.454162122376245406e+03 2.165543102698520528e+01 3.024167350322470860e-01 2.165543102698520528e+01 3.024167350322470860e-01 1.291198772046887200e+01 1.839345183567921496e-02 1.839345183567922884e-02 3.589907222948975074e-02
6.105000000000000000e+02 2.157702245867699730e+03 2.580047561019524238e+01 -1.315913815116533936e-01 2.580047561019524238e+01 -1.315913815116533936e-01 2.342635654949976853e+01 -8.946600945432343910e-02 -8.946600945432345298e-02 4.882681415085664278e-02
6.465000000000000000e+02 1.888216388968403180e+03 -1.245593415100044687e+01 -9.059915651498210432e-01 -1.245593415100044687e+01 -9.059915651498210432e-01 3.319196112980340274e+01 -1.855433133720865019e-02 -1.855433133720865713e-02 1.420617472372663614e-01
6.825000000000000000e+02 1.803672007088293867e+03 -7.003161228721933185e+01 5.057494184440067819e-01 -7.003161228721933185e+01 5.057494184440067819e-01 3.735108340298241103e+01 -2.744747281083154827e-02 -2.744747281083154133e-02 9.773700175942511004e-02
7.185000000000000000e+02 1.996655059466509101e+03 -1.197710827674900997e+02 -6.151415349576172531e-01 -1.197710827674900997e+02 -6.151415349576172531e-01 3.475766137667390865e+01 -1.019644402693572344e-01 -1.019644402693571927e-01 1.340099987888896393e-01
7.545000000000000000e+02 2.243672593020983186e+03 -1.313046820204979213e+02 5.522068415408203368e-01 -1.313046820204979213e+02 5.522068415408203368e-01 2.696491795655719770e+01 -2.991502111739755693e-02 -2.991502111739757774e-02 7.433591537587345977e-02
7.905000000000000000e+02 2.482498542800484302e+03 -1.050933533055777076e+02 8.723359685320821733e-01 -1.050933533055777076e+02 8.723359685320821733e-01 1.799537247012722929e+01 -3.551365062941382739e-02 -3.551365062941382045e-02 1.534530264485873541e-01
8.265000000000000000e+02 2.546137758151145135e+03 -4.495745790224765415e+01 1.030704097695336330e-01 -4.495745790224765415e+01 1.030704097695336330e-01 1.285075924067442443e+01 -7.107349763730597125e-02 -7.107349763730598513e-02 1.188311446366126928e-02
8.625000000000000000e+02 2.308420560056610157e+03 1.469436305090311912e+01 -2.600041656154873371e-01 1.469436305090311912e+01 -2.600041656154873371e-01 1.496433366891726813e+01 -2.442524569717108990e-02 -2.442524569717109684e-02 9.406834141176559361e-02
8.985000000000000000e+02 1.926650153946102591e+03 5.514516135835642530e+01 3.075164389480481986e-01 5.514516135835642530e+01 3.075164389480481986e-01 2.364704653958363068e+01 -9.382221189086811797e-02 -9.382221189086811797e-02 9.527842903140117115e-02
9.345000000000000000e+02 1.515693852395690556e+03 5.081970104566312330e+01 2.000232461614896984e-01 5.081970104566312330e+01 2.000232461614896984e-01 3.330263872567643091e+01 -6.969651724523534542e-02 -6.969651724523537317e-02 4.295725670555374659e-02
9.705000000000000000e+02 1.181317956612948819e+03 1.714347559481003458e+01 -3.047361235533569412e-01 1.714347559481003458e+01 -3.047361235533569412e-01 4.126324862502273305e+01 6.997299548664574764e-02 6.997299548664573376e-02 9.459273957140081068e-02
1.006500000000000000e+03 1.054001810823300502e+03 -3.311190340419526024e+01 -7.086733265389341119e-01 -3.311190340419526024e+01 -7.086733265389341119e-01 4.105480269981239871e+01 8.650342063662438963e-02 8.650342063662434799e-02 8.848367125355662000e-02
1.042500000000000000e+03 1.078966790310877514e+03 -6.936962164078650517e+01 -3.383388166179381873e-01 -6.936962164078650517e+01 -3.383388166179381873e-01 3.481977443305753184e+01 4.041793215534771055e-02 4.041793215534770362e-02 1.798901002821623185e-01
1.078500000000000000e+03 1.165879087787309800e+03 -7.645355946363117994e+01 8.417465789296526557e-01 -7.645355946363117994e+01 8.417465789296526557e-01 2.530813165311682411e+01 -4.246100294741695508e-02 -4.246100294741694814e-02 9.190882716168294331e-02
1.114500000000000000e+03 1.221222375741235737e+03 -5.948167679180483702e+01 -2.203250189544937454e-01 -5.948167679180483702e+01 -2.203250189544937454e-01 1.678482961084361946e+01 4.148831903860057679e-02 4.148831903860057679e-02 1.808232938854185679e-01
1.150500000000000000e+03 1.203457558954765091e+03 -2.880780667758796199e+01 3.935270852945846887e-01 -2.880780667758796199e+01 3.935270852945846887e-01 1.341003117636319963e+01 -2.574555221222779924e-02 -2.574555221222780618e-02 1.875573046509719788e-01
1.186500000000000000e+03 1.114059817319985314e+03 -2.030870229453697995e+00 -1.548741666850614318e-02 -2.030870229453697995e+00 -1.548741666850614318e-02 1.552271026186691394e+01 -1.888776085976751756e-02 -1.888776085976750369e-02 1.634147437276269321e-01
1.222500000000000000e+03 9.561593240035019790e+02 5.539819046391564861e+00 -7.315422955132213634e-01 5.539819046391564861e+00 -7.315422955132213634e-01 2.121279044086734089e+01 2.770316570321893629e-02 2.770316570321893976e-02 1.242011148190802633e-01
1.258500000000000000e+03 8.135150976124580211e+02 -5.668817898093484686e+00 6.855116999709373049e-01 -5.668817898093484686e+00 6.855116999709373049e-01 2.745771493871213664e+01 -1.269520179516441249e-01 -1.269520179516441249e-01 9.842721395809163332e-02
1.294500000000000000e+03 7.241025472095851683e+02 -2.731098575809615170e+01 -1.115106312490568019e-01 -2.731098575809615170e+01 -1.115106312490568019e-01 3.044614500310180816e+01 1.029702079080176691e-01 1.029702079080176552e-01 1.511803566379665564e-01
1.330500000000000000e+03 7.395331830527392185e+02 -5.177244644966524589e+01 -2.097276127849947991e-01 -5.177244644966524589e+01 -2.097276127849947991e-01 2.871117695191023955e+01 1.336230860774273166e-01 1.336230860774273721e-01 2.529467924727529793e-01
1.366500000000000000e+03 7.842717342150417608e+02 -6.004696353169927647e+01 -2.602675562447303581e-01 -6.004696353169927647e+01 -2.602675562447303581e-01 2.335919163444163971e+01 -6.982731345666848277e-02 -6.982731345666852441e-02 2.074041993934629124e-01
1.402500000000000000e+03 8.123149431774641016e+02 -5.121319449666869161e+01 6.994265288958309568e-02 -5.121319449666869161e+01 6.994265288958309568e-02 1.663194600799342382e+01 -6.677203175996873630e-02 -6.677203175996872242e-02 1.082970883375655585e-01
1.438500000000000000e+03 8.157681672907607435e+02 -3.577554944519658875e+01 4.335361406496052172e-01 -3.577554944519658875e+01 4.335361406496052172e-01 1.275243989323714899e+01 5.585605362790990736e-02 5.585605362790990736e-02 7.069920928604880861e-02
1.474500000000000000e+03 7.527117031620452963e+02 -1.228059351143873101e+01 -5.107364751966437799e-01 -1.228059351143873101e+01 -5.107364751966437799e-01 1.151657506183218160e+01 -4.692476182256716949e-02 -4.692476182256716255e-02 9.833565862333176755e-02
1.510500000000000000e+03 6.682989048435157429e+02 1.176951666037835631e+00 -3.601218041729549735e-01 1.176951666037835631e+00 -3.601218041729549735e-01 1.374061574949413433e+01 -1.101829525567067092e-01 -1.101829525567067092e-01 1.094793111020778142e-01
1.546500000000000000e+03 5.526174192770970421e+02 6.561047661659726415e+00 5.162343479377332622e-01 6.561047661659726415e+00 5.162343479377332622e-01 1.731507099917744696e+01 7.330490146949161789e-02 7.330490146949164565e-02 1.698544556035095632e-01
1.582500000000000000e+03 4.689448850944125411e+02 -1.541590730101514595e+00 6.170189460042538876e-01 -1.541590730101514595e+00 6.170189460042538876e-01 2.026264269411401742e+01 1.814142853005592526e-01 1.814142853005592804e-01 1.040786618643707584e-01
1.618500000000000000e+03 4.101256570956069822e+02 -1.404755300770090010e+01 1.125791072693538841e-01 -1.404755300770090010e+01 1.125791072693538841e-01 2.042641952624409285e+01 6.772509324991024537e-02 6.772509324991024537e-02 -7.771983627822984242e-02
1.654500000000000000e+03 3.985562390113634592e+02 -2.601415534333538204e+01 -1.108497496065704024e-01 -2.601415534333538204e+01 -1.108497496065704024e-01 1.848721916802369947e+01 5.487145334967991755e-02 5.487145334967988286e-02 2.450224236293452665e-02
1.690500000000000000e+03 4.011183689050204748e+02 -2.974364235351140451e+01 -1.395523343863787624e-01 -2.974364235351140451e+01 -1.395523343863787624e-01 1.489928747781406315e+01 1.759799212927227186e-01 1.759799212927227186e-01 1.222330350808705814e-02
1.726500000000000000e+03 4.031033169065246398e+02 -2.560394112060576433e+01 -2.507800601550657094e-01 -2.560394112060576433e+01 -2.507800601550657094e-01 1.101404871520755613e+01 6.523855048323318195e-02 6.523855048323316808e-02 1.258829478756806064e-01
1.762500000000000000e+03 3.976409779668064743e+02 -1.807992012890644418e+01 -2.835393894843611373e-01 -1.807992012890644418e+01 -2.835393894843611373e-01 8.582529818700493252e+00 -5.285618027416312537e-02 -5.285618027416315312e-02 3.011816164163676479e-01
1.798500000000000000e+03 3.698528114256864114e+02 -9.957710062342513879e+00 -1.409187721429417117e-01 -9.957710062342513879e+00 -1.409187721429417117e-01 7.920900128998974665e+00 -2.324496353977215102e-01 -2.324496353977215379e-01 -6.569491269386187882e-02
1.834500000000000000e+03 3.306577221041330290e+02 -5.293525727415669735e+00 1.974049062965099743e-01 -5.293525727415669735e+00 1.974049062965099743e-01 8.719191786657477294e+00 -1.018879423293568565e-02 -1.018879423293567871e-02 3.647836234883572448e-02
1.870500000000000000e+03 2.891143455363778685e+02 -5.891791146651492284e+00 -1.549357586683828281e-01 -5.891791146651492284e+00 -1.549357586683828281e-01 1.053617321817858965e+01 2.178485825502726736e-01 2.178485825502727291e-01 9.496996790616583917e-02
1.906500000000000000e+03 2.615151833945685667e+02 -9.334758099885227978e+00 4.820761312457927383e-01 -9.334758099885227978e+00 4.820761312457927383e-01 1.127134132777769615e+01 -9.149692490967674396e-02 -9.149692490967675784e-02 -6.539847034313624186e-02
1.942500000000000000e+03 2.458685562680350358e+02 -1.435068880946706393e+01 1.333153846018208522e-01 -1.435068880946706393e+01 1.333153846018208522e-01 1.089575601294199636e+01 -1.392554113231208590e-01 -1.392554113231208590e-01 9.496731457623887318e-02
1.978500000000000000e+03 2.405675092470575862e+02 -1.806382510113428452e+01 2.288090358925643220e-01 -1.806382510113428452e+01 2.288090358925643220e-01 9.468481640788464659e+00 2.177622992748606823e-02 2.177622992748606129e-02 -4.559863769683001472e-02
2.014500000000000000e+03 2.427979604612710034e+02 -1.743151345263388663e+01 9.746248255454792453e-02 -1.743151345263388663e+01 9.746248255454792453e-02 7.663876849284734227e+00 -3.473575290378667912e-02 -3.473575290378666525e-02 5.003563285118681897e-02
2.050500000000000000e+03 2.385820625364221712e+02 -1.383515715326164752e+01 -1.156395302764654798e-01 -1.383515715326164752e+01 -1.156395302764654798e-01 6.368987935522151034e+00 1.331416816880237435e-02 1.331416816880236914e-02 -1.606664615618797753e-01
2.086500000000000000e+03 2.292151324015252385e+02 -9.718645087129740290e+00 -4.052406695158017880e-01 -9.718645087129740290e+00 -4.052406695158017880e-01 5.152264837428235822e+00 -9.376732281289150428e-02 -9.376732281289149040e-02 3.570687660702387412e-02
2.122500000000000000e+03 2.046099599985104192e+02 -5.247318402641109714e+00 1.217866317353584887e-01 -5.247318402641109714e+00 1.217866317353584887e-01 5.051349319529421678e+00 4.515477230201278558e-02 4.515477230201279946e-02 2.463732926744566787e-01
2.158500000000000000e+03 1.814022682832678868e+02 -3.285358783578354203e+00 -2.946461613843429084e-01 -3.285358783578354203e+00 -2.946461613843429084e-01 5.121397792005878635e+00 -4.186985818897053652e-02 -4.186985818897050876e-02 1.252087075429271223e-01
2.207000000000000000e+03 1.520677335044470340e+02 -3.390938441270791692e+00 -1.175388751034696366e-02 -3.390938441270791692e+00 -1.175388751034696366e-02 5.981538461850269606e+00 -9.286885448324469494e-03 -9.286885448324469494e-03 -3.965162072202433469e-02
2.268000000000000000e+03 1.323945453775906458e+02 -6.734694520170496190e+00 4.753084951603891439e-01 -6.734694520170496190e+00 4.753084951603891439e-01 5.675215843739508159e+00 -3.836795529958690609e-02 -3.836795529958691997e-02 3.242545718290270607e-01
2.329000000000000000e+03 1.264745664332785111e+02 -7.930724866125380856e+00 1.365206972002203367e-01 -7.930724866125380856e+00 1.365206972002203367e-01 4.499639917045861637e+00 -1.482578984893671570e-01 -1.482578984893671292e-01 -8.498016896785295926e-02
2.390000000000000000e+03 1.192034220919515519e+02 -6.177498574264348008e+00 -1.810640212533912163e-01 -6.177498574264348008e+00 -1.810640212533912163e-01 3.102068545488851026e+00 -4.581286269602492800e-02 -4.581286269602492800e-02 8.069490406090204515e-02
2.451000000000000000e+03 1.055727301187203437e+02 -3.868454433671175252e+00 4.673251014723296404e-01 -3.868454433671175252e+00 4.673251014723296404e-01 2.837608245041423061e+00 -3.150117879481428851e-02 -3.150117879481428851e-02 1.239175285175753150e-02
2.512000000000000000e+03 9.176663385333351641e+01 -2.729905583084850207e+00 7.997041745471439311e-02 -2.729905583084850207e+00 7.997041745471439311e-02 2.848797881233573026e+00 -4.006387601816337879e-02 -4.006387601816335797e-02 -2.038030327006688236e-01
2.573000000000000000e+03 8.226696100147000834e+01 -3.960025636613876188e+00 -3.811077905027313584e-01 -3.960025636613876188e+00 -3.811077905027313584e-01 2.873003798261096975e+00 3.268435672946148202e-02 3.268435672946147508e-02 1.781016619802543721e-01
2.634000000000000000e+03 7.803519509531437848e+01 -4.400697942378777761e+00 7.798705331074415326e-02 -4.400697942378777761e+00 7.798705331074415326e-02 2.232731431339574080e+00 -7.256930320851118221e-03 -7.256930320851125160e-03 1.072610180145733109e-02
2.695000000000000000e+03 7.346186103864673100e+01 -3.272922829058332095e+00 -5.944560465964690565e-02 -3.272922829058332095e+00 -5.944560465964690565e-02 1.659664506321140598e+00 -4.826182153097857697e-02 -4.826182153097853533e-02 -2.351619310786512151e-01
2.756000000000000000e+03 6.610252465991086979e+01 -1.996839368611019960e+00 1.254229858990401625e-01 -1.996839368611019960e+00 1.254229858990401625e-01 1.530555520961708327e+00 -1.362527910476002413e-03 -1.362527910475974657e-03 4.978412692427459235e-02
2.817000000000000000e+03 5.766652607718439327e+01 -1.630464476499259519e+00 -1.020816444760085095e-01 -1.630464476499259519e+00 -1.020816444760085095e-01 1.540348232311743892e+00 -8.616365057218333678e-02 -8.616365057218332291e-02 -5.850803816485206088e-02
2.878000000000000000e+03 5.199317546514882338e+01 -1.426486963487424875e+00 -2.393386833788477830e-01 -1.426486963487424875e+00 -2.393386833788477830e-01 1.690481830112140926e+00 2.894006829333763409e-01 2.894006829333762854e-01 -3.554973420544522283e-04
2.939000000000000000e+03 4.928567268762062525e+01 -1.671550596335048322e+00 -1.092972727443975445e-01 -1.671550596335048322e+00 -1.092972727443975445e-01 1.383521149251164983e+00 -1.123516224776922867e-02 -1.123516224776922520e-02 1.422550446690785675e-01
3.000000000000000000e+03 4.604391670865589958e+01 -1.678093005874085275e+00 -2.149918863837294025e-01 -1.678093005874085275e+00 -2.149918863837294025e-01 1.060281505461168283e+00 7.648139417399921203e-02 7.648139417399915652e-02 -2.741302625780197566e-01
3.061000000000000000e+03 4.404190181320799269e+01 -1.350854860456607520e+00 2.154129420128522709e-01 -1.350854860456607520e+00 2.154129420128522709e-01 7.238683602865634281e-01 -5.610983984698125759e-02 -5.610983984698131311e-02 2.072222444256404672e-01
3.122000000000000000e+03 4.133701008250923081e+01 -8.639944248419862971e-01 -1.184153256659391529e-01 -8.639944248419862971e-01 -1.184153256659391529e-01 7.835024785428431615e-01 -4.789803506513443804e-02 -4.789803506513443110e-02 2.167266276492926524e-01
3.183000000000000000e+03 3.893359498403452790e+01 -1.333371437856904818e+00 -2.671715171008380851e-01 -1.333371437856904818e+00 -2.671715171008380851e-01 1.026206758637751904e+00 -6.830001264802149086e-02 -6.830001264802146310e-02 -3.047147820807169976e-05
3.244000000000000000e+03 3.718830943595312988e+01 -8.719977371818765643e-01 5.688292429140866524e-01 -8.719977371818765643e-01 5.688292429140866524e-01 3.051742355201789159e-01 -3.317973948036905263e-01 -3.317973948036904708e-01 1.802355489720816606e-02
3.305000000000000000e+03 3.603079467569958894e+01 -9.954815629807497457e-01 -9.605267510170734102e-02 -9.954815629807497457e-01 -9.605267510170734102e-02 6.321229819997211674e-01 -2.350694082890912029e-01 -2.350694082890912862e-01 4.301589069510626528e-02
3.366000000000000000e+03 3.465429673846880831e+01 -4.463628624009965407e-01 -1.865812501931390921e-01 -4.463628624009965407e-01 -1.865812501931390921e-01 3.241846299342756033e-01 -6.184991359707725511e-02 -6.184991359707725511e-02 3.221735674715665576e-01
3.447000000000000000e+03 3.301913660248420257e+01 -6.083165034562527662e-01 -3.960816726774535335e-02 -6.083165034562527662e-01 -3.960816726774535335e-02 1.574797648401034603e-02 -5.643027020539218008e-03 -5.643027020539211069e-03 -1.711291032380723443e-01
3.548000000000000000e+03 3.172010372286675306e+01 -4.738012331263022903e-01 1.457952665291121497e-01 -4.738012331263022903e-01 1.457952665291121497e-01 2.016190003780722606e-01 1.208287223009658490e-01 1.208287223009657380e-01 -8.411740961770326763e-02
3.649000000000000000e+03 3.115665599348883674e+01 -3.642878702551449743e-01 -3.574930675352376575e-02 -3.642878702551449743e-01 -3.574930675352376575e-02 2.105468891669819431e-01 1.343291023244541638e-01 1.343291023244541360e-01 -4.371240432317521352e-01
3.750000000000000000e+03 3.107901067571565434e+01 -4.360831330443093456e-01 -5.631851624139347368e-02 -4.360831330443093456e-01 -5.631851624139347368e-02 7.334488443227269450e-01 -1.082644140056443216e-01 -1.082644140056443216e-01 8.172544135858679504e-02
3.851000000000000000e+03 3.072815768402220016e+01 -3.405017004395762270e-01 4.238567265434839415e-02 -3.405017004395762270e-01 4.238567265434839415e-02 3.519339357942336682e-02 -1.640255418838210966e-01 -1.640255418838211243e-01 -2.520545174868070795e-02
3.952000000000000000e+03 3.060428061279133516e+01 -2.849766850029876730e-01 4.374023311057359531e-02 -2.849766850029876730e-01 4.374023311057359531e-02 2.916009916494231025e-01 -4.479800049600753120e-02 -4.479800049600754508e-02 4.755433502017299141e-03
4.053000000000000000e+03 3.062380864799485281e+01 -2.576396880293969627e-01 7.424357306209468377e-02 -2.576396880293969627e-01 7.424357306209468377e-02 2.294333173244194612e-01 -3.415572690057130378e-01 -3.415572690057130378e-01 -1.438487105977786229e-01
4.154000000000000000e+03 3.157419846817379039e+01 1.239590403978200472e-01 1.235342511491929057e-01 1.239590403978200472e-01 1.235342511491929057e-01 -1.673631804435200821e-01 -4.217911881081629621e-01 -4.217911881081632397e-01 -3.687575730918306316e-02
4.255000000000000000e+03 3.162653316294791495e+01 3.148257299456085068e-02 -2.459110647495228452e-01 3.148257299456085068e-02 -2.459110647495228452e-01 9.826528278550014650e-02 3.603249942808537387e-01 3.603249942808538497e-01 2.701189138650386679e-01
4.356000000000000000e+03 3.216774924404189306e+01 -4.603806908853266822e-01 1.368621341964023908e-01 -4.603806908853266822e-01 1.368621341964023908e-01 -8.475921516573804715e-02 1.334118933795556128e-01 1.334118933795556683e-01 6.275531599723115361e-01
4.457000000000000000e+03 3.285612061139377715e+01 1.099958273024738559e-01 9.808758197662333089e-02 1.099958273024738559e-01 9.808758197662333089e-02 1.022967673783117121e-02 4.245308284704437662e-01 4.245308284704435442e-01 -1.527934759800959053e-01
4.558000000000000000e+03 3.386512302579582467e+01 -2.051606361782901955e-01 -7.201457184477136342e-03 -2.051606361782901955e-01 -7.201457184477136342e-03 -7.467588285789915348e-02 8.734330395238697198e-02 8.734330395238695810e-02 6.557996153094653672e-04
4.659000000000000000e+03 3.447529608045404359e+01 5.514922182351664204e-02 -2.204203804014739920e-01 5.514922182351664204e-02 -2.204203804014739920e-01 -3.427026418187576612e-02 -3.025815348538745120e-01 -3.025815348538745675e-01 -6.264334166293179518e-01
4.760000000000000000e+03 3.574678507071124756e+01 -6.800524589156753397e-03 2.296176727484608160e-01 -6.800524589156753397e-03 2.296176727484608160e-01 4.846125668834200262e-01 -5.565110969226744198e-02 -5.565110969226746973e-02 5.209935658274152948e-01
4.861000000000000000e+03 3.684772327085800470e+01 5.014282579753084335e-01 1.062613949337332386e-01 5.014282579753084335e-01 1.062613949337332386e-01 4.680881220559655609e-01 2.883725570163678809e-01 2.883725570163677698e-01 -1.058927855946965035e-01
4.962000000000000000e+03 3.809583289555381214e+01 1.136812334000797953e-01 -3.100035256292712482e-01 1.136812334000797953e-01 -3.100035256292712482e-01 5.386135617824596711e-01 3.324700030791304939e-01 3.324700030791306049e-01 3.062531726856028147e-01
5.063000000000000000e+03 3.851437130974100143e+01 -8.971143700225045481e-02 8.987222518573254049e-02 -8.971143700225045481e-02 8.987222518573254049e-02 -6.866600385263699202e-01 -2.299635516612160702e-01 -2.299635516612161257e-01 1.042428187465614942e-01
5.164000000000000000e+03 3.931290436507426023e+01 -1.093986061571926571e-01 1.860838632160813355e-01 -1.093986061571926571e-01 1.860838632160813355e-01 -6.367303548202102315e-01 4.238287523473844853e-01 4.238287523473843188e-01 8.028184871328225558e-01
5.265000000000000000e+03 4.061253431505470246e+01 2.041354569831164423e-01 1.305804827577346228e-02 2.041354569831164423e-01 1.305804827577346228e-02 6.307026442579337644e-01 7.150265392401993214e-01 7.150265392401993214e-01 5.324853326578125046e-01
5.366000000000000000e+03 4.138288916028446351e+01 6.946723312982713838e-02 -5.564677870003742477e-01 6.946723312982713838e-02 -5.564677870003742477e-01 6.522335771792847625e-01 -3.372515554272630944e-01 -3.372515554272632610e-01 -1.466905734608450862e+00
5.467000000000000000e+03 4.296290076285955450e+01 3.047119130637337969e-01 -1.078945879863281443e-01 3.047119130637337969e-01 -1.078945879863281443e-01 2.955214174253458226e-01 1.338629721249542381e-01 1.338629721249539606e-01 6.699217600316813570e-01
5.568000000000000000e+03 4.421930469861207058e+01 1.939130228375506582e-01 -4.652182672240179340e-02 1.939130228375506582e-01 -4.652182672240179340e-02 6.804128840059318062e-01 1.844192050591128562e-01 1.844192050591128285e-01 -2.982379285433538474e-01
5.669000000000000000e+03 4.483477309884257522e+01 -5.555362468245088614e-01 -9.280014606260711396e-01 -5.555362468245088614e-01 -9.280014606260711396e-01 -1.256662110642681185e-01 -1.578031100081201399e-01 -1.578031100081202509e-01 9.992736593256819067e-01
5.770000000000000000e+03 4.618898631167068913e+01 5.804135232295359881e-01 -5.240452286133980841e-01 5.804135232295359881e-01 -5.240452286133980841e-01 -4.737233418727290757e-02 3.259505264596104235e-01 3.259505264596102569e-01 1.239054133487742293e+00
5.871000000000000000e+03 4.983508742312925222e+01 5.049278428700814114e-01 9.030165588261263032e-02 5.049278428700814114e-01 9.030165588261263032e-02 6.220970451244158816e-01 7.739369087851037943e-01 7.739369087851040163e-01 1.544461353718612706e+00
