# l Dl_TT Dl_TE Dl_TB Dl_ET Dl_BT Dl_EE Dl_EB Dl_BE Dl_BB
7.050000000000000000e+01 1.884342093479036976e+03 -4.998032073719789636e+00 -1.580717476713471847e-01 -4.998032073719789636e+00 -1.580717476713471847e-01 3.115531389987945543e-01 7.660863777428159570e-03 7.660863777428152631e-03 4.798454447109029228e-03
1.065000000000000000e+02 2.947756754594666745e+03 -2.860198908335796020e+01 -4.517039824282272908e-01 -2.860198908335796020e+01 -4.517039824282272908e-01 8.659018544157542907e-01 4.085716594384349032e-02 4.085716594384349032e-02 1.650496949515740941e-02
1.425000000000000000e+02 4.068951531557572252e+03 -4.284559854667426038e+01 -1.250206804329824894e+00 -4.284559854667426038e+01 -1.250206804329824894e+00 1.116683305976337470e+00 1.640501329906318001e-02 1.640501329906317654e-02 1.171851599593513003e-02
1.785000000000000000e+02 5.233284892628228590e+03 -3.518397715443251883e+01 -6.585523690195056457e-01 -3.518397715443251883e+01 -6.585523690195056457e-01 7.910280535218038311e-01 -3.439773107135243174e-02 -3.439773107135243868e-02 -8.464312400799317224e-03
2.145000000000000000e+02 5.798243771131598805e+03 5.913681240059956323e+00 -1.169558960154588823e+00 5.913681240059956323e+00 -1.169558960154588823e+00 8.240657023185211649e-01 2.272324153783705086e-02 2.272324153783705780e-02 1.610109814699389047e-02
2.505000000000000000e+02 5.409364527745782652e+03 6.527882001815666513e+01 -8.892048492799663195e-02 6.527882001815666513e+01 -8.892048492799663195e-02 2.592555085039301765e+00 5.397886702214888671e-02 5.397886702214892835e-02 6.630915363224467243e-03
2.865000000000000000e+02 4.525457140448478640e+03 1.086867385347511856e+02 -4.510086224870130112e-01 1.086867385347511856e+02 -4.510086224870130112e-01 6.733842798685146569e+00 -4.861658131610140793e-02 -4.861658131610140099e-02 4.769650153584856916e-02
3.225000000000000000e+02 3.319731909299572180e+03 1.137272372182315792e+02 9.353176640235313366e-01 1.137272372182315792e+02 9.353176640235313366e-01 1.310635496499572561e+01 -1.735567915582808193e-02 -1.735567915582809234e-02 2.086917143400809568e-02
3.585000000000000000e+02 2.268524274812464228e+03 7.634890797612465008e+01 -2.323284706179090386e-01 7.634890797612465008e+01 -2.323284706179090386e-01 1.937027943146460274e+01 2.008632352556479622e-02 2.008632352556479969e-02 5.014728235488516428e-02
3.945000000000000000e+02 1.815664115980490578e+03 9.887191092718992991e+00 -2.623735513868782343e-01 9.887191092718992991e+00 -2.623735513868782343e-01 2.155925570954816095e+01 -6.597203221744402102e-02 -6.597203221744403490e-02 3.328237327449336952e-02
4.305000000000000000e+02 1.783329830468188675e+03 -4.821722857764167713e+01 -1.294406307120432031e-01 -4.821722857764167713e+01 -1.294406307120432031e-01 1.904206002820878751e+01 1.069723858364109506e-02 1.069723858364109853e-02 1.468344714126631687e-02
4.665000000000000000e+02 2.121746659145596368e+03 -7.073307387803515667e+01 -6.771730489427593702e-02 -7.073307387803515667e+01 -6.771730489427593702e-02 1.345183394993111747e+01 -2.066893607834341742e-02 -2.066893607834341742e-02 4.129083601221746058e-02
5.025000000000000000e+02 2.455819484721944718e+03 -5.472488344692197160e+01 -9.909162310717392619e-02 -5.472488344692197160e+01 -9.909162310717392619e-02 7.958606781667382002e+00 2.041153602749951057e-02 2.041153602749951751e-02 8.244848902586147943e-02
5.385000000000000000e+02 2.561678463802166789e+03 -1.383036958594525423e+01 -3.898594144177709997e-01 -1.383036958594525423e+01 -3.898594144177709997e-01 7.374448084065353903e+00 4.045466030459864137e-02 4.045466030459863443e-02 -1.217903434681053866e-02
5.745000000000000000e+02 2.432032046486561740e+03 2.096266949715984396e+01 -1.666626513830563594e-01 2.096266949715984396e+01 -1.666626513830563594e-01 1.296230900079770798e+01 -3.579273852014859536e-02 -3.579273852014860924e-02 6.232063972478492364e-02
6.105000000000000000e+02 2.101722469305397226e+03 2.583931904413212877e+01 -4.686267542603377301e-01 2.583931904413212877e+01 -4.686267542603377301e-01 2.262363780551710590e+01 -5.359701947685057560e-02 -5.359701947685055479e-02 5.615137447416817390e-02
6.465000000000000000e+02 1.903418683385173381e+03 -1.166405858818019325e+01 8.244175786137515338e-01 -1.166405858818019325e+01 8.244175786137515338e-01 3.300394615846463608e+01 3.885934421151259616e-02 3.885934421151258922e-02 6.936678287413487742e-02
6.825000000000000000e+02 1.835356531605133569e+03 -6.808493256557693485e+01 -2.487218229505958056e-02 -6.808493256557693485e+01 -2.487218229505958056e-02 3.737864609775132863e+01 1.499850214880435739e-01 1.499850214880436017e-01 6.882634422088300397e-02
7.185000000000000000e+02 1.997527709618869494e+03 -1.157887123676419208e+02 -3.875125942469591633e-01 -1.157887123676419208e+02 -3.875125942469591633e-01 3.463648798485112223e+01 -6.137494295591941484e-02 -6.137494295591938709e-02 1.392013200558169517e-01
7.545000000000000000e+02 2.258187284329557315e+03 -1.332774587704001590e+02 -4.576023018490561478e-01 -1.332774587704001590e+02 -4.576023018490561478e-01 2.702921722461865528e+01 -5.987159159211864756e-02 -5.987159159211868920e-02 4.466336495994181061e-02
7.905000000000000000e+02 2.505663044973741762e+03 -1.011854922287737111e+02 6.366213517583868553e-01 -1.011854922287737111e+02 6.366213517583868553e-01 1.743241440286397648e+01 -1.076701698078559588e-01 -1.076701698078559588e-01 1.487904184609284419e-01
8.265000000000000000e+02 2.507902168784588412e+03 -4.255997173404040979e+01 2.400586643131786824e-01 -4.255997173404040979e+01 2.400586643131786824e-01 1.276137514464080702e+01 -6.927717632184522689e-02 -6.927717632184522689e-02 1.229338952390547912e-01
8.625000000000000000e+02 2.314230731367567842e+03 1.916644056337740665e+01 -1.486593045050999262e-01 1.916644056337740665e+01 -1.486593045050999262e-01 1.508453095454275328e+01 6.238774083402032211e-02 6.238774083402034987e-02 9.265283467912616144e-02
8.985000000000000000e+02 1.920763943770942205e+03 5.265203471813603642e+01 -3.542370255786217448e-01 5.265203471813603642e+01 -3.542370255786217448e-01 2.368070484523137154e+01 8.300980415075304153e-02 8.300980415075301377e-02 1.227831668486240035e-01
9.345000000000000000e+02 1.516475241884937759e+03 5.201656849653589632e+01 -3.112432447764430510e-01 5.201656849653589632e+01 -3.112432447764430510e-01 3.439003975643141331e+01 -1.808222137449293221e-02 -1.808222137449294609e-02 1.063497663495785450e-01
9.705000000000000000e+02 1.215853264686606735e+03 1.679168904626692083e+01 2.610902870356363037e-02 1.679168904626692083e+01 2.610902870356363037e-02 4.100605465076573353e+01 6.522606888712044471e-02 6.522606888712045858e-02 2.472550111699874931e-01
1.006500000000000000e+03 1.055973256626337388e+03 -3.305892030787727975e+01 -8.709620946613236270e-02 -3.305892030787727975e+01 -8.709620946613236270e-02 4.159514819709109190e+01 -9.051200443966286868e-02 -9.051200443966291032e-02 1.053687951342566764e-01
1.042500000000000000e+03 1.075234794697711550e+03 -6.765642457647656727e+01 1.533803851739891089e-01 -6.765642457647656727e+01 1.533803851739891089e-01 3.590904805543746647e+01 -5.523162253153282575e-02 -5.523162253153279799e-02 1.455186112101841955e-01
1.078500000000000000e+03 1.173969961369592966e+03 -7.684083813864120316e+01 -6.230240839784240148e-02 -7.684083813864120316e+01 -6.230240839784240148e-02 2.547866282787621728e+01 5.949443297017206755e-02 5.949443297017203286e-02 6.217749619995961013e-02
1.114500000000000000e+03 1.233930164495935287e+03 -5.883100537970243238e+01 -6.121772937007167181e-01 -5.883100537970243238e+01 -6.121772937007167181e-01 1.708092431325487581e+01 8.467391528190310046e-02 8.467391528190310046e-02 1.474229171168273955e-01
1.150500000000000000e+03 1.220271525516487827e+03 -2.801048512636955934e+01 1.389239844213802089e-01 -2.801048512636955934e+01 1.389239844213802089e-01 1.343781080051181576e+01 9.764548080954393861e-02 9.764548080954399412e-02 6.991249417503590802e-02
1.186500000000000000e+03 1.107498021368274067e+03 -1.929543020155130684e+00 4.131492908870255110e-01 -1.929543020155130684e+00 4.131492908870255110e-01 1.537291170991190015e+01 -1.104154838733064151e-02 -1.104154838733062416e-02 7.667905152793312584e-02
1.222500000000000000e+03 9.625351081679315257e+02 5.531222723202628089e+00 -2.934202283100428299e-01 5.531222723202628089e+00 -2.934202283100428299e-01 2.169191135845238350e+01 1.047637324265538947e-02 1.047637324265539641e-02 9.225304898598118974e-02
1.258500000000000000e+03 8.092438138860950403e+02 -4.616559961312081128e+00 8.192454123335923821e-01 -4.616559961312081128e+00 8.192454123335923821e-01 2.823789261796721917e+01 5.691634244779627400e-02 5.691634244779625318e-02 1.544328836287014450e-01
1.294500000000000000e+03 7.336903325108243052e+02 -2.778126591696292991e+01 1.135919406996102055e+00 -2.778126591696292991e+01 1.135919406996102055e+00 3.008087724340868263e+01 -4.343513706748450970e-02 -4.343513706748447500e-02 -2.061536637165180090e-03
1.330500000000000000e+03 7.301156392158970903e+02 -5.187326669744490459e+01 -3.901213839827316621e-01 -5.187326669744490459e+01 -3.901213839827316621e-01 2.869285433326798440e+01 -2.418899252307053077e-02 -2.418899252307054465e-02 9.547008319974636947e-02
1.366500000000000000e+03 7.756466788538532455e+02 -6.171846325831828040e+01 3.260538297222670412e-01 -6.171846325831828040e+01 3.260538297222670412e-01 2.354900652185613907e+01 -1.363658983931235850e-02 -1.363658983931235504e-02 5.287556191364218422e-02
1.402500000000000000e+03 8.094300598046816049e+02 -5.361865756123750515e+01 3.514019142289755981e-01 -5.361865756123750515e+01 3.514019142289755981e-01 1.681299501187527667e+01 -4.779042749176531935e-02 -4.779042749176531241e-02 1.858142615434408423e-02
1.438500000000000000e+03 8.260812228687739207e+02 -3.380535435068154015e+01 -2.107471436232971618e-02 -3.380535435068154015e+01 -2.107471436232971618e-02 1.236899909177119561e+01 -1.895107897014594589e-02 -1.895107897014594936e-02 1.658904913789805147e-01
1.474500000000000000e+03 7.625313898420795340e+02 -1.374457695164151616e+01 -4.978920899106120679e-01 -1.374457695164151616e+01 -4.978920899106120679e-01 1.167647354140071414e+01 7.466384859209107550e-02 7.466384859209101998e-02 2.783956237199605721e-01
1.510500000000000000e+03 6.646001411682472053e+02 2.180029318589589149e+00 1.106263332340241268e-01 2.180029318589589149e+00 1.106263332340241268e-01 1.359383215231247277e+01 9.820126617177757367e-02 9.820126617177760142e-02 3.927450862034882750e-02
1.546500000000000000e+03 5.531824119684260950e+02 6.709312451293344637e+00 -6.435129141207263093e-02 6.709312451293344637e+00 -6.435129141207263093e-02 1.703992303425551569e+01 3.056141882248725877e-02 3.056141882248730735e-02 2.894067405718214747e-02
1.582500000000000000e+03 4.613921456440496627e+02 -1.651955072490912446e+00 1.821226349399521771e-01 -1.651955072490912446e+00 1.821226349399521771e-01 2.014743691345169196e+01 7.373022445301095906e-02 7.373022445301094518e-02 1.872561872002051486e-02
1.618500000000000000e+03 4.091516138372529667e+02 -1.360760123825160051e+01 -1.894335399523905950e-01 -1.360760123825160051e+01 -1.894335399523905950e-01 1.987256092251586637e+01 -5.975067448187761782e-02 -5.975067448187761088e-02 1.105427004630603893e-01
1.654500000000000000e+03 3.934697997341589826e+02 -2.506306962412912043e+01 -2.431509619372201336e-01 -2.506306962412912043e+01 -2.431509619372201336e-01 1.861578597317645745e+01 -2.238320688697098548e-01 -2.238320688697097993e-01 8.260568656470006210e-02
1.690500000000000000e+03 3.957824210495543866e+02 -2.890551910530027158e+01 1.235188580729802976e-01 -2.890551910530027158e+01 1.235188580729802976e-01 1.486873469433248118e+01 1.009990442595331828e-01 1.009990442595331550e-01 -1.266770435377317650e-01
1.726500000000000000e+03 4.090080347004564487e+02 -2.740504554927751713e+01 3.863596330737960050e-01 -2.740504554927751713e+01 3.863596330737960050e-01 1.111718459434273321e+01 4.220813325451762410e-02 4.220813325451754777e-02 1.713760945138632918e-01
1.762500000000000000e+03 3.944581672847986624e+02 -1.779514877645239324e+01 -6.625758074322785074e-02 -1.779514877645239324e+01 -6.625758074322785074e-02 8.564363269272424972e+00 -9.810740050004707058e-03 -9.810740050004707058e-03 7.632653086697487044e-02
1.798500000000000000e+03 3.692970768031033799e+02 -9.900531895251464931e+00 -2.200734855549864588e-01 -9.900531895251464931e+00 -2.200734855549864588e-01 7.980994665232594265e+00 1.848382131762209973e-02 1.848382131762207892e-02 9.506340279429209561e-02
1.834500000000000000e+03 3.300484376828807171e+02 -5.340485919994585551e+00 -9.301623584870344352e-02 -5.340485919994585551e+00 -9.301623584870344352e-02 8.861237516035384232e+00 -1.191755993178187784e-01 -1.191755993178187922e-01 1.364193092221426540e-01
1.870500000000000000e+03 2.864396612511410467e+02 -5.529254837351167851e+00 3.409893297612729413e-01 -5.529254837351167851e+00 3.409893297612729413e-01 1.013416580914980436e+01 9.028401141581157696e-02 9.028401141581160472e-02 6.140815979032344246e-02
1.906500000000000000e+03 2.597358762951272411e+02 -1.007791747343578237e+01 3.073263289180985236e-01 -1.007791747343578237e+01 3.073263289180985236e-01 1.091523580449179853e+01 -4.020099951684311113e-02 -4.020099951684311113e-02 -2.903330920090955308e-02
1.942500000000000000e+03 2.481799242415537776e+02 -1.472808482301032207e+01 9.944112025693463419e-02 -1.472808482301032207e+01 9.944112025693463419e-02 1.088887872968172843e+01 -1.320296000089576233e-03 -1.320296000089569294e-03 7.035830236982497377e-02
1.978500000000000000e+03 2.417484546509871279e+02 -1.831676569197728099e+01 1.353055072328313568e-01 -1.831676569197728099e+01 1.353055072328313568e-01 1.019413957244064761e+01 -1.045471819077661846e-02 -1.045471819077661499e-02 4.557590833531025010e-02
2.014500000000000000e+03 2.429916774202849012e+02 -1.787742843613366972e+01 9.364998223865467208e-03 -1.787742843613366972e+01 9.364998223865467208e-03 7.584513299156733446e+00 7.117714225018755003e-02 7.117714225018756391e-02 5.507252600752564342e-02
2.050500000000000000e+03 2.400438893850428315e+02 -1.429436712850023738e+01 -3.708193946217108738e-01 -1.429436712850023738e+01 -3.708193946217108738e-01 6.186201866048897990e+00 1.904701850309958519e-02 1.904701850309957825e-02 2.195542933631023375e-01
2.086500000000000000e+03 2.237796005517794526e+02 -9.595642231568113800e+00 2.577411445122775868e-01 -9.595642231568113800e+00 2.577411445122775868e-01 5.207893819011234271e+00 -1.376668228383790826e-01 -1.376668228383790826e-01 8.385686835274495238e-04
2.122500000000000000e+03 2.048310116520846123e+02 -4.890809827059417358e+00 -4.801878978425420941e-02 -4.890809827059417358e+00 -4.801878978425420941e-02 5.102244513839078621e+00 -9.248813246561349288e-02 -9.248813246561343737e-02 1.461412699118452285e-01
2.158500000000000000e+03 1.830451118458913129e+02 -3.454972796018060510e+00 8.521917211113269608e-03 -3.454972796018060510e+00 8.521917211113269608e-03 5.331493301938259322e+00 5.089962371401320074e-02 5.089962371401318686e-02 -2.207905130788029996e-02
2.207000000000000000e+03 1.525388826069200832e+02 -3.449320974715098131e+00 -1.268918087878215806e-01 -3.449320974715098131e+00 -1.268918087878215806e-01 5.828219703009661856e+00 1.349080373050103865e-01 1.349080373050103310e-01 8.592975795566529240e-02
2.268000000000000000e+03 1.327043617493424392e+02 -6.770994141152215207e+00 1.446687789896875243e-01 -6.770994141152215207e+00 1.446687789896875243e-01 5.818032233419068611e+00 2.344895520772345698e-02 2.344895520772345698e-02 2.052882510421955020e-01
2.329000000000000000e+03 1.260604852658592705e+02 -7.689375759065027793e+00 1.335674390650854471e-01 -7.689375759065027793e+00 1.335674390650854471e-01 4.658266421248734801e+00 -7.829916513287442370e-02 -7.829916513287439594e-02 5.592152981945382878e-02
2.390000000000000000e+03 1.195287349142325439e+02 -5.914518442292351352e+00 4.466071006378117825e-01 -5.914518442292351352e+00 4.466071006378117825e-01 2.990351596470916196e+00 -5.749925291653638915e-02 -5.749925291653637527e-02 2.395008907583834612e-01
2.451000000000000000e+03 1.061536525420851689e+02 -3.723149929640999556e+00 -3.177062690050637128e-01 -3.723149929640999556e+00 -3.177062690050637128e-01 2.704940791595316085e+00 -1.072167098534872604e-01 -1.072167098534872048e-01 8.394687284968128937e-02
2.512000000000000000e+03 9.167331853126654551e+01 -3.429543460844405978e+00 -1.445038493535662216e-02 -3.429543460844405978e+00 -1.445038493535662216e-02 3.038598006093572668e+00 -1.026745152417282703e-01 -1.026745152417282425e-01 9.088286745840636061e-02
2.573000000000000000e+03 8.143947781811054654e+01 -3.465474808651137550e+00 3.091487457845907422e-04 -3.465474808651137550e+00 3.091487457845907422e-04 2.958132065431566815e+00 2.731006269496072392e-02 2.731006269496072392e-02 7.293556514471653818e-02
2.634000000000000000e+03 7.902478678976916626e+01 -4.336882152218780817e+00 -1.194533306475201173e-02 -4.336882152218780817e+00 -1.194533306475201173e-02 2.452978997410537154e+00 1.553283666613761160e-01 1.553283666613761160e-01 -2.973605084818700672e-01
2.695000000000000000e+03 7.351334850200038318e+01 -3.543383668412781518e+00 -7.670298338927891701e-02 -3.543383668412781518e+00 -7.670298338927891701e-02 1.865694112444295838e+00 -1.876640693257016212e-01 -1.876640693257015380e-01 -2.697572610052376696e-01
2.756000000000000000e+03 6.545793415176190422e+01 -2.034255442613998266e+00 -2.460509312332831433e-01 -2.034255442613998266e+00 -2.460509312332831433e-01 1.625397183752723240e+00 5.625257890349269485e-02 5.625257890349268097e-02 -1.003329253510635843e-01
2.817000000000000000e+03 5.781097242823661020e+01 -1.400629389922671386e+00 -6.591409012867245620e-02 -1.400629389922671386e+00 -6.591409012867245620e-02 1.582019229296381946e+00 -5.024326830991091009e-03 -5.024326830991021620e-03 2.701185492931210685e-01
2.878000000000000000e+03 5.269885717865196284e+01 -1.481999098620720323e+00 1.003585033515296543e-01 -1.481999098620720323e+00 1.003585033515296543e-01 1.357972961451256788e+00 -1.139285305911529600e-01 -1.139285305911529600e-01 -2.280512643165030495e-01
2.939000000000000000e+03 4.916833997809234802e+01 -1.736577824778118506e+00 -3.540089585418997042e-02 -1.736577824778118506e+00 -3.540089585418997042e-02 1.481087329411707287e+00 9.297031135966124515e-02 9.297031135966127291e-02 -4.591855801860394992e-01
3.000000000000000000e+03 4.665277475742156099e+01 -1.630134109300005019e+00 -2.944400022289550556e-01 -1.630134109300005019e+00 -2.944400022289550556e-01 9.885763875903857967e-01 7.090661964513686466e-02 7.090661964513685078e-02 1.354809869854434710e-02
3.061000000000000000e+03 4.393583997834342370e+01 -1.257936882628821529e+00 2.762296179159659179e-02 -1.257936882628821529e+00 2.762296179159659179e-02 6.013763862231841228e-01 -1.129703440474560255e-01 -1.129703440474560117e-01 -3.719592277144279091e-01
3.122000000000000000e+03 4.123510344534042105e+01 -1.084750988555607920e+00 1.126311407635761930e-02 -1.084750988555607920e+00 1.126311407635761930e-02 8.422775582075853196e-01 1.375327609994271838e-01 1.375327609994271560e-01 1.757034274890239833e-01
3.183000000000000000e+03 3.891545965711891597e+01 -1.062671713210107116e+00 2.028398643275937940e-01 -1.062671713210107116e+00 2.028398643275937940e-01 8.670951160526002566e-01 -3.817878364117595347e-02 -3.817878364117595347e-02 1.003495345305970149e-01
3.244000000000000000e+03 3.696235488910092926e+01 -9.604407423761815998e-01 1.468016876308478325e-01 -9.604407423761815998e-01 1.468016876308478325e-01 5.680321518721211937e-01 4.304538473918456676e-02 4.304538473918459451e-02 -1.809432465695304248e-01
3.305000000000000000e+03 3.642556335305558690e+01 -1.068735430459501590e+00 3.926768822245974705e-02 -1.068735430459501590e+00 3.926768822245974705e-02 5.882538243764228181e-01 -2.155412179713865894e-01 -2.155412179713865339e-01 1.851444276964802627e-01
3.366000000000000000e+03 3.470628907345682990e+01 -7.486748662496881535e-01 -7.162744818110036715e-03 -7.486748662496881535e-01 -7.162744818110036715e-03 4.237318298907053471e-01 -9.259399007881993771e-02 -9.259399007881993771e-02 3.359236618601141311e-01
3.447000000000000000e+03 3.338755302817272508e+01 -3.675331639121082183e-01 -1.864199550648668879e-01 -3.675331639121082183e-01 -1.864199550648668879e-01 4.209995380973313717e-01 -5.402570242424159508e-02 -5.402570242424166447e-02 2.440026845202028782e-01
3.548000000000000000e+03 3.195970586362211208e+01 -4.006914730902507715e-01 -9.356238145745998658e-02 -4.006914730902507715e-01 -9.356238145745998658e-02 4.881709506605578786e-01 -5.125934705187656926e-02 -5.125934705187656232e-02 -6.788688807356317578e-02
3.649000000000000000e+03 3.129753496272436664e+01 -1.500151965731036374e-01 2.883644105290396331e-02 -1.500151965731036374e-01 2.883644105290396331e-02 2.898343486550095105e-01 7.333577178049277556e-03 7.333577178049277556e-03 7.109945092174407844e-02
3.750000000000000000e+03 3.057722432136698743e+01 -3.872450606290775976e-01 -1.729167711817169995e-01 -3.872450606290775976e-01 -1.729167711817169995e-01 1.956910529254758113e-01 -5.762917662441571776e-02 -5.762917662441574551e-02 2.028922802659822652e-02
3.851000000000000000e+03 3.033129177528110532e+01 -1.163322766147244780e-01 -2.115582230874794301e-01 -1.163322766147244780e-01 -2.115582230874794301e-01 8.472852321421484034e-02 -7.007564863141657607e-02 -7.007564863141653444e-02 5.483910328676948331e-02
3.952000000000000000e+03 3.030436967434847162e+01 -1.703202432698563973e-01 -1.681306071836138338e-01 -1.703202432698563973e-01 -1.681306071836138338e-01 -1.767864134959324096e-01 -2.237618341686632428e-01 -2.237618341686632428e-01 2.099784286826484464e-02
4.053000000000000000e+03 3.046059502693974963e+01 -1.052683630189796410e-01 2.172620699981208103e-01 -1.052683630189796410e-01 2.172620699981208103e-01 2.017216266263864577e-02 1.166780649050433993e-01 1.166780649050434548e-01 4.458054441560782566e-01
4.154000000000000000e+03 3.103445219180697379e+01 -2.268143213859933477e-02 2.024873595786543801e-01 -2.268143213859933477e-02 2.024873595786543801e-01 2.757512317581667927e-01 1.581663334744299321e-01 1.581663334744297655e-01 -2.728093547218799486e-01
4.255000000000000000e+03 3.106147997666677085e+01 1.909173383509212840e-01 -2.038964926577443992e-01 1.909173383509212840e-01 -2.038964926577443992e-01 2.281363894931731917e-01 1.150276475878281718e-01 1.150276475878281857e-01 4.039125516816556294e-01
4.356000000000000000e+03 3.228014917999895772e+01 1.355589176252072758e-01 1.906822083341909724e-01 1.355589176252072758e-01 1.906822083341909724e-01 1.569572735635199612e-01 6.324240891599350323e-02 6.324240891599347547e-02 4.895932774328043413e-01
4.457000000000000000e+03 3.258082389984108573e+01 9.666633586756803731e-02 2.837849150671995502e-01 9.666633586756803731e-02 2.837849150671995502e-01 -4.016852237489081379e-01 7.160777025840139864e-02 7.160777025840135701e-02 -5.808925723891033427e-03
4.558000000000000000e+03 3.333454307782051984e+01 -1.489795620919031616e-01 -1.354650444423919076e-01 -1.489795620919031616e-01 -1.354650444423919076e-01 2.128445753825018993e-01 4.794078653260916423e-02 4.794078653260916423e-02 -5.629647156831570076e-02
4.659000000000000000e+03 3.465570952020298279e+01 8.474061858662057523e-02 -1.738343870032652005e-02 8.474061858662057523e-02 -1.738343870032652005e-02 -5.245790591666008584e-01 6.070025626510053285e-02 6.070025626510056060e-02 -9.126553454768258564e-03
4.760000000000000000e+03 3.599688610671078948e+01 -8.862869464347383763e-02 -1.250434746583838352e-01 -8.862869464347383763e-02 -1.250434746583838352e-01 2.943787120179231498e-01 -3.572882117664379353e-01 -3.572882117664379353e-01 -6.996300356935898357e-01
4.861000000000000000e+03 3.615142509303426976e+01 -1.277282542152916311e-01 1.132043828872961871e-01 -1.277282542152916311e-01 1.132043828872961871e-01 2.089025227301310739e-01 4.951579783968218518e-01 4.951579783968218518e-01 2.916338533944657849e-02
4.962000000000000000e+03 3.734439281390798726e+01 -5.026329607069751626e-01 -9.339100452022111587e-02 -5.026329607069751626e-01 -9.339100452022111587e-02 -9.941576835744257712e-02 -3.452966357506714878e-02 -3.452966357506723205e-02 5.175228608852692203e-01
5.063000000000000000e+03 3.917347523306355583e+01 7.200100238505008354e-01 -2.761672703279458019e-01 7.200100238505008354e-01 -2.761672703279458019e-01 5.296047385280520103e-01 5.047378034064858854e-02 5.047378034064869956e-02 2.973430560260518773e-01
5.164000000000000000e+03 3.973178463693734841e+01 -1.326074749911666517e-01 -5.864525113911227550e-01 -1.326074749911666517e-01 -5.864525113911227550e-01 8.073520698777734983e-02 1.477363931403534170e-01 1.477363931403534725e-01 -1.041233379563590300e-01
5.265000000000000000e+03 4.077733754265213406e+01 7.221548967605846692e-02 -3.991483602920551377e-01 7.221548967605846692e-02 -3.991483602920551377e-01 5.868518004647138575e-01 2.906360249589627909e-01 2.906360249589626799e-01 -6.039179825776744837e-01
5.366000000000000000e+03 4.142941006533131088e+01 -4.642288649948522750e-01 -1.100085183113280463e-01 -4.642288649948522750e-01 -1.100085183113280463e-01 3.645668556188753628e-01 4.068128024630383588e-01 4.068128024630384143e-01 -7.393355677059612607e-02
5.467000000000000000e+03 4.330060840565848679e+01 2.593526752906992749e-01 -7.984039912286872154e-02 2.593526752906992749e-01 -7.984039912286872154e-02 -8.917415038083186252e-01 2.033246227667363515e-01 2.033246227667363237e-01 9.092100221334209476e-01
5.568000000000000000e+03 4.375205985676608833e+01 1.279692874725742446e-01 1.076010095495963242e-01 1.279692874725742446e-01 1.076010095495963242e-01 -5.677941971529442133e-01 2.895120679491892668e-01 2.895120679491889892e-01 1.383840388327322923e+00
5.669000000000000000e+03 4.563246955435537444e+01 -3.912961876027311048e-01 3.950287479306610061e-01 -3.912961876027311048e-01 3.950287479306610061e-01 1.087366244633191537e+00 3.302917350133715013e-01 3.302917350133714458e-01 4.734682671699574907e-01
5.770000000000000000e+03 4.627634431483360800e+01 7.857749316281796848e-01 -3.918335076572213582e-01 7.857749316281796848e-01 -3.918335076572213582e-01 1.607085116330830843e+00 2.535446925567969370e-02 2.535446925567970411e-02 -2.794732714441111043e-01
5.871000000000000000e+03 4.808078528353163250e+01 -8.485602218279904296e-02 -2.364780641425807128e-01 -8.485602218279904296e-02 -2.364780641425807128e-01 6.622651967419311836e-01 4.956040139170757031e-01 4.956040139170757586e-01 -2.138238442699920694e-01
