# l Dl_TT Dl_TE Dl_TB Dl_ET Dl_BT Dl_EE Dl_EB Dl_BE Dl_BB
7.050000000000000000e+01 1.889897957133814771e+03 -7.987521276177886875e+00 1.437709995936483631e+00 -6.906390804269550543e+00 1.310413710405149423e-01 3.249083815949831422e-01 -1.613757291148786716e-02 3.924136463177194112e-02 -2.101991718248504698e-02
1.065000000000000000e+02 2.961105638819944943e+03 -2.872788544860727455e+01 -1.091975282349451071e+00 -2.742978731156245686e+01 -6.595194713686458599e-01 8.931076398955806184e-01 2.910778954405074045e-02 1.447853328929230021e-02 -2.629701570934671329e-02
1.425000000000000000e+02 4.124163214697080548e+03 -4.431989523275916554e+01 8.135031210935801393e-01 -4.541488315433151968e+01 1.899324737285162934e-01 1.077383428574395730e+00 5.773316777000511713e-02 -2.901055708040086584e-02 -3.082804792419360090e-02
1.785000000000000000e+02 5.264705574850719131e+03 -3.472471134914958668e+01 7.622771221788560148e-02 -3.619625240673717315e+01 -8.073349203671078556e-01 8.008068810459978426e-01 7.330000753367406363e-03 1.087724301802931934e-02 5.548505772370149192e-02
2.145000000000000000e+02 5.748102733847334093e+03 5.271764491074004688e+00 8.256484159800370204e-01 6.164585646606923319e+00 1.337282205873905616e-01 8.363625660015099328e-01 -3.819935794091090797e-02 1.257513215715373375e-02 4.616840723595294627e-02
2.505000000000000000e+02 5.462167500186752477e+03 6.792417235675733878e+01 1.044592323182166549e+00 6.566683010939031817e+01 -1.882114928965614276e+00 2.510152274766014546e+00 1.102487769108505961e-02 -4.553121549076715596e-02 3.578277025560185759e-02
2.865000000000000000e+02 4.500691899841416671e+03 1.121510929039189364e+02 1.271492050525342865e+00 1.109690840587852563e+02 1.033636685678990474e+00 6.927337234373426966e+00 -4.011364527106597161e-02 6.618965743092303233e-02 1.893649849464683560e-03
3.225000000000000000e+02 3.313148845454501497e+03 1.166744484614381037e+02 -1.973472219683543250e+00 1.150123725781740518e+02 9.229150463303882612e-02 1.347951188541404832e+01 -1.045165374466720115e-01 1.106715157385345233e-01 -1.578650195551940805e-02
3.585000000000000000e+02 2.319768586942158436e+03 7.860880928402592360e+01 1.766872325901848173e-01 7.563433793513682701e+01 5.757705660177505624e-01 1.950201676898641168e+01 1.451678983775321896e-01 -6.351474835465974189e-02 -1.259377312794286675e-03
3.945000000000000000e+02 1.808682395609815558e+03 8.007049235476294768e+00 8.219765769472457961e-01 1.077735955210935614e+01 5.022676596436498331e-01 2.209573484955454603e+01 -2.164334712685802853e-01 5.704307050765768106e-02 5.415328245686083092e-03
4.305000000000000000e+02 1.847305121964312775e+03 -4.741310951891422576e+01 9.163712962689083419e-01 -5.112356126368013065e+01 4.948228824379252710e-01 1.859982901154342017e+01 -2.553233777881532274e-01 -3.912456498552574491e-02 9.171434788162180496e-02
4.665000000000000000e+02 2.117932572859022002e+03 -7.099295445619354439e+01 -5.160911172137339076e-01 -7.300174986963648394e+01 5.254025060989288010e-01 1.322352837686435301e+01 -1.568305396293459553e-01 -3.267118293015517511e-02 8.189126677064777204e-02
5.025000000000000000e+02 2.451656032647178563e+03 -5.391644363226830450e+01 -1.133192352040631068e+00 -5.431070999284443701e+01 3.215362002495347760e-01 8.023944664034935670e+00 -7.896613767603616330e-03 -5.188906917571927541e-02 8.390364888814821898e-02
5.385000000000000000e+02 2.568429039107187236e+03 -1.265024421264852172e+01 1.225189252455113786e+00 -1.483962121535361689e+01 7.675451324204478620e-01 7.219025359148487198e+00 5.536688426207574121e-03 -2.400593764693084373e-03 1.529896510150907663e-02
5.745000000000000000e+02 2.393987635155404860e+03 2.206550755411024767e+01 -6.492992955684971923e-01 2.326208872802257943e+01 -5.603044385878124256e-01 1.310030065352945527e+01 5.160237154190273207e-03 -1.326328409412490944e-02 1.737432950817721991e-02
6.105000000000000000e+02 2.114234767781270421e+03 2.508255890194409332e+01 -7.509115925312782602e-01 2.562718652526972818e+01 4.306849514883876462e-01 2.310789570026877726e+01 3.557915173816199317e-02 -3.005207663307574856e-02 1.567174335098917570e-01
6.465000000000000000e+02 1.842795031851698241e+03 -1.556038444629309403e+01 4.403010453915503497e-01 -1.508365137644478793e+01 -8.378899861195249210e-02 3.253729922033651434e+01 -1.155786917711197070e-01 8.705471052257704456e-02 1.168881413152168813e-02
6.825000000000000000e+02 1.858297237953357580e+03 -7.095455018893724741e+01 9.673753573765677682e-01 -7.252667137103131267e+01 -9.056638880741523234e-01 3.768154583621345211e+01 -1.835498693975864959e-02 8.427098771840135782e-02 -2.125577598851173533e-02
7.185000000000000000e+02 1.968253681043965116e+03 -1.166112953833717256e+02 1.606248125321202425e+00 -1.188403443208848245e+02 -1.673339446880556469e+00 3.487106531252427999e+01 -1.192123799750786084e-01 7.799369318190219058e-02 4.038303547017179501e-02
7.545000000000000000e+02 2.246376921040427987e+03 -1.312486163576990634e+02 6.606657783325191602e-01 -1.318603163127258426e+02 -2.497859757691230365e-01 2.696902514392646921e+01 -1.553726509287288449e-02 -7.520272638804931242e-02 1.169099665956750411e-01
7.905000000000000000e+02 2.475277916339793592e+03 -1.008729537752103909e+02 6.062787370456161895e-01 -1.047346543791191209e+02 1.172348918361982850e-01 1.781996173273410733e+01 2.915568261318356863e-02 -1.134483937081994798e-01 8.591507294469614975e-02
8.265000000000000000e+02 2.522122977998931674e+03 -4.412234222448365983e+01 -6.420315226138012532e-02 -4.382817591093204612e+01 3.456907023635322762e-01 1.292139078856995837e+01 -3.718249011852325925e-02 3.762187327142752641e-02 5.857991011329809899e-02
8.625000000000000000e+02 2.316351870465539378e+03 1.986018706066420592e+01 -1.078124743756041282e+00 1.615643485091101184e+01 8.479505680412032786e-01 1.521252545001215317e+01 -7.870628354969824714e-02 1.217783997132487195e-01 1.334703178428892634e-01
8.985000000000000000e+02 1.912940422877003130e+03 5.046353765624694887e+01 -1.191849904359860712e+00 5.312379169406902690e+01 4.894376001691164157e-02 2.316227571219545922e+01 2.121699023014718133e-01 8.117207139370546942e-02 8.120896422548480598e-02
9.345000000000000000e+02 1.513963350468766748e+03 4.991972155537601452e+01 2.405610253259951037e-01 4.911376480248000576e+01 -7.854359590701084359e-01 3.432379138603158708e+01 1.258392991297189734e-01 -2.398067978448725213e-01 1.294004447481019449e-01
9.705000000000000000e+02 1.202993738259754537e+03 1.621393455938064676e+01 -1.628888252353227761e-01 1.655310299351217296e+01 4.465059087285601080e-01 4.106753785392541545e+01 -2.203760993783529520e-01 -2.807243199800401115e-02 1.218052735538537878e-01
1.006500000000000000e+03 1.077512571901449974e+03 -3.059450757553367595e+01 -1.051265642451507443e+00 -3.118922388129028889e+01 -2.366983751082114840e-01 4.141525257505588797e+01 2.268671271984635252e-01 -2.094812079690491075e-02 4.428476655878550716e-02
1.042500000000000000e+03 1.082107476389488966e+03 -7.166494982396409341e+01 1.041960333351913404e+00 -7.150759105542420002e+01 -5.239785335811613098e-01 3.521601126209334609e+01 -5.261216095789176261e-01 -1.948005963963331533e-01 1.069262610114127543e-01
1.078500000000000000e+03 1.171194538567974632e+03 -7.682596761651163320e+01 -7.330036925843075313e-01 -7.787495656076862360e+01 -1.475024657755081292e-01 2.519037279843010424e+01 1.884956170144474683e-02 6.468357947237279859e-02 1.026880522474661259e-02
1.114500000000000000e+03 1.222355960241196044e+03 -5.909731889225445656e+01 4.513592293556336621e-01 -6.043829687023507802e+01 3.770228314262630276e-01 1.734162474653086861e+01 1.543167237577807438e-01 1.307194695029674780e-01 1.125904684382233040e-01
1.150500000000000000e+03 1.231780059383542948e+03 -3.187295558485251235e+01 1.610001010914129171e+00 -3.028601633467070542e+01 7.940778331958405767e-01 1.345381538641276009e+01 -1.647378585752823643e-01 -9.030284719821628225e-02 1.152234702328067406e-01
1.186500000000000000e+03 1.111199375087608132e+03 -3.306099890503222838e+00 -2.087229196220853567e+00 -4.876470095748475231e+00 -4.656169659765914681e-01 1.554287506875584768e+01 -9.730592486393657703e-03 7.793996940486669356e-02 9.376136500451742739e-05
1.222500000000000000e+03 9.477825940135290921e+02 3.630008907831044240e+00 2.242963356331767244e+00 5.448313945043356199e+00 9.787631750165770583e-01 2.144744423334125116e+01 -7.379382698386610651e-02 -1.435158464919647839e-02 2.362957451214128535e-01
1.258500000000000000e+03 8.093922099206870371e+02 -5.198223103124779421e+00 3.099250444535608384e-01 -5.775285116447047784e+00 1.171840444791961700e-01 2.732831203929560715e+01 9.163475995737248303e-02 1.731716840823834258e-01 2.773258572077063125e-02
1.294500000000000000e+03 7.297033003343340170e+02 -2.842711990370059638e+01 7.443783044380656300e-01 -2.677816490461754384e+01 -6.646397239540835500e-02 3.022711229235472530e+01 -1.428110333974546287e-01 -9.269045279533351389e-02 6.913733136918406852e-02
1.330500000000000000e+03 7.294105488260026959e+02 -4.991575724037410566e+01 3.560110945937200455e-01 -5.064168953277533092e+01 1.016240937669144806e+00 2.840978411757113520e+01 3.117010754127585437e-01 5.464335736466161692e-02 2.033732958472159735e-01
1.366500000000000000e+03 7.670433580808221450e+02 -5.916831232298009979e+01 -9.650257873682306364e-01 -5.964061667015259616e+01 -2.787954575673539659e-01 2.328842404532817767e+01 9.001913543066855650e-02 3.709970668551415551e-03 4.061271614031938815e-02
1.402500000000000000e+03 8.216420455817485617e+02 -5.419941018314648318e+01 -1.798027100017924040e-01 -5.373386050605837738e+01 8.698765335644175201e-01 1.726133767909661287e+01 -1.339453161050876973e-01 -1.885753185739651450e-01 1.483760576406524534e-01
1.438500000000000000e+03 8.060601162162536184e+02 -3.438028444262136674e+01 1.993537188288751594e+00 -3.447636443112102000e+01 -8.365878167586583425e-01 1.256479884336374653e+01 -9.350655351155648387e-02 3.733342398810609031e-01 1.323113921286566963e-01
1.474500000000000000e+03 7.663088272375339329e+02 -1.415268077687412429e+01 -2.513033723483588111e-01 -1.315929798161003816e+01 3.247052091954286679e-01 1.117958427372698438e+01 4.489590398868625876e-01 -3.003860949300810046e-02 -7.190773563975407304e-03
1.510500000000000000e+03 6.616811436661405423e+02 1.884268249111490823e+00 1.759639009424611267e+00 2.414890892542919776e+00 -1.610884665569294882e-01 1.359006355439873026e+01 6.895802857354729754e-02 -1.136303613620126204e-02 1.712498009986449521e-01
1.546500000000000000e+03 5.496112834954847131e+02 6.381115819609217255e+00 -1.527770258053661623e+00 6.412954660166720444e+00 6.394949824549522877e-01 1.723481781356005627e+01 -4.563434974701108260e-02 -3.796263681469672080e-02 3.862135192059417549e-02
1.582500000000000000e+03 4.595998751540721514e+02 -2.070894198874483561e+00 2.392710896375081775e-01 -2.982973334937749410e+00 -3.053444252399367675e-01 1.999508493499277506e+01 1.332583638622954481e-01 4.557817513352493410e-01 3.358831840200594832e-02
1.618500000000000000e+03 4.125590154535290139e+02 -1.333230690954466446e+01 5.586551056391061421e-01 -1.331070137239461459e+01 2.652082634676743433e-01 2.058739723765079077e+01 -1.395637758038865139e-01 9.463515026254930296e-02 -1.027472147667702063e-01
1.654500000000000000e+03 3.964273987941336941e+02 -2.617117501686151115e+01 4.345042149527417186e-01 -2.754171609877564464e+01 2.208182751566253321e-01 1.862480761647573146e+01 -1.051387830125070574e-02 1.602571335031957589e-01 2.154855973348883957e-01
1.690500000000000000e+03 3.978473301546664516e+02 -2.966091349061142779e+01 9.013338628054726187e-02 -3.077158758691216889e+01 -2.134319558374752623e-01 1.467993221405676607e+01 -9.631931246521414913e-02 -1.785948747352414101e-01 -1.619946104122664543e-02
1.726500000000000000e+03 4.031430726753093268e+02 -2.563210954370525130e+01 2.148998351733241718e-01 -2.685541022090846042e+01 -1.156258679557886915e-01 1.138937209269847273e+01 8.243242078497017844e-02 -8.284160671421514355e-02 5.313926744084224163e-02
1.762500000000000000e+03 3.914118363040740860e+02 -1.814819163209266861e+01 7.005110402080332310e-01 -1.839942134020449771e+01 -3.114732994693136803e-02 8.555831451025783352e+00 5.874496378057872392e-02 -6.235600670952162056e-02 6.398783709920266571e-02
1.798500000000000000e+03 3.634710900053161140e+02 -9.387948761241521112e+00 -2.871561942703242387e-01 -1.002337104448935179e+01 1.856896973914605176e-01 7.787678050542513830e+00 1.276786916139617811e-01 -1.952533030157755922e-01 4.483264807089638870e-03
1.834500000000000000e+03 3.290150889887544281e+02 -5.907366692418734466e+00 -1.275195652880182773e-01 -5.588028122618299953e+00 -1.829789426310496347e-02 8.906656637017000833e+00 -1.934024739559921935e-01 -8.647564075618283108e-02 2.170204059798362950e-01
1.870500000000000000e+03 2.894711372564806311e+02 -5.917609608317469849e+00 -3.357060840915472300e-01 -4.300440597585257763e+00 2.009861314101326069e-01 1.032275173497540521e+01 -1.301261475894258945e-01 -2.696194137484588804e-01 1.220367510587746646e-01
1.906500000000000000e+03 2.582205006428107481e+02 -9.282282285211358897e+00 4.581833625774272001e-01 -8.713018828103244573e+00 5.096113239511128601e-01 1.127468025793659834e+01 6.405472341709833595e-02 -1.645442619041782017e-01 1.085181474920166173e-01
1.942500000000000000e+03 2.397872644059078766e+02 -1.472508629852307394e+01 -6.248441722353226258e-01 -1.436715537130585574e+01 -5.484671093736301906e-01 1.105060209893047407e+01 -1.309558322901184513e-02 9.526178431196455354e-02 1.118313387767568418e-01
1.978500000000000000e+03 2.406916143516286297e+02 -1.771451329943201358e+01 -7.855857234496746999e-01 -1.801835655929946967e+01 -2.401966180176948185e-03 9.606138591898627510e+00 7.722464751737785627e-02 -2.233965439016180055e-01 -2.952447756188711914e-01
2.014500000000000000e+03 2.433160511356510369e+02 -1.740120722475468540e+01 -9.211248441560425659e-01 -1.870791985060272822e+01 1.146832327413937758e-01 8.038907878948450048e+00 -2.740946556987188809e-01 2.403558823257644916e-01 2.990851868089040577e-01
2.050500000000000000e+03 2.330716483503736072e+02 -1.429200833724492803e+01 -2.445930470082682828e-01 -1.440979881387745110e+01 -3.973485241585752448e-01 6.714262983251492400e+00 -1.432778858217026441e-01 3.238421446542055770e-02 1.181380232605258040e-01
2.086500000000000000e+03 2.263472267959830617e+02 -1.089811244591302319e+01 -3.166723862121175737e-01 -8.919985594420660746e+00 6.730488898206996029e-02 5.066190975432178334e+00 -1.120241044181850276e-01 4.192727518812194853e-02 2.965438801584968087e-01
2.122500000000000000e+03 2.047572750956634025e+02 -4.797615732104417496e+00 5.994738308689739892e-01 -5.230330548046375760e+00 -6.830364729508022759e-01 5.127636817632955868e+00 -5.776917061866637670e-01 9.743939372175049532e-03 7.224042400540277298e-02
2.158500000000000000e+03 1.797881247175830026e+02 -2.943078622538301659e+00 2.427745112315765619e-02 -3.200297938763963401e+00 -1.804134622090493301e-02 5.536750226644123529e+00 2.120213768305750576e-02 1.108245406066762639e-01 3.112102183091213226e-01
2.207000000000000000e+03 1.514953057390500817e+02 -3.846452106068618093e+00 2.276726335725766381e-01 -3.449529605689289014e+00 -2.839191879173242894e-01 5.694136368212761035e+00 7.730622630510827764e-02 1.676756093919512525e-01 -3.245281296356036793e-02
2.268000000000000000e+03 1.330420074828488737e+02 -6.713234562740820088e+00 2.551544240749440418e-01 -6.730878384281609783e+00 2.673474704736980012e-01 5.813105829652300827e+00 1.456010207292780523e-01 6.530901797598674674e-02 -6.809488681551352507e-03
2.329000000000000000e+03 1.255357365982028170e+02 -8.563437510339525716e+00 5.056784123780688756e-01 -8.078133304834297590e+00 4.220356878630527331e-01 4.419823044582227745e+00 7.409942359107905829e-03 -1.534151231673499538e-01 -5.363448084102578201e-02
2.390000000000000000e+03 1.167369981732871764e+02 -6.013743856091362971e+00 6.535449588770528839e-01 -5.494074363958290519e+00 3.095846750802889180e-01 3.644819553183293426e+00 3.282197088634535298e-01 -1.229181006178482194e-01 -6.512825838758277974e-03
2.451000000000000000e+03 1.037652022611371194e+02 -4.065015276816244416e+00 -1.213978020559576543e-01 -3.735015839597785714e+00 1.065014244392934739e-01 2.762860024774535184e+00 1.555705818470421442e-01 -1.092157910330890658e-01 -2.029008992819407720e-01
2.512000000000000000e+03 9.112993784445350798e+01 -2.933400192812924967e+00 4.691482290536926336e-01 -3.655598030960668599e+00 3.404028814485737797e-02 2.720615232941849371e+00 1.512591439016693629e-01 -1.224652875689390685e-01 2.761729053693440794e-01
2.573000000000000000e+03 8.136199664614166238e+01 -3.648403608752662564e+00 -2.076712555425162532e-01 -3.443087517148089916e+00 1.998061423083345896e-03 2.579372715401887728e+00 -1.716588680092523966e-01 -4.646926747401831925e-02 2.948210169865982389e-01
2.634000000000000000e+03 7.735568852099069659e+01 -4.204507981880636791e+00 -9.300043979532500449e-02 -3.995369844826553773e+00 -3.170680595922342748e-01 2.567766916483894768e+00 -3.178728633218759481e-02 4.665575395228216404e-03 -8.580943786972594634e-02
2.695000000000000000e+03 7.304794472303596820e+01 -3.278187021953525626e+00 -6.521463907202229571e-02 -3.204752548547417312e+00 1.358945730900102400e-01 1.818459848834516723e+00 2.626236579398869009e-01 5.294378140971485180e-01 -2.134321486293726533e-01
2.756000000000000000e+03 6.571535284772564012e+01 -2.209316705092083666e+00 4.871173726427642237e-01 -1.977622478189972721e+00 2.019594174312465962e-01 1.667692742092765190e+00 -2.734666224260026146e-01 3.354209810717373452e-02 1.406696764312548309e-01
2.817000000000000000e+03 5.745806212760882659e+01 -1.424054229749288414e+00 3.486784970871983219e-02 -1.761379989749266350e+00 -1.082327352738562398e+00 1.525366063335540590e+00 1.390351889702570454e-01 -3.741396359787557691e-01 -4.816785755593713247e-01
2.878000000000000000e+03 5.235835167169501148e+01 -2.419283776823029974e+00 -6.864186826764949734e-01 -1.509870771816250734e+00 3.197838001607045122e-01 1.421439454366539845e+00 -1.676286861052045662e-01 -3.194460277985282093e-01 3.997189957091983881e-01
2.939000000000000000e+03 4.879439333526836009e+01 -1.661562133789946216e+00 -2.728095768967744306e-01 -2.333523915358388212e+00 -2.191603034413863449e-01 1.343366380078016675e+00 7.950397005699089137e-02 1.877551696839543927e-01 -6.090737503498463989e-02
3.000000000000000000e+03 4.689514808673325774e+01 -1.513450908243140880e+00 -1.645228826484753659e-01 -1.770955946511704848e+00 -3.441916587699643815e-01 1.259595557937161381e+00 1.725526039188369498e-01 -1.706953058846167881e-01 -8.045407012068454822e-03
3.061000000000000000e+03 4.416542433122446454e+01 -1.637404414653081286e+00 2.340963072740586959e-01 -5.934698340670947481e-01 -2.871635964831217303e-01 7.399567148804910843e-01 1.528956906833427998e-01 -1.115464447623913669e-01 -8.606350475160085001e-02
3.122000000000000000e+03 4.189024314919359426e+01 -8.920937774544028809e-01 2.747511576327038019e-01 -2.173538985009003000e+00 -1.003974156869987533e-01 8.962897443337645154e-01 -7.447664264671709500e-01 -2.826947421489790502e-01 -5.250455887659514209e-01
3.183000000000000000e+03 3.980300186736775458e+01 -1.067280525028571958e+00 3.575978916410712527e-01 -8.156562656190282645e-01 -3.183529107438640704e-01 8.449200323188199580e-01 2.344499806514613871e-01 4.452757983673130693e-02 3.374931790443873592e-01
3.244000000000000000e+03 3.802304212097251934e+01 -7.661776734736241989e-01 -1.226351251306065371e-01 1.667987250547703360e-02 -3.155811548010361012e-01 7.764982735551622106e-01 -2.321425624494155571e-01 -8.414720490729921121e-01 -2.691374733493922533e-01
3.305000000000000000e+03 3.688517803527405903e+01 -9.242116751272422270e-01 1.572864864432068355e-01 -8.668934530334807542e-01 -2.126605986087559685e-02 1.052844204316252696e+00 1.488376344815858787e-01 1.431081088124810941e-01 1.030940291381236412e-01
3.366000000000000000e+03 3.500358206991052867e+01 -5.231407786686479433e-01 -7.521154440093180682e-01 -4.823881397795801718e-01 1.433384970057980379e-01 7.898945840836903987e-01 3.498195662939376227e-01 -3.236198120870882322e-01 3.375822509489214696e-01
3.447000000000000000e+03 3.439275855433359652e+01 -2.484444579890127125e-02 2.798952298852552256e-01 -6.534176788930730062e-01 -2.889523042205816572e-01 -2.576095870641882946e-01 -6.002552134233527514e-01 -5.266121351384277505e-01 -1.709683100250126292e-02
3.548000000000000000e+03 3.315317731491060727e+01 -7.533883690866800542e-01 -8.909171235895565477e-01 -1.332390030368715839e-02 -6.260644430003479144e-01 2.126188928183089799e-01 3.334437309918681924e-01 -3.410872050743348760e-01 -3.355006262028303876e-01
3.649000000000000000e+03 3.293004432234332057e+01 -5.520548485241019154e-01 -1.646356409797164466e-02 -6.455395337941128853e-01 -5.328135000978495572e-01 -6.514421338335943390e-02 -1.200394220374541021e-01 2.139834962439667310e-01 2.316179990288276813e-01
3.750000000000000000e+03 3.254343163656156435e+01 -1.313597471498815228e-01 5.724465884466883869e-02 -7.046755040744246967e-01 1.614228521854422505e-01 6.176251093875035902e-01 4.006456507290192537e-01 -7.426559892717310429e-01 -9.165573743379102911e-01
3.851000000000000000e+03 3.323024400919994292e+01 -3.035219242313142440e-01 -2.520675912874012492e-01 2.749534661175244699e-01 4.541925722680967281e-01 -7.076421432528343658e-01 -9.846938230123034042e-02 -8.024323970645153015e-02 -3.657121972410469768e-01
3.952000000000000000e+03 3.308024811431958057e+01 -1.312068400922454178e-02 -1.411625351010237228e-01 -3.953066850977726143e-01 1.173276826341940193e-02 -5.616711800502364182e-01 -2.912214826035780524e-01 -2.808936854707524411e-01 2.452443351765658808e-01
4.053000000000000000e+03 3.432414980687742201e+01 -1.608470931651614366e-01 -3.816820188599076569e-01 -8.768278854410275214e-01 5.641950606321171069e-01 -1.527577486444691435e-01 8.145694301491600564e-01 -6.913820423095892176e-01 -1.146090056224581266e-01
4.154000000000000000e+03 3.476785202555335275e+01 -3.726522506715824745e-01 -5.231152175550290995e-01 -1.225838385503133177e+00 3.242568408447215611e-01 5.314011158199621887e-01 3.825828518013088542e-01 -4.135500240054623688e-01 -1.772683028501396696e-01
4.255000000000000000e+03 3.555832138262282172e+01 1.049630025721648430e-01 1.959608288295349166e-01 2.311925405554697555e-01 9.860907545964842091e-02 -1.496530383615496174e+00 -5.536726628353422219e-02 6.072203345514818329e-01 4.505498293951823441e-02
4.356000000000000000e+03 3.736405075899820361e+01 -4.889817949225824245e-01 -2.891199550544414354e-01 7.044295931068011996e-02 -6.308632383461473259e-01 -6.616863002465284138e-01 4.308665446430105517e-01 2.482887057986969404e-01 -3.100504531819911480e-01
4.457000000000000000e+03 3.718277911775882671e+01 1.086957858148894229e-01 3.800866024034776358e-01 7.201109334199587986e-01 -4.523699185842772197e-01 -7.746354155594177282e-01 4.610064046843060370e-01 -3.699241140182537579e-01 -8.046960108015025481e-01
4.558000000000000000e+03 3.867985063122185352e+01 -4.818829674779760430e-01 -7.858801448786173482e-01 -4.796685021695798468e-01 -8.995140320253139921e-01 6.320686620795954447e-01 1.026063943593027439e+00 -1.016419697060753968e+00 -3.482243495196412630e-01
4.659000000000000000e+03 3.945391413587804408e+01 -7.549772881773368916e-01 2.946428245359056231e-01 -3.295565872777426186e-01 -2.171190450736690258e-01 -9.893431825091869580e-01 8.992114144318215097e-01 -9.293318835643440412e-01 3.144838642417674412e-01
4.760000000000000000e+03 4.128929812521047893e+01 -1.369479862011544036e+00 -4.096133576080795979e-01 -6.852560895054358170e-01 5.830972679217304444e-01 -6.760130834567095182e-01 -1.674823782741767242e-01 -5.072577676692238691e-03 7.639388657005657945e-01
4.861000000000000000e+03 4.270353910747083148e+01 2.098377485348551508e-03 1.299178781971333407e+00 -1.731211148987756854e-01 7.680828073267287337e-01 -1.022324344982020738e+00 1.972711442279451166e-02 -3.142748693120208658e-01 -6.638605755706331601e-01
4.962000000000000000e+03 4.296112274891940785e+01 -3.441173830208749118e-01 1.531651704047620188e-01 -5.569474300440726555e-01 6.914651770684542287e-01 1.916745173662909307e-02 1.033737775038984230e+00 5.759379089391041262e-01 3.448064736774107963e-01
5.063000000000000000e+03 4.603879905608400236e+01 -1.050606347840974397e+00 -7.816406398125095301e-01 -6.217677196187094690e-01 9.409786181028032548e-01 2.586685554370594442e+00 1.040299386042696339e+00 -2.809913308789686037e-01 -6.260878274782124553e-01
5.164000000000000000e+03 4.584736236192795644e+01 1.150424661273471649e+00 5.973715517499929017e-01 3.816001392039695128e-01 -1.143121247143370711e+00 -2.565828808231361613e+00 -4.412333712216560677e-01 -2.437647885979190576e-01 -9.279000645767697675e-01
5.265000000000000000e+03 4.856129811278022146e+01 2.725852591992736773e-01 -4.467270968048476787e-01 -3.806793412875538740e-01 -1.426139626134603544e+00 2.971780968880878948e+00 9.106555898684449701e-01 1.589762783563127169e+00 6.434722823922754964e-01
5.366000000000000000e+03 4.887845387919573881e+01 -1.363124208309019814e+00 2.834837384424366280e-01 -6.243939282600802221e-02 2.087858901238143883e+00 -2.940093596614192784e-01 3.163528203989756094e-01 1.726728110293959395e-01 2.141211109720225103e+00
5.467000000000000000e+03 5.161660131696775977e+01 -1.823396353921438617e+00 -1.425117506081635677e-02 6.224640693765193245e-02 3.566386798488603294e-01 -2.049044440916807819e+00 -1.482370624350228594e+00 7.079531555502317497e-01 -2.158869558303196101e-01
5.568000000000000000e+03 5.381876122288431219e+01 -2.422665189044672929e-01 -9.955410097171233375e-01 2.007339055864792998e-01 1.445964639614353064e+00 5.282992810355353619e-01 1.459329027848243587e+00 5.103637963757379215e-01 -1.170541361538740111e+00
5.669000000000000000e+03 5.522882917023858340e+01 -3.239697165686464819e-01 -6.873784113592795730e-02 -1.289863483501502150e+00 2.980402191464967654e+00 1.903415360409670409e+00 -5.408100940004862967e-01 -1.187712062649998623e+00 -1.035279513621568892e+00
5.770000000000000000e+03 5.848849774578884819e+01 -1.694184425557806239e+00 1.222580452170062060e+00 1.279655368004384286e-01 3.174874332765115770e-01 1.225811483960069781e+00 -2.841150045426024118e+00 4.220657409057552378e+00 1.075319940957969456e+00
5.871000000000000000e+03 5.827086548223417140e+01 -1.107454957855261046e+00 -1.515265989207485120e+00 2.518291330184710741e+00 1.839317070396784271e+00 3.172064786687517568e+00 1.308730258331911589e+00 2.116145179300138235e+00 -4.882767004239058295e+00
