# l Dl_TT Dl_TE Dl_TB Dl_ET Dl_BT Dl_EE Dl_EB Dl_BE Dl_BB
7.050000000000000000e+01 1.757824218963921339e+03 -5.666696328386302994e+00 1.240797787534062557e-01 -6.549313092544801762e+00 4.754078494997393545e-01 3.422417353640109794e-01 3.167270290348120354e-02 1.675309187120299637e-02 -2.045464143236232907e-02
1.065000000000000000e+02 2.799403248375401290e+03 -2.641648062296200550e+01 -1.207555728161661124e-01 -2.590000468348024043e+01 -1.314724906687908534e-01 8.510767087428299238e-01 1.544947216570942763e-02 1.151716211315139196e-02 -6.460344411195677143e-03
1.425000000000000000e+02 4.329602880882373029e+03 -4.602133967212817112e+01 1.955653514876870114e+00 -4.599380489168888886e+01 1.429328677207036380e+00 1.123720455979524413e+00 -6.203327788649817993e-03 -1.268197027203669253e-02 -7.187241285377810388e-03
1.785000000000000000e+02 5.201978716736795832e+03 -3.785516312498016589e+01 -8.732876090434894545e-01 -3.638771744106631445e+01 -1.107336114075013977e+00 8.753898533163098072e-01 1.095460324741848179e-02 2.235753952318420348e-03 -5.067782313528031504e-03
2.145000000000000000e+02 5.853691526947990496e+03 5.066178302785338872e+00 -1.210652913534802533e+00 5.199129591527224648e+00 -1.612904341691773880e+00 8.148310759056500707e-01 6.297745626741897522e-03 4.607227558574185367e-03 3.047015517715453981e-02
2.505000000000000000e+02 5.314950236613090055e+03 6.105889370475405542e+01 -3.181444988343919977e-01 6.079173295204552829e+01 -2.031829154523783973e-02 2.403330266018920192e+00 -9.867999931134316047e-03 -2.327162470502275315e-02 2.283124821062347543e-02
2.865000000000000000e+02 4.500140036058244732e+03 1.068282874637521331e+02 -7.046688423475884200e-01 1.076738746113752114e+02 -4.536936545085549222e-01 6.773637056892608754e+00 4.152218016764362002e-02 4.768418105965016585e-02 3.814828586349813810e-02
3.225000000000000000e+02 3.242634734170279899e+03 1.134491298171424347e+02 7.980874466154033176e-01 1.123683237390261098e+02 4.264135430832018958e-01 1.323533257863668666e+01 1.158271004031222878e-02 2.685674879407768528e-02 2.442348216349423534e-02
3.585000000000000000e+02 2.336978982405642455e+03 7.649000308005290094e+01 -5.111776212986002266e-01 7.715908689304515633e+01 -3.739832825823065088e-01 1.858856226465104911e+01 -6.526778551338370538e-02 -2.537851794121653501e-02 3.723635047392716280e-02
3.945000000000000000e+02 1.791177032136887192e+03 8.199847353354709156e+00 1.197532683404180509e-01 8.698761081121089589e+00 -1.405210046395131140e-01 2.182098699164740196e+01 -1.442866305283717863e-02 -1.084978728193368713e-01 3.542888506863300230e-02
4.305000000000000000e+02 1.744727635251726952e+03 -4.778331329968819574e+01 -1.482917544615084404e-01 -4.661583987917158112e+01 -1.753832967902954620e-02 1.954323462859890270e+01 1.087411233665308841e-01 7.731085207576599005e-02 4.032708484644535740e-02
4.665000000000000000e+02 2.114871649096261535e+03 -7.265417232714355578e+01 2.990895228860532273e-01 -7.260210323883632100e+01 -1.923366642728916442e-01 1.322411645396521429e+01 5.510861791856996872e-02 1.250601985440178560e-02 4.554114326246011535e-02
5.025000000000000000e+02 2.481079939922372432e+03 -5.781531384948380037e+01 -8.104794625913486206e-01 -5.752860271497745259e+01 3.514231756600514900e-01 8.288174935691554168e+00 -4.266467578221286305e-03 1.027796161507488724e-02 1.073358059071893578e-01
5.385000000000000000e+02 2.615792630982864466e+03 -1.233409495223311936e+01 -5.414143754070784714e-02 -1.176028688197388661e+01 -3.983915955109555984e-01 7.472347662687088388e+00 -1.718269454489229978e-02 -2.154635314982646099e-04 4.527627048985952835e-02
5.745000000000000000e+02 2.428379179018198556e+03 2.204936785003937416e+01 2.859642977987723045e-01 2.229956839058499440e+01 5.750693378418549051e-02 1.314654084518553390e+01 2.535597808319712404e-02 -2.868085353575217100e-05 8.133802951268623294e-02
6.105000000000000000e+02 2.178743711747425550e+03 2.798598903582963260e+01 4.636015844562209054e-01 2.816306633780236979e+01 1.514250870835974760e-01 2.276199623170219866e+01 -1.942212466071768784e-02 -3.413227193715097363e-02 4.028070726953334596e-02
6.465000000000000000e+02 1.908594492627831869e+03 -1.378535947364856540e+01 -1.593746594750034551e-01 -1.506192800880152660e+01 6.702012223683065373e-02 3.272636573516453495e+01 3.009434365403419742e-02 7.201156543529260712e-02 7.833870360179354120e-02
6.825000000000000000e+02 1.806940598755487827e+03 -7.175217398631600929e+01 9.565420944638766132e-01 -7.115827935358677792e+01 3.763532289126497732e-01 3.705309303716686742e+01 -4.419438908411409822e-03 -6.781814866443375278e-02 4.912337471647752751e-02
7.185000000000000000e+02 1.972094231137378983e+03 -1.190569883462281950e+02 8.369656269612723021e-01 -1.182249348329511349e+02 -3.634506024327724960e-01 3.515395890761684683e+01 -3.349771265787888919e-02 -7.437900996488730487e-02 9.040903830668355068e-02
7.545000000000000000e+02 2.270980188304701642e+03 -1.317951407496117895e+02 2.852666016722081865e-01 -1.318844053201771374e+02 4.743654824509727641e-01 2.637172186609665658e+01 2.032857433902080305e-02 2.117330128968947234e-03 8.180774272640878308e-02
7.905000000000000000e+02 2.514796306981333601e+03 -1.041082603560219582e+02 -2.719912884516217377e-01 -1.037057093775082279e+02 5.467314917216971326e-02 1.781469638707611480e+01 3.118402611461709023e-02 6.470333875401262924e-02 1.145915214354583239e-01
8.265000000000000000e+02 2.497894638936572392e+03 -4.089623189483030785e+01 6.571760882542720950e-01 -4.125290197198037845e+01 -1.993431885008788429e-01 1.283093877751833034e+01 -4.499638412913041507e-02 3.289596428877056278e-02 1.188752201574981571e-01
8.625000000000000000e+02 2.344220885634240403e+03 1.868868227486667877e+01 1.367584115797674915e+00 1.893407308546790802e+01 1.090744119915742161e+00 1.479076932538401934e+01 8.251254172503202922e-02 6.109193815410643436e-02 1.161659430848001884e-01
8.985000000000000000e+02 1.933991024973352523e+03 5.512445175353859383e+01 2.036174687815399675e-01 5.522843347317957097e+01 4.741457908157636347e-01 2.334863360866037851e+01 5.121415856833130831e-02 1.593890624721275295e-01 1.227817980284600652e-01
9.345000000000000000e+02 1.504301868824232770e+03 5.065184504804416576e+01 3.597039081531273053e-01 5.023782654563100891e+01 -4.886849304036980923e-01 3.367920558819956511e+01 -3.663588157890802083e-02 -1.072613482714781796e-01 1.423883682363074610e-01
9.705000000000000000e+02 1.198157510909120901e+03 1.440328109395382228e+01 1.154749988214255896e-01 1.488877721536950105e+01 2.233105466320034482e-01 4.091277687301316490e+01 3.302786729681180672e-02 1.491146281795279610e-02 3.642663999226033317e-02
1.006500000000000000e+03 1.055145953960899988e+03 -3.284140684019450873e+01 5.929091602420438756e-01 -3.180349089716476385e+01 1.738373972533388268e-01 4.136767988263771656e+01 -1.105474206835778961e-01 -3.837846703675575760e-02 5.251303673878153500e-02
1.042500000000000000e+03 1.070510482873993396e+03 -6.622530034787430964e+01 -4.833819598374382576e-01 -6.608177857865425153e+01 1.908658286162796258e-01 3.516775169080381147e+01 6.544292014631145071e-02 6.199515098156980347e-02 1.143417913655370988e-01
1.078500000000000000e+03 1.164685715159448137e+03 -7.793085549546833590e+01 2.297170473457831319e-01 -7.749494883635769327e+01 4.506834236751075529e-01 2.519931811064007476e+01 7.999759915820270351e-02 5.736454528682323473e-02 6.711673585116004204e-02
1.114500000000000000e+03 1.243341133637173698e+03 -6.084680615300646878e+01 6.957247159977542061e-01 -5.971200721122545474e+01 4.508422795825431928e-01 1.680726503365600166e+01 -2.702293334865854893e-02 -6.897600003531365043e-02 8.985125869876697813e-02
1.150500000000000000e+03 1.219993765524374112e+03 -2.770855816700850482e+01 6.119845111056831932e-02 -2.784039453383471141e+01 9.206856987733782471e-01 1.339457514030971197e+01 4.077120709993622971e-02 -1.510843444352726571e-02 1.779169789961209946e-01
1.186500000000000000e+03 1.100870524603108151e+03 -1.535630152558117079e+00 2.932679585420068236e-01 -1.846291264265952803e+00 7.554820970915622491e-02 1.545975547853534593e+01 -1.256648934445609572e-02 -2.060208072368611282e-02 7.350064764745309343e-02
1.222500000000000000e+03 9.447497150264100583e+02 5.909230095632113766e+00 2.182493090947126152e-02 5.478512546808925521e+00 -5.354534389496491409e-01 2.138913309044851019e+01 5.301812428809953709e-02 2.993864926446826967e-03 5.387162407529157843e-02
1.258500000000000000e+03 8.116461227474710540e+02 -6.511291737193960927e+00 -1.641814030150873238e-01 -5.953529746369293107e+00 -6.634100435832547549e-02 2.787427619554431146e+01 2.941887313648395424e-02 1.412229018935074742e-01 8.040492467425740253e-02
1.294500000000000000e+03 7.341359617467460339e+02 -2.884523260436570880e+01 2.234680970443308490e-01 -2.825562487917735410e+01 2.674364776549309486e-03 3.062622455054235715e+01 -1.685650191070189874e-01 -1.345860220261241996e-02 1.356737375988353866e-01
1.330500000000000000e+03 7.390909778522103579e+02 -5.133464824444944696e+01 5.738695000646515387e-01 -5.172167565306935444e+01 1.707314879628439863e-01 2.884975357253886585e+01 -3.225915997689446368e-02 1.084945441400539112e-01 9.746117968882989091e-02
1.366500000000000000e+03 7.810375755568932163e+02 -6.097961815373446370e+01 -1.872238768681861176e-01 -6.012007563650674058e+01 -6.818035530530844324e-02 2.353604841527544167e+01 -5.262340837360119511e-02 -3.264060605609180044e-02 9.165043157704678978e-02
1.402500000000000000e+03 8.241472496265075733e+02 -5.355828818639156452e+01 -4.983441400757888662e-01 -5.467063376748253489e+01 8.504762775239772532e-01 1.701860161191477516e+01 5.043166906071257921e-02 4.307009815862795910e-02 3.411744130393201679e-02
1.438500000000000000e+03 8.081482844785705311e+02 -3.359134559312427371e+01 1.184964844061994482e-01 -3.368788876437058377e+01 -3.259214550394383680e-01 1.260900257348712117e+01 4.380084975933955238e-02 -3.708403326718753834e-02 2.324773875764639050e-02
1.474500000000000000e+03 7.472334597018918885e+02 -1.329185894721915417e+01 -6.049288896127720250e-01 -1.276141902892549140e+01 -2.167873574557295513e-01 1.144034135214965708e+01 1.128225632249825819e-02 3.432370258382357736e-03 3.784608683679180352e-02
1.510500000000000000e+03 6.639271548006142893e+02 1.681794670787704504e+00 3.627189611823488091e-01 1.667911821266734096e+00 1.574592836253257966e-01 1.336289815106555601e+01 -5.392916520753701648e-02 -1.112221503110194659e-01 1.421324892946662644e-01
1.546500000000000000e+03 5.548298251387907385e+02 6.302121338737766365e+00 -2.879440187013193597e-03 6.128560008055352171e+00 3.511753763784383198e-01 1.698719185317759894e+01 -7.069625774020628362e-02 -1.094758104405190169e-01 2.146411397571044988e-02
1.582500000000000000e+03 4.615038693952681683e+02 -1.243400999195525714e+00 7.876851215630387149e-02 -2.004509638810067162e+00 -2.667581807120223414e-01 1.961060027942045991e+01 -1.837592138269606989e-01 -6.932848158999019295e-02 1.197261025917440574e-02
1.618500000000000000e+03 4.083963841060942741e+02 -1.472634165925818550e+01 -2.553382181267324635e-01 -1.455025834644037452e+01 -9.526346864314887142e-02 2.039738002156452978e+01 -5.375755989948442781e-02 1.245000675821455183e-01 7.326879137173754331e-02
1.654500000000000000e+03 3.951026799440724062e+02 -2.573760141719414207e+01 6.371264830070166862e-02 -2.563611515926258733e+01 2.709695625283792264e-01 1.825062781610846230e+01 8.899579861702219818e-02 -6.692276425027117448e-02 -3.580417850831539572e-03
1.690500000000000000e+03 3.998495328093025591e+02 -2.916353456758317719e+01 3.218243124378553643e-01 -2.986661152739498704e+01 -2.628927032110833784e-01 1.465432099807043009e+01 -2.341454667744367890e-02 -2.702618532864478965e-02 1.426760797651497881e-01
1.726500000000000000e+03 4.074507054814298499e+02 -2.642657890759869588e+01 -3.527335094766608226e-01 -2.651584408437409479e+01 -6.153172878018382808e-02 1.086010381509535350e+01 1.114681584636342676e-01 1.103095724745231238e-01 1.117844808794000167e-01
1.762500000000000000e+03 3.956782943947944204e+02 -1.869109894532184057e+01 -3.207748172196873138e-01 -1.890043439636986733e+01 -1.830328791672851396e-01 8.631870722961433984e+00 8.971812350316145032e-03 -4.443354553110710758e-02 1.691700522934192485e-01
1.798500000000000000e+03 3.707644157963835596e+02 -1.069133658222303396e+01 -1.390579157766991258e-01 -1.047981121281724626e+01 -5.234946282652530591e-02 7.955274621511247979e+00 -5.077026032331673905e-02 2.127479041175649177e-02 6.438059322433195564e-02
1.834500000000000000e+03 3.327446424691565880e+02 -5.478959878835223840e+00 -1.250937379371732106e-01 -5.399317829387642931e+00 4.683618348010687438e-01 8.929823207194315771e+00 -1.014099808164746069e-01 -2.894263112113094893e-02 1.132272706346798274e-01
1.870500000000000000e+03 2.861068394659851037e+02 -4.933196290823866903e+00 3.121035763161397192e-01 -5.489270980989306992e+00 2.098452814841491598e-01 1.029897952775556291e+01 5.784430410016395269e-02 5.096406441289032252e-02 1.540422922926133475e-01
1.906500000000000000e+03 2.568559806065268845e+02 -9.193383744847801964e+00 6.725224287381931232e-02 -9.506467258770573636e+00 1.637416055903789525e-01 1.135238743172659426e+01 1.030461375131357382e-01 -2.057752687749392524e-03 3.120388218027448507e-02
1.942500000000000000e+03 2.460998527030819218e+02 -1.505605389764682300e+01 -6.312571881735697110e-02 -1.421565609222813187e+01 1.391227105437610745e-01 1.089555977531517073e+01 2.728836788803525731e-02 6.097926698011891383e-02 4.582120916022441870e-02
1.978500000000000000e+03 2.416251530977888820e+02 -1.725964402242573215e+01 3.333625899446622243e-01 -1.790528997435033887e+01 1.826914548434822039e-01 9.784092605382202379e+00 2.977641949803628424e-02 -7.261267633231230367e-02 1.354812451587894817e-01
2.014500000000000000e+03 2.425495818041220559e+02 -1.754565226122363697e+01 4.317650238185398726e-01 -1.743166529102082052e+01 -1.977720969438531429e-01 7.958341225513690276e+00 1.219377947330126805e-02 -5.803636658700441625e-02 3.636838107803645054e-02
2.050500000000000000e+03 2.381723678214333404e+02 -1.407594265321451843e+01 1.516155606620354090e-01 -1.386233538413884503e+01 -1.372734594161675870e-01 6.163776445798521131e+00 -9.882173850990529085e-02 1.103062132599244571e-02 6.582615713101909460e-02
2.086500000000000000e+03 2.275162273101444157e+02 -9.496977399532221753e+00 -1.385241581627388863e-01 -9.740602452769078212e+00 2.868847895305959295e-02 5.004109764973108554e+00 1.838901119826676783e-02 -5.108276025263425862e-02 8.134893932700713870e-02
2.122500000000000000e+03 2.071514138435038603e+02 -5.204150042814925214e+00 3.614588784189720072e-01 -5.193472730908023749e+00 3.979777317093903533e-02 5.115343203519305604e+00 -1.234263678287839949e-01 -6.679013511527165381e-04 -6.392653226526795462e-02
2.158500000000000000e+03 1.810595679062244585e+02 -2.661384917935442296e+00 -1.815719959045507953e-02 -2.945665766586914813e+00 -2.766788856944621955e-01 5.492633869917705525e+00 9.842245986941984548e-02 5.619458875530142228e-02 1.134609158772723336e-01
2.207000000000000000e+03 1.537981361864262908e+02 -3.654914677966873970e+00 5.009666061354306477e-02 -3.587869075844285049e+00 2.005656359706178282e-01 5.985957259293213539e+00 1.201844153578836283e-02 -9.246885868634759087e-02 -1.093048406855546065e-02
2.268000000000000000e+03 1.336209100603057323e+02 -6.974723905642221666e+00 -1.153489516160847161e-01 -6.809012215650387390e+00 -9.099639493169178750e-03 5.818908663566933370e+00 4.983871681993072567e-02 8.165187026486284139e-02 1.650571470049087275e-01
2.329000000000000000e+03 1.254978805666529524e+02 -8.075388837023625754e+00 3.489860814338396899e-01 -7.831011314446143956e+00 -6.246355853102975725e-02 4.491080769817342500e+00 2.278676404537723077e-02 -5.642960577580097281e-03 -1.163437004681429701e-02
2.390000000000000000e+03 1.191860189631672995e+02 -5.513483901901460982e+00 -1.950892462185733756e-01 -5.861648248148206619e+00 2.023045612792773729e-01 3.173849604444119787e+00 6.818085396645248708e-02 9.879866215054683432e-04 2.184007774153838566e-02
2.451000000000000000e+03 1.055535752882157681e+02 -3.490191015984766665e+00 9.415597806884046239e-02 -3.637668473985065987e+00 3.157214709212372572e-01 2.860527297522953205e+00 -3.948296218575982064e-02 1.264238291000129369e-02 1.039910834534374384e-02
2.512000000000000000e+03 9.095318861348229689e+01 -3.054121976881219780e+00 1.052806536070219762e-01 -3.017794324493641156e+00 1.092801430781111666e-01 2.929667619813135282e+00 5.725605697867779120e-02 1.301919298353234611e-01 -3.795152878698757060e-02
2.573000000000000000e+03 8.232566643440435428e+01 -3.916177270526215892e+00 -1.301525038796446654e-01 -3.871707783575125461e+00 -1.081724234145788888e-01 2.836466331295921961e+00 1.510259167416709847e-01 -5.911216757871455563e-02 -2.574504623686191263e-02
2.634000000000000000e+03 7.847545629555878577e+01 -4.236221420818738537e+00 3.618861009390858530e-01 -4.273711577516896121e+00 2.005630702341119065e-01 2.374227654927642206e+00 8.503112623324676767e-04 5.662016137694457496e-02 1.541314642786807410e-01
2.695000000000000000e+03 7.349224998200357106e+01 -3.168805463301540115e+00 1.372185207361369119e-01 -3.537335761551076541e+00 -5.993882363975008842e-02 1.765824089403874808e+00 5.784772915339086996e-02 9.349682243682602700e-02 -1.051005845583217330e-02
2.756000000000000000e+03 6.591607358810333039e+01 -1.635378652421336287e+00 4.802193475151586566e-02 -1.872134669602045554e+00 8.377435934347642055e-02 1.661105948252531661e+00 1.373294542226669024e-01 -1.115243291476672276e-02 -4.717635636602957733e-02
2.817000000000000000e+03 5.756898645301602357e+01 -1.415531742305704554e+00 1.038467648311703073e-01 -1.578846231951899659e+00 3.620564990010053386e-01 1.799158033537834100e+00 -7.293104888466557523e-02 -5.731509302119562610e-02 3.131195147507684906e-01
2.878000000000000000e+03 5.162687881294659320e+01 -1.723387337529996177e+00 -1.393659227682979285e-02 -1.386682736220681278e+00 -9.661904037447593963e-02 1.599138263051941511e+00 -1.215858628233432714e-01 1.438811167881212660e-01 2.141214781773074366e-02
2.939000000000000000e+03 4.865475132113268586e+01 -1.930400758160530916e+00 -4.525861698847466474e-02 -1.915984114745417521e+00 2.952519413766304668e-01 1.300722082934596013e+00 4.973560413169916816e-03 -1.937214740651756750e-01 1.108527023923941424e-01
3.000000000000000000e+03 4.648520498419065916e+01 -1.572174663082437140e+00 1.848159656565427911e-01 -1.597776846793336869e+00 2.017303967002249399e-01 9.253312201372008161e-01 -9.511542962899614817e-02 1.072607980827579993e-02 3.033302310032202631e-01
3.061000000000000000e+03 4.358850872070044602e+01 -1.210865261765846856e+00 -2.435233633236736361e-01 -1.201688839160672817e+00 1.602294555067809712e-01 8.234066948696584509e-01 1.164067085646338789e-01 -7.114488981239659726e-02 1.523012952601121017e-01
3.122000000000000000e+03 4.073494203306455574e+01 -6.852023018784528796e-01 -1.241279380105088648e-01 -1.121814784095037432e+00 -1.703185425381409657e-01 8.141751267348411591e-01 -5.830972749290525697e-03 -1.723188516987117502e-01 2.346581020935600836e-01
3.183000000000000000e+03 3.849244673502327885e+01 -8.698048660993450421e-01 4.968473427806899961e-02 -8.519593796042048695e-01 5.684288010676396413e-02 8.797333585648199339e-01 -3.007190552828691299e-01 -1.397338316585362838e-01 -2.785440265742147870e-01
3.244000000000000000e+03 3.726628756764681327e+01 -8.962878650219120447e-01 2.796086864980048409e-02 -9.778775634263469074e-01 5.117847552801168404e-02 2.749563977911309021e-01 -1.252798522513810520e-01 7.838089811040731270e-02 3.359491766847694932e-02
3.305000000000000000e+03 3.560531466473934614e+01 -9.766213941858680192e-01 2.192077956694774704e-02 -1.032878883021794758e+00 -1.505988062180467213e-01 4.668322744650438838e-01 4.797743764343547213e-01 -7.132161918566264081e-02 1.576974173035775029e-03
3.366000000000000000e+03 3.410332220028092820e+01 -5.292672272492738861e-01 -8.817999946373908382e-02 -4.191331128515937698e-01 1.298946826424368650e-01 5.506313363441397435e-01 1.239423619359788509e-01 3.022881960669268619e-01 -2.640902649087309428e-01
3.447000000000000000e+03 3.271609304460787371e+01 -5.283035689807840107e-01 5.325155025608659110e-02 -4.687528207868775221e-01 -6.025620151783193934e-02 4.793017472342984142e-01 2.891280782664332194e-02 -1.814965537195292189e-01 -1.008940886562903205e-01
3.548000000000000000e+03 3.144336734604355144e+01 -2.890148235137994792e-01 -2.536273928890378504e-01 -3.373404744322441307e-01 1.513065416531436114e-01 4.863353495228238121e-01 2.983790552607233915e-01 -1.317995104283937735e-01 2.239016615100752894e-01
3.649000000000000000e+03 3.069929811441129885e+01 -1.897615993400577072e-01 7.640271793295917713e-02 -2.707322475444041143e-01 -1.172638444815262415e-01 4.703495883928359156e-01 2.078381742197459719e-02 -8.647211599687719408e-02 2.650822004810580723e-01
3.750000000000000000e+03 3.028016904734519699e+01 -2.476609636957914917e-01 2.575269470697692797e-02 -2.730049667956592208e-01 -5.203733933848672666e-02 1.571855379659307939e-02 3.527187481166773608e-01 -1.377164465911644708e-01 -1.209266118136776702e-01
3.851000000000000000e+03 3.024693105709154395e+01 -4.531260203016779231e-01 -1.405002772476629871e-02 -8.752894569139083036e-02 -2.141311327795181740e-01 -5.289925524131831175e-02 -3.607700927902976473e-02 1.283705850203727128e-01 -4.030478620814446078e-01
3.952000000000000000e+03 2.991224700640750100e+01 -2.675607155305388674e-02 -4.056105168554575979e-02 -7.379149567309800650e-02 -1.109828171496625576e-01 2.013681646104375500e-01 -1.032116360730955806e-02 -2.386501306632457520e-01 9.285623755422163506e-02
4.053000000000000000e+03 3.029008693805375074e+01 -2.324818293078008413e-01 -3.924862939904807391e-01 -4.737138532005170655e-01 -4.092806929825368867e-01 7.204708123223953209e-02 1.103592163452517261e-01 2.353818014435113126e-01 -3.169520208534751804e-01
4.154000000000000000e+03 3.101350996328102383e+01 -4.747894383150173536e-01 1.015798977663590896e-01 1.626324728555937071e-01 7.629545243651601749e-02 -5.952048766298641269e-02 9.234528100014594010e-02 -3.514087337883743667e-02 1.772926543209433214e-01
4.255000000000000000e+03 3.090605619551217487e+01 -5.899781802465453584e-01 -3.566304092050734953e-01 -5.169378619074799230e-01 1.545969366017051760e-01 4.097704964585973109e-01 3.902988633655071204e-01 -3.298204359873203040e-01 3.026671779406993057e-01
4.356000000000000000e+03 3.212623979943147390e+01 -2.617820309082921626e-02 4.933212336390667696e-01 -2.336843157180952812e-01 2.054974207821007315e-01 2.866367116199738940e-01 -3.209618347323980325e-01 -1.930973248747414051e-03 -2.098796609732691831e-01
4.457000000000000000e+03 3.236049225285341180e+01 -9.183529116073713139e-02 -3.338386725796421706e-03 2.174124352713574515e-01 -4.353154497949344170e-01 -1.628611223879288805e-01 -1.438508777235863734e-01 8.573369507702605086e-02 8.111738805204965486e-02
4.558000000000000000e+03 3.332918529663656670e+01 6.744237960441171187e-02 2.274777656736820530e-01 -1.923228070474958529e-01 4.453123647180865508e-01 2.628853227767833922e-01 2.486787364327839867e-01 3.109769827626870931e-01 1.685704053291853244e-01
4.659000000000000000e+03 3.382475412514575197e+01 4.304493631148868793e-02 9.003826077012180296e-01 6.693537017100319175e-02 3.643797554283750850e-01 4.703636015512782098e-01 -4.144360898156382311e-01 -3.856266258668371305e-02 -1.823578857400632025e-01
4.760000000000000000e+03 3.492974993815560936e+01 6.839207203529895640e-02 1.112203204624486463e-01 -2.677081979259931521e-01 1.073482615844326554e-01 2.060893120702809722e-01 6.673763635477492073e-02 1.173179088836115991e-01 -1.246244420563958066e-01
4.861000000000000000e+03 3.587637525238886838e+01 1.301214584069086966e-01 -4.626167178866885665e-01 3.930097246543776124e-02 -3.085313048913340683e-02 8.005389224178624530e-02 -6.125616631606591866e-01 7.250826134097353437e-01 1.825062188917704054e-01
4.962000000000000000e+03 3.666813336196807427e+01 -6.828228471432677693e-02 1.061530211469196294e-01 -6.337820184264606471e-01 -6.857463581060790903e-03 8.335291514661850032e-01 -2.905641099964819674e-01 -4.513568125294123434e-01 3.748456694344144968e-01
5.063000000000000000e+03 3.778368854849698977e+01 8.410946917189738858e-01 -2.099988252845557124e-01 5.140345200901734746e-01 -3.865901965736567858e-02 -3.699492077227162223e-01 1.868793964266908803e-01 3.637626969365486129e-01 4.694825166511426007e-01
5.164000000000000000e+03 3.904495213516996444e+01 -4.196748977229710076e-01 -3.541304245605467749e-01 2.849192071056285691e-01 -5.873933572692463523e-02 -1.663828036127658061e-01 3.777422185895092377e-01 1.604751735581831373e-01 1.079255778784551367e-01
5.265000000000000000e+03 3.931897593122364754e+01 2.084467779872909710e-01 7.045163723696939995e-01 -2.086066438580688742e-01 4.666790869170590605e-01 -1.922997723509307200e+00 -1.951966633893290060e-01 1.308700403545311475e-01 4.749350979129042249e-01
5.366000000000000000e+03 4.132389645840487447e+01 -3.077090290330452768e-02 1.886804794488094184e-01 4.167567442388772081e-01 8.727040303363786666e-02 1.522119318547399958e-01 2.957451835177334898e-01 1.081071155326489786e+00 -6.802431005737322178e-02
5.467000000000000000e+03 4.231508914510663999e+01 5.104174555036554706e-01 2.830310126180213270e-02 3.691087186219437766e-01 -1.521842033395029437e-01 2.111964629811179939e-01 2.454331913165320733e-01 2.653824378574914933e-01 -1.435837304903270439e+00
5.568000000000000000e+03 4.359660789811191250e+01 2.969724520357004405e-01 4.095910159217917013e-01 5.673784747802732564e-01 -5.670993217386683938e-01 -1.326535451410121969e+00 8.111856276898954388e-01 -2.526207830222572392e-02 2.127258523573252735e-01
5.669000000000000000e+03 4.430366036718896794e+01 -3.439545327130434926e-01 -5.172747232158353414e-01 -2.285936815265995903e-01 3.478104455850153376e-01 6.826665901192399133e-01 -1.037252106915643735e-01 7.459731947840813060e-01 9.393072802177663272e-01
5.770000000000000000e+03 4.577078469101478930e+01 -1.502797047231963223e-01 1.848719651784950901e+00 -4.084560160328521983e-01 9.614514116360159957e-01 -5.918781911945011354e-01 4.900215244149777050e-01 -1.017990129242607900e+00 4.613527339254201720e-02
5.871000000000000000e+03 4.726633434559049363e+01 5.930243420786374120e-01 1.162652398894552519e-01 2.230000440284826690e-02 7.224816597699902365e-01 -3.041392820290089727e-01 -1.346324792192277187e-01 -5.108962261877194599e-01 3.362379808229338796e-01
