# l Dl_TT Dl_TE Dl_TB Dl_ET Dl_BT Dl_EE Dl_EB Dl_BE Dl_BB
7.050000000000000000e+01 2.236313177019162595e+03 -1.110409963767035713e+01 -4.022668363198443231e+00 -1.423124702611782766e+01 -1.905386173411183215e+00 3.476124239916489334e-01 -2.686671293304829927e-02 3.326240626442928533e-02 -3.455270957350831118e-02
1.065000000000000000e+02 2.739767546278089412e+03 -2.548345064938309079e+01 3.835509882694465134e+00 -2.211383631156344265e+01 -2.942006312592711836e+00 7.986645340050889663e-01 9.172908892740630135e-03 3.806267075941188738e-02 1.891243719653212807e-03
1.425000000000000000e+02 4.218486223408687692e+03 -4.651344755843267365e+01 -1.407552601546428805e+00 -4.450008385226891505e+01 2.595165573045229657e+00 1.099622802218209960e+00 -3.616713028350559272e-02 1.220885798835381203e-02 -6.433697542645339107e-02
1.785000000000000000e+02 5.242434982322096403e+03 -3.416629376252472383e+01 -3.189669156293752916e-01 -3.688935447948730229e+01 1.593441429070233228e+00 7.668919947212600174e-01 -1.424858779263222727e-02 -1.878728978637905431e-02 7.115500998472990002e-02
2.145000000000000000e+02 5.788388234638011454e+03 3.210277799403449261e+00 9.229762864056077765e-02 3.444824816458126548e+00 -2.921719005666774116e-01 8.206871612019648321e-01 1.092292563518606346e-02 1.689788269607494717e-02 8.084141591447553676e-03
2.505000000000000000e+02 5.445113155879302212e+03 6.175537899458157653e+01 -3.217575334358794059e+00 6.156582163612831238e+01 -1.506763474270433889e-01 2.541053178763041487e+00 -4.278739365420572427e-02 -1.807745829971155183e-02 7.011286010327773266e-02
2.865000000000000000e+02 4.473489898939812520e+03 1.057216113485829396e+02 1.279063734174085143e+00 1.039295793651877773e+02 -9.031071395490891662e-02 6.704310616555860136e+00 2.203133542509499998e-02 3.450354792041801164e-03 1.074030725478588785e-02
3.225000000000000000e+02 3.265925841453363319e+03 1.160550114520692375e+02 6.835263587050659506e-01 1.151405931448838658e+02 2.007843687924737885e+00 1.306450153792360425e+01 -5.528294727361051514e-02 -8.123151391526409193e-02 1.147646678022665734e-01
3.585000000000000000e+02 2.299759016303674798e+03 7.415890138700149237e+01 2.933774238036500615e-01 7.699595104686704872e+01 5.860225257613116412e-01 1.875355596160470384e+01 -3.817283043526933928e-02 -7.865770904534478969e-02 2.799424131754436190e-02
3.945000000000000000e+02 1.821094021063981018e+03 9.381993099339501541e+00 -5.376923308915659838e-01 5.743673526658934492e+00 -2.925461788936781105e+00 2.156279408222051686e+01 -4.527605803202458534e-02 -7.798364066986165910e-02 -4.934072509377120802e-02
4.305000000000000000e+02 1.783808552920059356e+03 -4.607809524951088065e+01 -4.641356164228755965e-01 -4.834529071063758465e+01 -5.949725638957035212e-01 1.932069724179098102e+01 5.634311744524665710e-02 -5.710810300445697679e-02 1.446055242599524407e-02
4.665000000000000000e+02 2.145998000523564315e+03 -7.582181116690152578e+01 -8.244554263550272211e-01 -7.341957635137060834e+01 5.641557471544703661e-01 1.354025055185690540e+01 -2.267578318743419807e-03 2.689096852131496462e-02 1.574689418755610346e-02
5.025000000000000000e+02 2.451673514402350520e+03 -5.530542510485506824e+01 -4.477383892741268467e-01 -5.312014667627050812e+01 -5.496692335343869029e-01 8.290517479899802922e+00 8.146751711350559699e-02 -7.212764899025272958e-02 6.436871241038326363e-02
5.385000000000000000e+02 2.554562492379364812e+03 -1.478285430302747727e+01 3.603712679199950752e-01 -1.435306753818463221e+01 -2.993132577148522877e-01 7.489572673511409207e+00 -7.770494056310933706e-02 4.326346911628917158e-02 1.471538749671567024e-02
5.745000000000000000e+02 2.405039743578237903e+03 2.352374729207840431e+01 -8.705169845289725261e-01 2.192557930007092892e+01 -6.762522134392081608e-01 1.307273855000086016e+01 -5.268331939346327514e-02 -1.069854708937268556e-02 1.910836694854655682e-01
6.105000000000000000e+02 2.126869505370314528e+03 2.718839986703950373e+01 -1.446904167301073851e+00 2.661754255391679891e+01 7.353565270777177032e-01 2.339291644198406317e+01 -4.488436078891214903e-02 1.883068702405234218e-02 -4.831064092656260633e-03
6.465000000000000000e+02 1.884296372516148494e+03 -1.169985807828052415e+01 6.592601373245648988e-01 -1.101353080091883108e+01 3.500790516439531985e-01 3.248509185701770718e+01 -1.290594697670870497e-02 -5.714601959365869788e-02 1.300149701303073280e-01
6.825000000000000000e+02 1.848751676657333292e+03 -7.032554659183401213e+01 9.395802223348668214e-01 -7.084837396804780951e+01 -2.479934892747544806e-01 3.690937583008883394e+01 2.576499864756969793e-01 1.373647158760465253e-02 1.197438786267520927e-01
7.185000000000000000e+02 1.916244500234497991e+03 -1.161713831539105257e+02 6.516011886190200553e-01 -1.153201712355771633e+02 -4.773638145595840987e-01 3.512516310624538818e+01 8.176599933703371237e-02 -3.754683316517892777e-02 6.991548915790177232e-02
7.545000000000000000e+02 2.268576086038991889e+03 -1.348542152638980554e+02 -2.104465589777063661e-01 -1.338045399718352542e+02 4.507651221991363366e-01 2.707679172018027813e+01 -1.683570861591029699e-01 9.735144281071003713e-02 1.504002532270325848e-02
7.905000000000000000e+02 2.498040963540142911e+03 -1.013546603451363808e+02 2.914541581354035849e+00 -1.020979700388058973e+02 -6.574015544934685984e-01 1.789952062398212718e+01 -1.217041677116302428e-01 -3.339793632992750505e-02 -3.622812390016096756e-02
8.265000000000000000e+02 2.544107752632191477e+03 -4.367037680535975852e+01 -1.339832967577838430e+00 -4.430258954412721550e+01 -1.935106032056846670e-01 1.288453185023817404e+01 1.708954005794659226e-01 1.198799397073212619e-01 6.661038111475285628e-02
8.625000000000000000e+02 2.352561475102995246e+03 1.844891890865390138e+01 -4.133492840177816624e-02 1.819360066180952984e+01 -3.066093021675570518e-01 1.502383577247218582e+01 1.731837151221624627e-01 -1.299480331032796254e-01 1.080832779542500316e-01
8.985000000000000000e+02 1.891137979548197563e+03 5.426207543100619546e+01 1.696331661230684240e+00 5.636171947267046534e+01 -9.425951114230753936e-01 2.368189542156137861e+01 -9.738714360939576542e-02 -4.648832591436810602e-02 2.091926426066891831e-01
9.345000000000000000e+02 1.487844399451122172e+03 5.147233747087111055e+01 5.796941897119236575e-01 5.363937948608813855e+01 6.928336363803074827e-01 3.388817890088041906e+01 2.731722973833147217e-01 1.494435720749653224e-02 8.628437257367167768e-02
9.705000000000000000e+02 1.208029699972746585e+03 1.424795178659664607e+01 -1.856583868844260188e+00 1.210374948147165242e+01 1.131467738925580335e-01 4.051963911364371995e+01 -5.170141683664731813e-01 4.733128463947736814e-02 -7.339292789288727470e-02
1.006500000000000000e+03 1.048649071463809832e+03 -3.484272613487805614e+01 1.494206279292506379e+00 -3.075769546963237033e+01 6.916195805187759227e-01 4.181232993610751691e+01 -1.508084491371201874e-01 -1.110070105752053032e-01 1.176019011982885332e-01
1.042500000000000000e+03 1.076325724797619841e+03 -6.678925803474575673e+01 -9.844297450125837345e-01 -6.760536017497510386e+01 1.478067712695738667e-01 3.484110437680982386e+01 -4.301705793010868195e-04 -8.940355460920344777e-02 4.022160941408080975e-02
1.078500000000000000e+03 1.190717725417511247e+03 -7.749902017463233506e+01 -1.956302890954951801e+00 -7.720264803040566903e+01 -4.415945933873947626e-01 2.550602948956996840e+01 2.508581740297646245e-01 2.626935955449347798e-02 -2.551726566569571808e-02
1.114500000000000000e+03 1.236555524173019876e+03 -6.047922239107796827e+01 -6.854125407830556904e-01 -5.927203999252247968e+01 1.482747703145974039e-01 1.726494492770216738e+01 -1.334087270894744603e-02 6.449472320252698510e-02 -4.410087160317394117e-02
1.150500000000000000e+03 1.234349449528396008e+03 -2.863954459141742603e+01 7.307105721465384507e-01 -2.854179028173621546e+01 6.542734106795520255e-01 1.353694970171098433e+01 4.459742487999865390e-02 1.355683659644479067e-01 1.588866737227366543e-02
1.186500000000000000e+03 1.115184829072913772e+03 -3.212249970432873969e+00 -1.056287181927434426e+00 -4.158618105033715651e+00 8.438168650015759331e-02 1.562149520539391645e+01 -1.727777767896591238e-02 2.404731581703372853e-02 -1.865284426594268630e-02
1.222500000000000000e+03 9.623542108742511800e+02 6.024444524024268333e+00 7.253214647882805233e-01 2.478656638875103013e+00 6.036489862071486856e-02 2.145103490189048756e+01 -1.723023768612573781e-01 8.285128521884593811e-02 2.176702151950344888e-01
1.258500000000000000e+03 8.276877694071099540e+02 -4.462502750243801941e+00 -1.074938963428346828e+00 -6.063097534583357984e+00 -4.896971689887413826e-02 2.687331114708101865e+01 5.660472883872145339e-03 3.247446991384556059e-02 -2.470759763880987780e-02
1.294500000000000000e+03 7.453858952426962787e+02 -2.933290315224652289e+01 -2.465181066949233279e-01 -2.679786324154919797e+01 -1.769365014553613003e-02 3.040412818152087482e+01 7.382394226871895337e-02 -4.549993389471345545e-02 1.877024695599734117e-01
1.330500000000000000e+03 7.374619674518279453e+02 -5.145413960367078232e+01 5.691304354341775174e-01 -5.175837071476213680e+01 -1.346189895348379739e+00 2.855622037232265242e+01 -1.643895761057034832e-01 1.343994768447769883e-01 -5.116368536217127949e-02
1.366500000000000000e+03 7.732243227106268932e+02 -5.863354495073112815e+01 8.051230731905907323e-01 -5.884393326161827531e+01 -6.324082202572396394e-01 2.328778846817728976e+01 2.752883735725495870e-02 -2.614664637656577417e-01 1.070464847599315317e-01
1.402500000000000000e+03 8.206616458709456765e+02 -5.238980717695471157e+01 -1.608877742495966601e-01 -5.398766588055325855e+01 -5.775308381726477203e-01 1.692869446303674152e+01 -7.292228028048530764e-02 2.345910128940292480e-02 -2.537847783287565731e-02
1.438500000000000000e+03 8.170139644142117277e+02 -3.571333215321605792e+01 2.094357268708346709e+00 -3.400762145704847228e+01 1.964430085435011630e-01 1.258172361798557404e+01 -1.192464847600216427e-02 3.599488414603510544e-02 2.109576524936313535e-01
1.474500000000000000e+03 7.730688953895369195e+02 -1.055566997457580669e+01 -3.530036698769070669e-01 -1.204608926306088179e+01 -8.534778427120575106e-01 1.165264862206667829e+01 2.070176158701174385e-01 1.619354335456768268e-01 1.475502909659993089e-01
1.510500000000000000e+03 6.718836083337500895e+02 2.706825675954115162e+00 2.921677634176758631e-01 3.570478899505533654e+00 -5.074260933915785143e-01 1.355023994365734907e+01 -1.671611335113188379e-01 1.500858841722135240e-01 1.652545532445388321e-01
1.546500000000000000e+03 5.594684268335487332e+02 4.514265719564283685e+00 -8.895593088217279565e-01 6.612492489944758134e+00 2.194674686560529331e-01 1.744665454427369156e+01 -1.415737206760849798e-01 6.701720792196644294e-02 3.003787585043076747e-01
1.582500000000000000e+03 4.787676172900127654e+02 -3.644028204038070484e+00 -5.014854624463483956e-01 -2.882006765138282134e+00 -6.136560372462516177e-01 1.987212187467268620e+01 2.841712115086920676e-01 7.749377721715373923e-02 8.977516279664360388e-02
1.618500000000000000e+03 4.254409167983154703e+02 -1.534278348899014510e+01 8.872924472480558933e-03 -1.452171916980686817e+01 1.509342546455660627e-01 2.054621012379477563e+01 7.983644684081114828e-02 3.059665364191155312e-02 1.045240313517970254e-01
1.654500000000000000e+03 3.999992926005236313e+02 -2.509561620641047597e+01 -7.180948579470741722e-02 -2.462037210085559025e+01 6.991839505106726138e-01 1.826648353176321748e+01 1.731481622628564532e-01 -1.346628290232451119e-01 1.369023532858568148e-01
1.690500000000000000e+03 4.092697874902686408e+02 -2.961900110996393920e+01 6.194258876406565362e-01 -2.802727081923136154e+01 -3.153022950282104442e-01 1.492406062713176595e+01 -8.321961284302406558e-02 2.242418284173153531e-01 3.293600759111391940e-01
1.726500000000000000e+03 4.202355286434969912e+02 -2.675230294299697675e+01 1.064366069700259709e+00 -2.600717946217071841e+01 8.495276922743584258e-01 1.099821736428982355e+01 4.388860092687586478e-01 6.549647227927711535e-02 2.784296031705868479e-02
1.762500000000000000e+03 4.035704344367636054e+02 -1.887548152105903654e+01 -3.748960308527471419e-02 -1.871576541762714641e+01 4.874703861572679542e-01 8.568676042466703890e+00 -3.076422369876894436e-01 -7.131328333407292719e-02 -2.280547804378532661e-01
1.798500000000000000e+03 3.807698446456674901e+02 -1.079417946842768217e+01 2.327100242980578437e-01 -1.049302850048897540e+01 7.385448056273814788e-04 7.888983144805654213e+00 1.140567065681265119e-01 8.019357720902373088e-02 -4.276686548670612098e-02
1.834500000000000000e+03 3.376025360340038333e+02 -4.315947713919312534e+00 -1.811846251795780072e-01 -6.567955052473292810e+00 -4.172258980944738571e-01 8.895075953076439390e+00 3.758438607465382220e-02 2.935173882060941319e-01 7.617744451346632195e-02
1.870500000000000000e+03 2.989168068316066069e+02 -5.180647568652541501e+00 5.979147661711006201e-01 -5.107415044991615360e+00 -9.408130304864450455e-01 1.037062571883386219e+01 -4.395327417604972392e-02 -2.723611666400536091e-01 2.885720352415299672e-01
1.906500000000000000e+03 2.706662396858878310e+02 -8.662925199606434035e+00 -4.767721944248551891e-01 -9.976418610619258942e+00 2.771477469303820218e-01 1.061343419086871620e+01 -1.771766692411604893e-01 -2.758456631092046085e-01 1.096874081512020510e-01
1.942500000000000000e+03 2.586882405792949839e+02 -1.370929861416685291e+01 -4.248967431020045926e-01 -1.489767676538726171e+01 4.164085943671726187e-02 1.108571744800511105e+01 2.074759035023084341e-01 6.598805766539504736e-02 1.118429679543592598e-01
1.978500000000000000e+03 2.516231596874081333e+02 -1.768599129667354219e+01 9.886918891984730617e-02 -1.777559395672155418e+01 -3.894885437450830157e-01 9.800184690990398906e+00 1.320563691824335195e-01 4.209827395977561171e-02 4.793828595882418941e-01
2.014500000000000000e+03 2.499501591963856413e+02 -1.745058894512535375e+01 6.253284145520228154e-01 -1.703568935869332535e+01 5.152446279915715577e-01 8.298703701611090722e+00 1.551806059433293028e-01 -5.377731183580931884e-02 -7.510313397196041740e-02
2.050500000000000000e+03 2.460121105502611556e+02 -1.475613753478128665e+01 -2.490992805715664671e-01 -1.381773227355392208e+01 -8.182836668866193541e-01 6.226941924840454945e+00 2.294749865046610549e-01 -1.210809242281747633e-01 2.030218625165906565e-01
2.086500000000000000e+03 2.374382477289603912e+02 -9.147111683202318488e+00 4.317976028610004402e-02 -9.796905012051283279e+00 3.109769267920592939e-01 5.533308106909919033e+00 1.991060803370675938e-02 -4.093275202046355032e-02 -2.514726948595380485e-02
2.122500000000000000e+03 2.176070674227225368e+02 -5.578842345177289275e+00 8.263836504297009666e-01 -4.818242686669338859e+00 -1.501646602573100675e-01 5.206916490336452874e+00 -4.762705601906170871e-01 -6.758100589369047118e-01 2.277787900838997848e-01
2.158500000000000000e+03 1.938897277241943300e+02 -2.547527664230279321e+00 -9.516187403039290116e-01 -2.309430395113626133e+00 -2.074980897891260390e-01 5.456405589016576130e+00 2.550107320338865224e-01 -2.598450775432530890e-01 1.445910543319217645e-01
2.207000000000000000e+03 1.676928109732516248e+02 -3.635019925735619495e+00 -3.688604691302230787e-01 -3.739547946383157573e+00 1.321607965435139254e-01 6.304109596399944948e+00 -1.616677273660801772e-01 -2.888497455662055596e-02 3.920311314308945472e-02
2.268000000000000000e+03 1.488631710711707115e+02 -6.085984024905383372e+00 -2.021987228057188501e-01 -6.967032137426336647e+00 2.799921752940842667e-01 6.095528942872644684e+00 3.599028458594390883e-02 2.892990297627326401e-02 -2.728062178519122249e-01
2.329000000000000000e+03 1.407755536003289194e+02 -7.576389651038855533e+00 -2.880789742415719168e-01 -7.270106459017530831e+00 6.922444547789785574e-03 4.121824358342790262e+00 2.253347795469921588e-01 -1.315570954729581299e-01 -1.322304255826492470e-01
2.390000000000000000e+03 1.342720875884091356e+02 -5.290785184496167304e+00 -3.226655769888744918e-02 -5.348669050607101738e+00 4.820353825603495568e-01 3.073268232577430759e+00 2.183054675204533779e-01 1.696374596975725596e-02 1.126645541031353476e-01
2.451000000000000000e+03 1.202682969667318389e+02 -3.395694169314104727e+00 -6.523144061876656741e-02 -3.194742191491342531e+00 2.892434911685219379e-01 2.824512583521161524e+00 -1.667905775072837937e-02 -1.409335621405671812e-01 3.006273649816154636e-01
2.512000000000000000e+03 1.082865059190119723e+02 -3.342452464240901477e+00 1.758725843760323426e-01 -3.155817678183852504e+00 -3.193691534131147813e-01 2.733068250398650534e+00 1.314791315567084840e-01 3.212889285051148680e-01 4.465801838615390817e-02
2.573000000000000000e+03 1.005937434327626079e+02 -4.167255255004165271e+00 2.588810227950577580e-01 -4.538618549116790746e+00 -3.373179989968246306e-01 2.845905078587039228e+00 2.327960157806272662e-02 -5.251924234882473508e-01 3.469448612761544259e-01
2.634000000000000000e+03 9.576213217519030252e+01 -4.549263084368829979e+00 -4.781236048276727990e-01 -3.590376307263961841e+00 2.770404263111006515e-01 2.259874135315674160e+00 3.345452762615206549e-02 8.820477107740401501e-02 -1.513650812593546890e-01
2.695000000000000000e+03 9.374365726684212063e+01 -3.327755817111897940e+00 4.223986516517125311e-01 -3.365060891274953558e+00 -1.781511649515837847e-01 1.526976945055004142e+00 2.618060058365493381e-01 -3.385493086017693498e-02 4.662503345581979763e-01
2.756000000000000000e+03 8.612305188535057709e+01 -1.972973633972419538e+00 1.568142433334802632e-01 -2.528527178813120280e+00 3.635794949417506250e-02 1.781779600654285645e+00 3.369238484367801517e-02 -3.090077428628636158e-02 8.168279477943708455e-01
2.817000000000000000e+03 7.965698265599159811e+01 -1.090035036268282020e+00 9.093416038083107500e-02 -1.410029485592058984e+00 -3.227302447752448122e-01 1.565826023650533694e+00 9.964603337741934075e-02 -9.435753718757053377e-02 -1.060346960774627839e-01
2.878000000000000000e+03 7.252039161187994409e+01 -1.698320524268721154e+00 4.745745219879212717e-01 -2.203927327335998498e+00 3.037802240927525155e-01 1.525583384259039832e+00 3.454019256641556734e-01 5.676212803979222010e-02 -2.086180685986362970e-01
2.939000000000000000e+03 7.063724586787279236e+01 -1.848990198266809770e+00 -3.107609243885812722e-01 -1.693237763629108494e+00 1.936354046418386210e-01 1.675843963674162218e+00 -2.074365264538458320e-01 -2.658381378535773498e-01 7.718031418737552052e-01
3.000000000000000000e+03 6.969864514231369412e+01 -1.573748990719738616e+00 -3.294101640710719314e-01 -1.360179376246839267e+00 -1.460813441102050414e-01 1.781856849050541758e+00 -1.171082223762209829e-02 -2.185217519791250729e-01 -1.482981056430258959e-01
3.061000000000000000e+03 6.740709576741663511e+01 -1.799925268253713240e+00 -3.975328020427190134e-01 -9.937376950404127607e-01 8.142087619184071312e-02 1.056038891499855081e+00 -2.025432265037721558e-03 1.519360580925233351e-01 2.204296344418276710e-01
3.122000000000000000e+03 6.507404205819167942e+01 -4.346035751465557317e-01 4.834198053758450575e-01 -1.182866056391457699e+00 3.838484227599404663e-01 6.416128758337606985e-01 -4.696948419655024021e-02 4.985205060721359382e-01 3.545599046003426458e-01
3.183000000000000000e+03 6.436655490347254727e+01 -9.534794723953057272e-01 2.195622380743773860e-01 -1.283694438525692538e+00 2.182764059106095667e-01 6.026037757474327350e-01 3.476529146419782834e-01 8.522349597623157802e-02 -3.366212877205690401e-01
3.244000000000000000e+03 6.364380809338760514e+01 -1.140987389313729894e+00 3.069171839025663928e-01 -6.307154250044720856e-01 -4.137575145915817210e-02 1.323824971657702743e-01 -3.032395346384026968e-01 -2.552836023703126678e-01 -2.526024378380385960e-01
3.305000000000000000e+03 6.270292530101515638e+01 -7.394627350728194548e-01 -5.629971759865343151e-01 -1.180139437740715280e+00 3.920670676773576613e-01 4.022639840765367403e-01 2.834078341285747871e-01 1.606195566776394412e-01 -1.413746876912801431e-01
3.366000000000000000e+03 6.207336485741082299e+01 -5.219723907623171621e-01 -3.175823024241006265e-01 -6.158082295195622669e-01 2.164085299019573305e-01 7.519701192061063466e-01 -2.470111038693099115e-01 2.868559834285807075e-01 9.156016822548460055e-02
3.447000000000000000e+03 6.238040895143330999e+01 -9.889856667401797363e-01 -2.063933425984384451e-01 -2.193620224924996698e-01 -3.496030912625982534e-01 1.569715217162780951e-01 -4.751579638176491316e-01 -4.852702096221274408e-02 2.176637769414363488e-02
3.548000000000000000e+03 6.247778998611648404e+01 -2.292971671964688929e-01 7.082895964147910284e-02 -7.686062820121862815e-01 3.913587407125606044e-01 3.320245887606174118e-01 2.265974499024312749e-01 -2.171193073094193071e-01 -3.369814045015177562e-01
3.649000000000000000e+03 6.358989157755707566e+01 -8.559476809635904737e-02 1.701939718177464256e-01 1.155450086944334875e-01 7.735973748630446956e-01 2.424962451053914725e-01 2.875057972362248249e-01 -3.295605984419139878e-01 -3.301819045570004718e-01
3.750000000000000000e+03 6.459177281037767671e+01 1.882886701928551676e-02 4.390386703515944400e-01 -3.675914516207368088e-01 -3.025849106085115592e-01 2.815537852526016627e-01 1.277507018739398870e-01 -6.696842571493215601e-01 -5.310722720119860352e-01
3.851000000000000000e+03 6.534178982510833578e+01 2.989206240411186322e-01 -2.298824857954129275e-02 -9.691036782951034656e-02 5.620252956029309771e-02 -3.800990178024050981e-02 4.977563798791580923e-02 -8.983369192920029889e-01 -1.768061406777765576e-03
3.952000000000000000e+03 6.844334773113621395e+01 -8.631543146268022548e-01 -4.243858756240728725e-02 7.481855458527017499e-02 4.892161335780798037e-04 -3.551470828412167657e-01 -5.782273863286813143e-01 4.542694442081927630e-01 4.467483386203648932e-01
4.053000000000000000e+03 6.951073033293023684e+01 -7.389700114332866665e-01 6.987393202161509276e-01 -7.015069893251535404e-02 1.574213137515206862e-02 -4.369068899552280838e-02 -2.249671256623794469e-01 -1.145371769358907027e-01 3.858807046882364866e-03
4.154000000000000000e+03 7.209775061955198794e+01 3.663452623926528040e-01 3.527230003649562962e-01 1.217372158489785083e-01 -2.106550802214589846e-01 1.157047153714747673e-01 -9.889633449219121797e-01 8.787673351629476937e-02 1.348413575044918600e-01
4.255000000000000000e+03 7.400524826348967622e+01 -1.104295906742635835e-01 -2.355970910496794912e-01 -4.669941152941002316e-01 4.258970579432692638e-01 -3.627459362954462557e-02 2.718778144415837095e-02 6.076224075077854003e-01 -2.445376319712987967e-01
4.356000000000000000e+03 7.651469168523294684e+01 -2.040607388809742018e-01 -4.793810862722704957e-01 -4.126110815227637674e-01 -2.512123476363941066e-01 5.352989527594389507e-01 -1.532315149680706368e-01 2.908562798081196776e-01 -6.994491279665979722e-01
4.457000000000000000e+03 7.782677014926088077e+01 -3.153663352167742073e-01 -1.216117936623046375e-02 -2.846924714702928627e-01 1.129038321859268112e+00 4.604562320938414555e-01 2.823225839572722773e-01 6.992041265318810206e-02 1.668986805177322397e-01
4.558000000000000000e+03 8.137424339581932031e+01 3.076608278822505205e-01 -2.988780595496119408e-01 1.869990655954105185e-01 -7.460490724422544906e-01 6.819505226947226717e-01 -5.616696000358074592e-01 1.729861995894649007e-01 -5.583845240051502068e-02
4.659000000000000000e+03 8.386594520542388409e+01 -2.513511026098205203e-01 -6.016309454673383073e-01 -2.706723314942839909e-01 -8.215087374507490381e-01 -6.179073487084270067e-01 -1.955860799120958948e-01 8.101276343094071519e-03 -9.582624198186613373e-01
4.760000000000000000e+03 8.654990129788683362e+01 -1.449767755772298217e-01 -2.331515773343287856e-01 1.126243560342040428e+00 2.423405869352754927e-01 4.048035337315594173e-01 -3.667358721319072257e-01 8.718289792047361209e-01 3.159081496534591471e-01
4.861000000000000000e+03 8.928221130264103067e+01 2.665679093545066936e-01 2.697446806073406367e-01 -1.732757318766530164e-01 2.408983482345496974e-01 6.320349619809755293e-01 4.322256207796289496e-01 -6.016379337098705093e-01 -2.907822952912414993e-01
4.962000000000000000e+03 9.291376112588434921e+01 -6.402559750901559710e-01 1.128213912961391063e-01 4.277316026616964639e-01 7.966488397901150265e-01 -2.469160468161763766e-01 -3.572665912115616238e-01 -6.065331483512403921e-02 -4.961810529880786302e-01
5.063000000000000000e+03 9.585983044204888870e+01 -4.933564903463120294e-02 -3.763718898933783863e-01 -6.653174678964266509e-01 2.539191048607274404e-01 1.051314776445216870e+00 5.380400456334165638e-01 7.771970831873659113e-01 1.034927235780745414e-01
5.164000000000000000e+03 9.878595206140410312e+01 4.039630940650798530e-02 -9.893286960273875996e-01 5.955008811904172195e-01 3.342281160482608593e-01 5.564489350742464202e-01 2.387438703219683656e-01 -1.031377701793310120e-01 -1.953620993268869455e-01
5.265000000000000000e+03 1.026528177209894750e+02 9.676113825299473836e-01 6.120046773455021238e-01 6.536902782513299703e-01 4.281217619984208356e-01 -1.917744523735316897e-01 1.725193444481207816e-01 2.067141642135155166e-01 -1.296802761893487421e+00
5.366000000000000000e+03 1.051870903894851352e+02 3.497514569057234568e-01 6.512058246914980142e-01 3.064584628039926928e-01 -1.119915899105246693e+00 1.247158776283406212e+00 -5.153770994929883775e-01 9.853299245434042897e-01 1.354842680844942082e-02
5.467000000000000000e+03 1.099346820592063949e+02 -7.906066940942209076e-01 -6.623239742317228451e-01 -3.403847667668249977e-02 4.300608301272233480e-01 -1.016707580739759864e+00 2.833148729599474502e-01 7.064393108238442576e-01 -8.402095216239628961e-01
5.568000000000000000e+03 1.130242831187478600e+02 -1.060265030863933422e+00 -1.173080269786929419e-01 -3.523861933493389886e-02 -2.036807418383655421e-01 -3.987075220823761978e-01 1.968492424753045533e-01 1.827864142367507938e-02 1.265489029397378062e-01
5.669000000000000000e+03 1.151966861263192357e+02 -4.615496810394713045e-01 -1.588440366471877696e-01 4.400223061018124215e-01 -7.918125409738802079e-01 5.261130742058349741e-01 6.252060261869338831e-01 4.012062090628167876e-01 2.350478678292916568e-01
5.770000000000000000e+03 1.188356153008745650e+02 -9.734619107183867248e-01 6.463146498384759742e-01 2.433638428740773629e-01 -1.771590863508142988e+00 -1.046466494468260455e+00 -7.652270227904238720e-01 -1.742403587722669567e-01 1.003111126228000360e+00
5.871000000000000000e+03 1.236013290262228423e+02 1.717906304715967725e+00 -4.955752220942337416e-02 -2.832407297846908922e-02 3.988326863230794439e-01 -9.600982233793369236e-01 4.046895922149190139e-01 1.155249747750300093e+00 3.231368778432757161e-01
