# l Dl_TT Dl_TE Dl_TB Dl_ET Dl_BT Dl_EE Dl_EB Dl_BE Dl_BB
7.050000000000000000e+01 1.867028725994974138e+03 -7.710814560477770030e+00 7.701907082829813067e-01 -7.710814560477770030e+00 7.701907082829813067e-01 3.749786822775377781e-01 7.491324807639877445e-03 7.491324807639882649e-03 8.194943854862505109e-03
1.065000000000000000e+02 2.989941201737421125e+03 -2.759989024526663570e+01 -5.263743096604887040e-01 -2.759989024526663570e+01 -5.263743096604887040e-01 8.721075184318964890e-01 -1.159113989555954349e-02 -1.159113989555953482e-02 -1.301247103841775624e-02
1.425000000000000000e+02 4.061162764559199331e+03 -4.456456306354802166e+01 3.654144949582660562e-02 -4.456456306354802166e+01 3.654144949582660562e-02 1.152472928371854888e+00 -3.350374248073044892e-03 -3.350374248073043591e-03 1.301901049693724062e-02
1.785000000000000000e+02 5.288453268025273246e+03 -3.629193473947104565e+01 -1.982525930869540876e-01 -3.629193473947104565e+01 -1.982525930869540876e-01 8.291414656352646961e-01 1.199470161913613990e-02 1.199470161913614684e-02 3.068334792684987021e-04
2.145000000000000000e+02 5.661281767679858604e+03 4.001347650195183014e+00 -6.968950887457169285e-01 4.001347650195183014e+00 -6.968950887457169285e-01 8.131344958875517115e-01 -1.352233598750207134e-02 -1.352233598750206441e-02 2.637747306204499959e-02
2.505000000000000000e+02 5.339335966228886718e+03 6.464666408417144794e+01 7.910626824769173560e-02 6.464666408417144794e+01 7.910626824769173560e-02 2.558580049978763427e+00 -4.879630521664448869e-04 -4.879630521664448869e-04 3.881209796768859705e-03
2.865000000000000000e+02 4.614716260418527781e+03 1.125851949781480528e+02 1.129912341899374617e+00 1.125851949781480528e+02 1.129912341899374617e+00 7.044975050506335990e+00 6.180568134090376475e-02 6.180568134090377863e-02 3.400759428367137321e-02
3.225000000000000000e+02 3.346493885621699974e+03 1.165324002115191888e+02 9.584823515305753716e-01 1.165324002115191888e+02 9.584823515305753716e-01 1.321872751233649446e+01 2.335250616448218339e-02 2.335250616448218339e-02 3.347533895243934993e-02
3.585000000000000000e+02 2.371127733346039804e+03 7.732266606485828220e+01 -5.004043710796574063e-02 7.732266606485828220e+01 -5.004043710796574063e-02 1.932158259324067373e+01 -1.095296571100731753e-03 -1.095296571100731753e-03 5.401030115617251603e-02
3.945000000000000000e+02 1.795929044312010092e+03 9.600008717082427978e+00 5.372358423477189282e-01 9.600008717082427978e+00 5.372358423477189282e-01 2.206792998915382498e+01 -3.849369536321073371e-02 -3.849369536321076146e-02 5.842173343548373587e-02
4.305000000000000000e+02 1.789799964220326046e+03 -4.786652212463512512e+01 5.832858373811469210e-01 -4.786652212463512512e+01 5.832858373811469210e-01 1.923641551108440240e+01 4.967497953348716522e-02 4.967497953348713746e-02 5.896761056527063255e-02
4.665000000000000000e+02 2.143759240560808394e+03 -7.284525049970949340e+01 -8.048396681826139876e-01 -7.284525049970949340e+01 -8.048396681826139876e-01 1.311374694901321369e+01 4.762683055992029957e-02 4.762683055992029957e-02 5.030691315752387760e-02
5.025000000000000000e+02 2.408208840381777009e+03 -5.486434661862165285e+01 -8.384418386558976088e-01 -5.486434661862165285e+01 -8.384418386558976088e-01 8.115038676351730373e+00 1.837052564924089582e-02 1.837052564924086112e-02 8.710133335666266075e-02
5.385000000000000000e+02 2.575019154318789333e+03 -1.410423608595885803e+01 4.598266176298292096e-02 -1.410423608595885803e+01 4.598266176298292096e-02 7.532296237122642957e+00 7.670003014047421103e-03 7.670003014047421103e-03 3.939690898180889939e-02
5.745000000000000000e+02 2.427454936285428175e+03 2.038548467168304867e+01 -8.248111574780597754e-01 2.038548467168304867e+01 -8.248111574780597754e-01 1.322599262612898130e+01 -5.613952813005108899e-02 -5.613952813005108899e-02 9.277626435552328854e-02
6.105000000000000000e+02 2.112986693279093288e+03 2.654339978133114641e+01 -9.297510712480837325e-02 2.654339978133114641e+01 -9.297510712480837325e-02 2.291833493743714456e+01 2.887687370322547173e-02 2.887687370322546479e-02 9.105218019790867201e-02
6.465000000000000000e+02 1.853516120131273510e+03 -9.374657860449882918e+00 -4.346797050090021042e-01 -9.374657860449882918e+00 -4.346797050090021042e-01 3.289324525871941773e+01 -4.106411063890071100e-02 -4.106411063890065549e-02 1.041755918288791716e-01
6.825000000000000000e+02 1.853181929744431727e+03 -6.977179675359080591e+01 2.703594522897578845e-02 -6.977179675359080591e+01 2.703594522897578845e-02 3.822155096808999275e+01 5.502207408266140964e-02 5.502207408266139577e-02 9.420373203978543719e-02
7.185000000000000000e+02 1.965333891040216258e+03 -1.182283352289264116e+02 3.272431147487834258e-01 -1.182283352289264116e+02 3.272431147487834258e-01 3.489707462578328290e+01 -2.731770875131202259e-02 -2.731770875131202952e-02 7.449159965489969559e-02
7.545000000000000000e+02 2.272824389633388819e+03 -1.333415256427244628e+02 1.204361880972783655e-01 -1.333415256427244628e+02 1.204361880972783655e-01 2.671833573162964370e+01 -5.428340308280362597e-02 -5.428340308280363291e-02 1.156303535949022854e-01
7.905000000000000000e+02 2.440957294397740498e+03 -1.011076908258798568e+02 -3.047537821824471971e-01 -1.011076908258798568e+02 -3.047537821824471971e-01 1.767484611698480990e+01 5.608361807940345778e-04 5.608361807940276389e-04 9.681066475519414793e-02
8.265000000000000000e+02 2.515179272334705729e+03 -4.304326458655845045e+01 2.045717130733856193e-01 -4.304326458655845045e+01 2.045717130733856193e-01 1.310168880048597906e+01 3.363508184624031810e-02 3.363508184624032504e-02 8.288656461809608411e-02
8.625000000000000000e+02 2.332262876448905445e+03 1.683111249938809451e+01 7.558774351902751709e-01 1.683111249938809451e+01 7.558774351902751709e-01 1.482538751897955009e+01 -3.505298320969632564e-02 -3.505298320969629788e-02 1.056278329493240825e-01
8.985000000000000000e+02 1.922175776224969241e+03 5.397603656582771947e+01 -4.227130058231051701e-01 5.397603656582771947e+01 -4.227130058231051701e-01 2.345784687071439123e+01 1.466075446373525937e-01 1.466075446373525937e-01 7.980554780359590261e-02
9.345000000000000000e+02 1.516039349509518615e+03 5.291590648837669164e+01 3.895451685237188988e-01 5.291590648837669164e+01 3.895451685237188988e-01 3.414329990129450465e+01 -1.819907164089569485e-02 -1.819907164089571566e-02 9.915620415189256576e-02
9.705000000000000000e+02 1.195485046457367162e+03 1.495174945188135140e+01 2.640261364699583724e-01 1.495174945188135140e+01 2.640261364699583724e-01 4.143242616504061715e+01 1.884446712846887112e-03 1.884446712846887112e-03 5.463242813237060430e-02
1.006500000000000000e+03 1.049264869011545215e+03 -3.369991877898329591e+01 7.350760804857018327e-01 -3.369991877898329591e+01 7.350760804857018327e-01 4.119481284089944495e+01 -1.762936871300040953e-01 -1.762936871300041508e-01 1.057669295455029440e-01
1.042500000000000000e+03 1.086863248555729569e+03 -6.667672577588263039e+01 7.476341136248595420e-01 -6.667672577588263039e+01 7.476341136248595420e-01 3.475735878735051898e+01 1.169851044010175589e-02 1.169851044010176977e-02 1.019246910199184536e-01
1.078500000000000000e+03 1.183735331667930268e+03 -7.906840459481367134e+01 -2.518492792301090244e-01 -7.906840459481367134e+01 -2.518492792301090244e-01 2.542317441882585527e+01 -9.841204249024498169e-04 -9.841204249024489495e-04 9.232967045619092095e-02
1.114500000000000000e+03 1.240897662371502747e+03 -6.017513620547439501e+01 8.714872301185590253e-02 -6.017513620547439501e+01 8.714872301185590253e-02 1.695797607919622862e+01 -1.030554751120098811e-01 -1.030554751120098533e-01 1.084258595449669182e-01
1.150500000000000000e+03 1.229684740412518750e+03 -3.060186881001564529e+01 -3.331866960948203782e-01 -3.060186881001564529e+01 -3.331866960948203782e-01 1.334767676438777606e+01 3.041088529738833479e-02 3.041088529738832785e-02 8.343186389582975260e-02
1.186500000000000000e+03 1.134065566156764817e+03 -2.890419611463380889e+00 4.804574098590888021e-01 -2.890419611463380889e+00 4.804574098590888021e-01 1.575454032548604566e+01 2.074718875283620978e-02 2.074718875283621672e-02 1.154070089391301263e-01
1.222500000000000000e+03 9.567748251779291877e+02 6.498676822934292829e+00 -6.589558987271832979e-01 6.498676822934292829e+00 -6.589558987271832979e-01 2.132151143168324126e+01 -4.287576767814398060e-02 -4.287576767814399448e-02 1.328095815411374780e-01
1.258500000000000000e+03 8.063659904291654357e+02 -5.811737308059923279e+00 -2.584189729015844983e-01 -5.811737308059923279e+00 -2.584189729015844983e-01 2.753695851742053335e+01 -5.855562901102295825e-02 -5.855562901102296519e-02 9.796777594993556770e-02
1.294500000000000000e+03 7.449389462318748656e+02 -2.815498832706697030e+01 -3.439044576779315410e-02 -2.815498832706697030e+01 -3.439044576779315410e-02 3.042229917478846701e+01 -9.821931421482636704e-02 -9.821931421482635316e-02 4.592024884718285543e-02
1.330500000000000000e+03 7.433186691066216554e+02 -5.111403881523182235e+01 2.987647131364746800e-01 -5.111403881523182235e+01 2.987647131364746800e-01 2.854532321340405687e+01 -2.126712845934583540e-02 -2.126712845934585275e-02 2.213830715588070153e-01
1.366500000000000000e+03 7.897562886013735124e+02 -6.209606411663955328e+01 -2.901455893777309947e-01 -6.209606411663955328e+01 -2.901455893777309947e-01 2.348961754032154303e+01 -1.921222297687171995e-02 -1.921222297687174077e-02 8.108836498267248116e-02
1.402500000000000000e+03 8.245206947415293826e+02 -5.439367497122696449e+01 -2.604294785525386180e-01 -5.439367497122696449e+01 -2.604294785525386180e-01 1.707233654856273120e+01 6.241984421585825005e-02 6.241984421585825005e-02 9.184383742911408910e-02
1.438500000000000000e+03 8.091225502866907391e+02 -3.352514335708080750e+01 1.001020364792425121e-02 -3.352514335708080750e+01 1.001020364792425121e-02 1.230129178212045638e+01 -2.267994252723094101e-02 -2.267994252723094448e-02 7.540229900102998761e-02
1.474500000000000000e+03 7.726882326487097998e+02 -1.283333132040654689e+01 -5.257070810305237707e-01 -1.283333132040654689e+01 -5.257070810305237707e-01 1.143089062942703293e+01 -8.721882963494048679e-03 -8.721882963494104191e-03 -7.207213140651992644e-02
1.510500000000000000e+03 6.619443557523976551e+02 2.814041713491763907e+00 -8.559763326293416685e-02 2.814041713491763907e+00 -8.559763326293416685e-02 1.351342705591760307e+01 1.394799767583464467e-01 1.394799767583465022e-01 1.315268092634679364e-01
1.546500000000000000e+03 5.615747095934278832e+02 5.618085077353066836e+00 -4.941591562540803562e-02 5.618085077353066836e+00 -4.941591562540803562e-02 1.738632537141123890e+01 8.284502876251747389e-03 8.284502876251730041e-03 1.587508776193974347e-01
1.582500000000000000e+03 4.695514765004805326e+02 -2.013238022623641044e+00 1.750104634355481581e-01 -2.013238022623641044e+00 1.750104634355481581e-01 2.032364165132059952e+01 -4.008385897233020245e-04 -4.008385897232777384e-04 1.148649159219839178e-01
1.618500000000000000e+03 4.156528806923020625e+02 -1.460955627868923301e+01 -6.122848234356093045e-01 -1.460955627868923301e+01 -6.122848234356093045e-01 2.051731628932888896e+01 7.739860596142524030e-02 7.739860596142528193e-02 -2.567298871132884033e-02
1.654500000000000000e+03 4.017758170924965384e+02 -2.473251864229294483e+01 -1.195787110832350758e-01 -2.473251864229294483e+01 -1.195787110832350758e-01 1.866930995235777857e+01 3.711469744335671450e-02 3.711469744335671450e-02 2.183905617336817997e-02
1.690500000000000000e+03 4.040659610030487556e+02 -2.918171589890629036e+01 6.217158241032612054e-01 -2.918171589890629036e+01 6.217158241032612054e-01 1.489618919878467729e+01 -1.030293538738973336e-01 -1.030293538738973474e-01 8.925075513489094670e-02
1.726500000000000000e+03 4.128484121174158759e+02 -2.648094279057793443e+01 5.007427914569370642e-02 -2.648094279057793443e+01 5.007427914569370642e-02 1.098320711602156585e+01 -3.854600597919195792e-02 -3.854600597919199956e-02 9.319790526969375100e-02
1.762500000000000000e+03 4.020726595245813542e+02 -1.907522182130681898e+01 4.956442684380032437e-01 -1.907522182130681898e+01 4.956442684380032437e-01 8.621384434151977416e+00 8.826185130755767605e-04 8.826185130755732910e-04 1.662957462047169599e-02
1.798500000000000000e+03 3.713263125808730933e+02 -9.723717843289570339e+00 -2.667411914256004879e-01 -9.723717843289570339e+00 -2.667411914256004879e-01 7.804706685954524659e+00 6.407490178191618813e-02 6.407490178191621588e-02 1.112235753601103910e-01
1.834500000000000000e+03 3.353237983378434706e+02 -4.957188792499795937e+00 5.004679498167025065e-01 -4.957188792499795937e+00 5.004679498167025065e-01 8.681647876527001984e+00 6.097674527970766561e-02 6.097674527970765868e-02 -3.695471891465122033e-02
1.870500000000000000e+03 2.950068793194906220e+02 -5.850301289383981640e+00 -9.635493625260892203e-02 -5.850301289383981640e+00 -9.635493625260892203e-02 9.983945968962659734e+00 1.406339009211469704e-01 1.406339009211469426e-01 1.219388423804836225e-01
1.906500000000000000e+03 2.627690637618122196e+02 -9.451127185732014269e+00 5.819270662204209521e-04 -9.451127185732014269e+00 5.819270662204209521e-04 1.099073814530911442e+01 1.071561160688200287e-01 1.071561160688200010e-01 -8.765494821047033203e-02
1.942500000000000000e+03 2.486201867348383985e+02 -1.390427095967319460e+01 -3.028309214971106056e-01 -1.390427095967319460e+01 -3.028309214971106056e-01 1.077143045301061974e+01 1.972596964685490589e-02 1.972596964685491283e-02 1.419000595403428211e-01
1.978500000000000000e+03 2.504863233535476184e+02 -1.773835305406535312e+01 -3.271441646488276733e-01 -1.773835305406535312e+01 -3.271441646488276733e-01 9.549232035378135919e+00 -3.597548279147776140e-02 -3.597548279147774752e-02 1.170037931455396134e-02
2.014500000000000000e+03 2.498787783109002874e+02 -1.767093882970588936e+01 1.562380298070048801e-01 -1.767093882970588936e+01 1.562380298070048801e-01 7.863443706923666454e+00 3.339584095287482374e-02 3.339584095287483068e-02 2.014609573919429741e-01
2.050500000000000000e+03 2.438779203750758029e+02 -1.380310623178512053e+01 -3.907669288902114735e-01 -1.380310623178512053e+01 -3.907669288902114735e-01 6.337222866870027893e+00 2.724927987643931820e-02 2.724927987643933208e-02 1.147106699794953576e-02
2.086500000000000000e+03 2.317701608316390889e+02 -9.490682271364523359e+00 -5.957899506994009109e-02 -9.490682271364523359e+00 -5.957899506994009109e-02 5.258816654399543822e+00 -9.271262323482629131e-02 -9.271262323482629131e-02 1.348034647532633974e-02
2.122500000000000000e+03 2.111034767860714396e+02 -5.021285634294947009e+00 -5.290630014661699132e-01 -5.021285634294947009e+00 -5.290630014661699132e-01 4.812118092291476579e+00 1.295807697262282149e-03 1.295807697262275210e-03 -4.881267553292884670e-02
2.158500000000000000e+03 1.860806259114437466e+02 -3.199080759101160965e+00 5.356223508335918038e-02 -3.199080759101160965e+00 5.356223508335918038e-02 5.296391890444971828e+00 -1.323153406709501601e-01 -1.323153406709501323e-01 4.107531460238440096e-02
2.207000000000000000e+03 1.599958871737640891e+02 -3.536244686136497783e+00 8.084890740445888069e-02 -3.536244686136497783e+00 8.084890740445888069e-02 5.800617554701267942e+00 -7.453673393679971504e-02 -7.453673393679971504e-02 8.305572922639867239e-02
2.268000000000000000e+03 1.398273242054918057e+02 -6.755085899819125217e+00 -1.271708408627093556e-01 -6.755085899819125217e+00 -1.271708408627093556e-01 5.846765083216663328e+00 -1.035887427386710316e-03 -1.035887427386705112e-03 2.784408726670518919e-02
2.329000000000000000e+03 1.340379139150088008e+02 -7.893970370237314071e+00 -2.737228265597510535e-02 -7.893970370237314071e+00 -2.737228265597510535e-02 4.510261679270376689e+00 -7.466350871827953650e-02 -7.466350871827953650e-02 6.121857343046452349e-02
2.390000000000000000e+03 1.261940222688361786e+02 -6.115587402280938889e+00 -1.531735363037541320e-01 -6.115587402280938889e+00 -1.531735363037541320e-01 3.255387404928866690e+00 2.302350018427865019e-03 2.302350018427863285e-03 -7.430745846840265678e-02
2.451000000000000000e+03 1.127584199446319104e+02 -3.511042854755720199e+00 -1.162569999572557050e-01 -3.511042854755720199e+00 -1.162569999572557050e-01 2.713705323472290765e+00 1.467142205586803583e-01 1.467142205586803583e-01 7.662335394895575247e-02
2.512000000000000000e+03 9.904201807874123631e+01 -3.196056534728657361e+00 2.173659611423307825e-02 -3.196056534728657361e+00 2.173659611423307825e-02 2.918934766631450461e+00 7.632737164891455206e-02 7.632737164891451043e-02 4.867571951531860647e-02
2.573000000000000000e+03 9.056698295858788583e+01 -3.989906626628104913e+00 -1.257963486861949642e-01 -3.989906626628104913e+00 -1.257963486861949642e-01 2.865327868018232582e+00 -8.906244138519797682e-02 -8.906244138519803233e-02 -1.316758746485941489e-01
2.634000000000000000e+03 8.665079973441118000e+01 -4.258288103376046685e+00 -2.682232903638098187e-01 -4.258288103376046685e+00 -2.682232903638098187e-01 2.347780262141857310e+00 -1.237198555572726205e-01 -1.237198555572725095e-01 5.568246975433149837e-02
2.695000000000000000e+03 8.174294322397206258e+01 -3.461402521683722533e+00 2.424236731623380381e-02 -3.461402521683722533e+00 2.424236731623380381e-02 1.759415196404810144e+00 2.878141937890876453e-02 2.878141937890877841e-02 5.877448266314137804e-02
2.756000000000000000e+03 7.563362816947167744e+01 -1.966240406937313612e+00 1.006347737219492194e-02 -1.966240406937313612e+00 1.006347737219492194e-02 1.552587105624211539e+00 3.127756638208813167e-02 3.127756638208822187e-02 1.951244826563214296e-01
2.817000000000000000e+03 6.766237545890776062e+01 -1.612194267109479107e+00 -7.139897712695392196e-02 -1.612194267109479107e+00 -7.139897712695392196e-02 1.304757726960270592e+00 7.204752173892811640e-02 7.204752173892813027e-02 -2.533994681594040621e-01
2.878000000000000000e+03 6.223810369497068962e+01 -1.542564623874945084e+00 -5.929352273103559445e-02 -1.542564623874945084e+00 -5.929352273103559445e-02 1.525074679023661339e+00 2.404414490016182349e-02 2.404414490016182349e-02 -1.924022605262320704e-02
2.939000000000000000e+03 5.899288893892151009e+01 -1.985471921520873373e+00 -7.956419122664309951e-02 -1.985471921520873373e+00 -7.956419122664309951e-02 1.312563197971670537e+00 1.092383404389805079e-01 1.092383404389804941e-01 -1.798409010537974917e-01
3.000000000000000000e+03 5.695034570724186551e+01 -1.727205964711567177e+00 4.806123820585291029e-02 -1.727205964711567177e+00 4.806123820585291029e-02 9.955431586279946954e-01 -5.746282625803385280e-02 -5.746282625803392219e-02 -1.910667315730874560e-01
3.061000000000000000e+03 5.495273844706385091e+01 -1.274288618841315834e+00 2.270357179849367413e-01 -1.274288618841315834e+00 2.270357179849367413e-01 9.422684339055283909e-01 1.011458161101867897e-01 1.011458161101868453e-01 1.084621535328788855e-01
3.122000000000000000e+03 5.230279978839539012e+01 -7.306690120908134745e-01 4.554894492181377902e-02 -7.306690120908134745e-01 4.554894492181377902e-02 3.295740538202989178e-01 1.124358222939867563e-01 1.124358222939867979e-01 5.317533176790952831e-01
3.183000000000000000e+03 5.002050629847988006e+01 -9.818076717746708759e-01 6.221605992307906174e-02 -9.818076717746708759e-01 6.221605992307906174e-02 9.049736040074423116e-01 -8.575621940171282431e-02 -8.575621940171282431e-02 3.955011030713000975e-01
3.244000000000000000e+03 4.912431009267406523e+01 -1.195724712366414533e+00 -6.126437916088844221e-02 -1.195724712366414533e+00 -6.126437916088844221e-02 2.244731950632363193e-01 2.322826438981313579e-01 2.322826438981316632e-01 -8.943471358826884932e-02
3.305000000000000000e+03 4.819040910745483330e+01 -1.013913402870721292e+00 -1.964765591061040928e-01 -1.013913402870721292e+00 -1.964765591061040928e-01 2.143752440435833517e-01 1.487224313240769202e-01 1.487224313240769202e-01 8.359284008749598427e-02
3.366000000000000000e+03 4.739139867269553719e+01 -5.633637093753156577e-01 -5.315553377641865640e-02 -5.633637093753156577e-01 -5.315553377641865640e-02 3.438929513306657748e-01 5.542677981545594129e-02 5.542677981545594823e-02 -2.490595906426651962e-01
3.447000000000000000e+03 4.623517324873718337e+01 -5.957604282555728492e-01 1.463932344781753714e-01 -5.957604282555728492e-01 1.463932344781753714e-01 2.152109114287576730e-01 -1.007215815770757389e-01 -1.007215815770757528e-01 2.439042884506663691e-02
3.548000000000000000e+03 4.519392414200220998e+01 -6.111618049428441113e-01 -1.318074878730326194e-01 -6.111618049428441113e-01 -1.318074878730326194e-01 4.969585367217421168e-01 -9.740267083620160471e-02 -9.740267083620160471e-02 -6.499788612759495321e-02
3.649000000000000000e+03 4.520678316367136773e+01 -2.000996978252833625e-01 -8.303107174724734529e-02 -2.000996978252833625e-01 -8.303107174724734529e-02 4.529402474795970468e-01 -6.384809526350587738e-02 -6.384809526350589126e-02 2.825775201764468281e-01
3.750000000000000000e+03 4.536585297606127654e+01 -1.928922802885114640e-01 7.221195003507695220e-02 -1.928922802885114640e-01 7.221195003507695220e-02 3.434232846078995038e-01 -2.091329841829382419e-01 -2.091329841829383251e-01 -4.065437166220008391e-01
3.851000000000000000e+03 4.582938496719367549e+01 -3.495841215240284017e-01 -1.637418063574547222e-01 -3.495841215240284017e-01 -1.637418063574547222e-01 -1.142019500374156227e-01 2.400880045364808257e-01 2.400880045364807980e-01 1.966515427373108083e-01
3.952000000000000000e+03 4.641309817436673768e+01 8.807533192891389695e-03 -2.334514148722734994e-01 8.807533192891389695e-03 -2.334514148722734994e-01 3.449417381558826379e-01 -1.198458540836996461e-01 -1.198458540836996877e-01 1.887833816981912549e-01
4.053000000000000000e+03 4.795274644984731083e+01 1.302472568737020053e-01 -4.373346248701791006e-01 1.302472568737020053e-01 -4.373346248701791006e-01 -4.895856425011952950e-01 -1.183897165179367827e-02 -1.183897165179364358e-02 -1.071135573202722235e-01
4.154000000000000000e+03 4.850816257322070157e+01 -3.979549362852712879e-01 1.558513794677706676e-01 -3.979549362852712879e-01 1.558513794677706676e-01 -6.783179129507980153e-03 -6.357149561705929819e-02 -6.357149561705927043e-02 3.041291083351767011e-01
4.255000000000000000e+03 5.042634776908977301e+01 -1.114633347004765629e-01 -2.573852444178854060e-01 -1.114633347004765629e-01 -2.573852444178854060e-01 -7.736907935331502895e-01 -2.749601699768531304e-01 -2.749601699768531304e-01 -8.337921255474617377e-02
4.356000000000000000e+03 5.127399112697831640e+01 2.283182706504173209e-01 1.704218123141044705e-01 2.283182706504173209e-01 1.704218123141044705e-01 -1.053203045627199540e-02 -4.058396356981039399e-01 -4.058396356981039399e-01 4.131739267090200896e-01
4.457000000000000000e+03 5.307747865481489669e+01 9.165895104337482002e-02 -5.008505751136963502e-01 9.165895104337482002e-02 -5.008505751136963502e-01 1.290794234707124677e-01 -3.100803852396433191e-01 -3.100803852396433191e-01 5.002010885627827808e-01
4.558000000000000000e+03 5.472417074648777913e+01 2.200422035216069161e-01 -2.461484637481514137e-01 2.200422035216069161e-01 -2.461484637481514137e-01 -2.628248686877057705e-01 4.557401516345163661e-01 4.557401516345164216e-01 -1.274974218876926413e+00
4.659000000000000000e+03 5.656965677166748918e+01 2.869191864518204627e-01 4.126016169321865545e-01 2.869191864518204627e-01 4.126016169321865545e-01 6.857923861571449953e-01 -3.487707700638317809e-03 -3.487707700638296993e-03 -7.076831395315021922e-01
4.760000000000000000e+03 5.753426656045809295e+01 -2.397481450585867147e-01 -2.455636268725993332e-01 -2.397481450585867147e-01 -2.455636268725993332e-01 1.255632979482091516e+00 2.771309107073594014e-01 2.771309107073595124e-01 1.490780292146458019e-01
4.861000000000000000e+03 6.024790321098652157e+01 -2.690440172998642687e-01 -2.266945976530999884e-01 -2.690440172998642687e-01 -2.266945976530999884e-01 -2.717909239414189604e-01 -2.145869086957170879e-01 -2.145869086957170602e-01 -6.285897556746260495e-01
4.962000000000000000e+03 6.150357518321944639e+01 4.540783958671102960e-01 -5.143411054717206277e-01 4.540783958671102960e-01 -5.143411054717206277e-01 -1.560686213723341265e+00 -3.993472916800366312e-01 -3.993472916800366868e-01 -1.941576624384567129e+00
5.063000000000000000e+03 6.349744087661111536e+01 1.078303358887849894e-02 -1.627661747939381787e-01 1.078303358887849894e-02 -1.627661747939381787e-01 -2.166561015952620739e+00 -1.288873618114121933e-01 -1.288873618114122210e-01 1.138681799059661159e+00
5.164000000000000000e+03 6.553889451581463277e+01 2.340822560437519906e-01 5.357535819489379902e-02 2.340822560437519906e-01 5.357535819489379902e-02 1.247173084818831157e+00 -1.398398088544303697e-01 -1.398398088544303697e-01 9.358603988341701596e-01
5.265000000000000000e+03 6.678344398584087571e+01 -1.080776386089528973e+00 6.963157640901423973e-01 -1.080776386089528973e+00 6.963157640901423973e-01 -6.010136372621217166e-02 -8.119034755148921700e-01 -8.119034755148923921e-01 -1.571857117338972154e+00
5.366000000000000000e+03 7.047289228388598303e+01 -1.623628851052828281e+00 1.571832786382787450e-02 -1.623628851052828281e+00 1.571832786382787450e-02 -5.705591083132003360e-01 -2.676394979544512331e+00 -2.676394979544512331e+00 -1.375364723729284311e+00
5.467000000000000000e+03 7.180861906470764211e+01 4.563849256984597869e-02 -2.084292286763844704e+00 4.563849256984597869e-02 -2.084292286763844704e+00 -1.873770449245296010e+00 7.363982028473319286e-01 7.363982028473322616e-01 9.700301155067004855e-01
5.568000000000000000e+03 7.407341472660199599e+01 -7.964542678239587836e-01 -1.950580250596922083e+00 -7.964542678239587836e-01 -1.950580250596922083e+00 -5.201009588153959751e-01 1.078715609704925082e+00 1.078715609704924638e+00 7.182932014254372888e-01
5.669000000000000000e+03 7.605594376189495165e+01 -5.572355957667417536e-01 -5.927497204795144636e-01 -5.572355957667417536e-01 -5.927497204795144636e-01 1.382368400037976008e-01 1.144297391311294376e+00 1.144297391311294154e+00 3.237176963313543460e-02
5.770000000000000000e+03 7.813897350865019575e+01 1.184398190006270113e+00 -4.454206587914253390e-01 1.184398190006270113e+00 -4.454206587914253390e-01 -3.648541818094021560e-01 -4.554936278341648048e-02 -4.554936278341703559e-02 -7.488306933777150176e-01
5.871000000000000000e+03 8.213571761962052165e+01 -6.437400619706286076e-01 -1.462668525598965985e+00 -6.437400619706286076e-01 -1.462668525598965985e+00 1.873581063843863248e+00 -1.024005242047125286e+00 -1.024005242047125286e+00 3.351644181276763668e+00
