# l Dl_TT Dl_TE Dl_TB Dl_ET Dl_BT Dl_EE Dl_EB Dl_BE Dl_BB
7.050000000000000000e+01 1.202742785867679231e+03 -1.577002692192361266e+01 8.367960966861682337e+00 -1.577002692192361266e+01 8.367960966861682337e+00 4.345932767044904388e-01 -5.410685698145285827e-02 -5.410685698145288602e-02 -5.260203167513736316e-02
1.065000000000000000e+02 2.835791703450242039e+03 -2.739686928873398131e+01 -1.485829353214357385e+00 -2.739686928873398131e+01 -1.485829353214357385e+00 7.021190351789211581e-01 2.542676118004903035e-02 2.542676118004903382e-02 -1.249179959849548022e-01
1.425000000000000000e+02 3.958856223514915655e+03 -4.207592891230994780e+01 -4.756841619465571824e+00 -4.207592891230994780e+01 -4.756841619465571824e+00 9.570148682564956211e-01 1.439019090489709884e-02 1.439019090489708497e-02 1.809251265146729626e-01
1.785000000000000000e+02 5.361600866122606021e+03 -3.475664789157177381e+01 6.374510257439581551e+00 -3.475664789157177381e+01 6.374510257439581551e+00 8.654530681283822968e-01 -4.502965485904765475e-02 -4.502965485904770332e-02 5.062998183950846026e-02
2.145000000000000000e+02 5.526788531848974344e+03 7.733243146640270460e+00 2.959395273846837426e+00 7.733243146640270460e+00 2.959395273846837426e+00 1.066249799370278195e+00 -2.453544569392618335e-03 -2.453544569392632213e-03 1.402217255312334376e-01
2.505000000000000000e+02 5.567260333696908674e+03 5.833333705860245999e+01 1.127301114235149448e+00 5.833333705860245999e+01 1.127301114235149448e+00 2.400909526080253542e+00 -4.649950302016515880e-02 -4.649950302016516573e-02 1.431049585455090034e-01
2.865000000000000000e+02 4.533758279061268695e+03 1.079558151326068440e+02 1.927978931811685115e+00 1.079558151326068440e+02 1.927978931811685115e+00 6.822585219080480101e+00 1.460811456657080121e-01 1.460811456657079843e-01 7.158906462973671503e-02
3.225000000000000000e+02 3.194343772650473056e+03 1.113643772161112224e+02 -3.081092469986000726e+00 1.113643772161112224e+02 -3.081092469986000726e+00 1.343296590616063746e+01 -3.291654340003880019e-01 -3.291654340003878909e-01 5.387019882312849700e-02
3.585000000000000000e+02 2.373151182894356680e+03 7.194986633468535331e+01 -3.001977320076634204e+00 7.194986633468535331e+01 -3.001977320076634204e+00 1.945669004628149779e+01 -2.696818141858131068e-01 -2.696818141858130513e-01 1.133056866737485319e-01
3.945000000000000000e+02 1.792436743725334736e+03 7.614460330640103969e+00 1.960683937408450372e+00 7.614460330640103969e+00 1.960683937408450372e+00 2.142038407051986937e+01 1.126770291087099973e-01 1.126770291087099973e-01 -4.934947848722661540e-02
4.305000000000000000e+02 1.849162049010910550e+03 -4.836374066824394902e+01 7.387103396840848379e-01 -4.836374066824394902e+01 7.387103396840848379e-01 1.883165829645383482e+01 -5.082356736622688220e-02 -5.082356736622690996e-02 -1.919132152164919058e-01
4.665000000000000000e+02 2.089746498161122418e+03 -7.467855361953063209e+01 5.869465369848988479e-01 -7.467855361953063209e+01 5.869465369848988479e-01 1.374097777717498658e+01 -1.039165624352197947e-01 -1.039165624352198364e-01 -3.619060384946382047e-02
5.025000000000000000e+02 2.469359265751620569e+03 -5.576853483373463405e+01 -2.941401925124384586e+00 -5.576853483373463405e+01 -2.941401925124384586e+00 7.980993987596623818e+00 4.844178911893368827e-02 4.844178911893368827e-02 1.928544765354556212e-02
5.385000000000000000e+02 2.534218306143743575e+03 -1.613598975324596196e+01 -1.525565508911828072e+00 -1.613598975324596196e+01 -1.525565508911828072e+00 7.409052853688048224e+00 1.210847954247321751e-02 1.210847954247320363e-02 -3.982836709307490536e-02
5.745000000000000000e+02 2.495657434402145100e+03 2.297022698983817435e+01 1.587763005253097326e+00 2.297022698983817435e+01 1.587763005253097326e+00 1.297281055824430851e+01 -1.766749544350638135e-01 -1.766749544350638135e-01 1.991309623166682141e-01
6.105000000000000000e+02 2.134993413491575211e+03 2.939483465953141206e+01 6.863638292648975847e-01 2.939483465953141206e+01 6.863638292648975847e-01 2.257647337202446280e+01 1.092412851906577817e-02 1.092412851906576429e-02 7.895721020181598049e-02
6.465000000000000000e+02 1.909856268282478140e+03 -7.264100846167648839e+00 -3.213065203485436339e+00 -7.264100846167648839e+00 -3.213065203485436339e+00 3.282336887613256948e+01 -2.111600459548323705e-01 -2.111600459548323150e-01 1.160476783018285635e-01
6.825000000000000000e+02 1.871022447384374800e+03 -6.986438753702972804e+01 1.398479425168193790e+00 -6.986438753702972804e+01 1.398479425168193790e+00 3.779304526755094429e+01 -1.900372627356905209e-01 -1.900372627356904653e-01 2.322807676796870835e-01
7.185000000000000000e+02 2.014848078388072281e+03 -1.143640566619802144e+02 1.326837485673445727e+00 -1.143640566619802144e+02 1.326837485673445727e+00 3.456640117720221639e+01 -2.447613547043966664e-01 -2.447613547043967774e-01 2.429219033732105681e-01
7.545000000000000000e+02 2.289944506087153513e+03 -1.318054634249144499e+02 -1.504777079941832740e+00 -1.318054634249144499e+02 -1.504777079941832740e+00 2.652821151642994124e+01 5.552294166595164032e-02 5.552294166595166114e-02 3.281413984420164520e-01
7.905000000000000000e+02 2.534569950235243596e+03 -1.010065545313349844e+02 -5.210431006235252127e+00 -1.010065545313349844e+02 -5.210431006235252127e+00 1.723051839096898874e+01 -3.079057576623029924e-01 -3.079057576623028814e-01 1.119643271814370206e-01
8.265000000000000000e+02 2.503855357229814217e+03 -4.223363118475813849e+01 -4.295983402177094845e-02 -4.223363118475813849e+01 -4.295983402177094845e-02 1.304681982567542065e+01 3.925715883938077355e-02 3.925715883938077355e-02 -4.304727712069865708e-01
8.625000000000000000e+02 2.367902088089988865e+03 1.790185639595121359e+01 3.007021563233708061e+00 1.790185639595121359e+01 3.007021563233708061e+00 1.506677195373698197e+01 -1.176919196102263754e-01 -1.176919196102262921e-01 2.653092888067296040e-01
8.985000000000000000e+02 1.952023667400283102e+03 5.267287009472893544e+01 1.435796507966008662e+00 5.267287009472893544e+01 1.435796507966008662e+00 2.360078796833952808e+01 2.868786448007143441e-01 2.868786448007142331e-01 1.209167885201592879e-01
9.345000000000000000e+02 1.533819371751233120e+03 5.345244415888596023e+01 1.251830650246860799e+00 5.345244415888596023e+01 1.251830650246860799e+00 3.418812438703267276e+01 5.672495949101565016e-02 5.672495949101568485e-02 9.787218516059345563e-02
9.705000000000000000e+02 1.216114152107140626e+03 1.506909299650594036e+01 -1.887880999283160222e-01 1.506909299650594036e+01 -1.887880999283160222e-01 4.023790452572985288e+01 -1.967522017226804032e-01 -1.967522017226804032e-01 1.390092252293028199e-02
1.006500000000000000e+03 1.084081098874224153e+03 -3.333082759328388534e+01 -8.999306797377211176e-01 -3.333082759328388534e+01 -8.999306797377211176e-01 4.125831392680575505e+01 3.869839033410827911e-01 3.869839033410826801e-01 2.321709025947363281e-01
1.042500000000000000e+03 1.132848915074965589e+03 -7.128783675790884899e+01 -2.159000566507437213e+00 -7.128783675790884899e+01 -2.159000566507437213e+00 3.474068799696906495e+01 -2.319663065259836565e-01 -2.319663065259836010e-01 4.224405348574861718e-01
1.078500000000000000e+03 1.194903684525774452e+03 -7.595233111804358828e+01 -9.218557478494531221e-01 -7.595233111804358828e+01 -9.218557478494531221e-01 2.548552883612298459e+01 -2.233657813431857708e-01 -2.233657813431858541e-01 -3.670390460180427555e-02
1.114500000000000000e+03 1.290907775405914208e+03 -6.203187539988963550e+01 -7.482207161142850893e-01 -6.203187539988963550e+01 -7.482207161142850893e-01 1.730710812644565166e+01 4.646440733663281808e-02 4.646440733663283890e-02 -1.217292269970276924e-01
1.150500000000000000e+03 1.215049793326088320e+03 -2.943343800218298156e+01 8.085514489635061697e-01 -2.943343800218298156e+01 8.085514489635061697e-01 1.342504931121061951e+01 -2.244292960626087796e-01 -2.244292960626086686e-01 -1.932778230873501979e-01
1.186500000000000000e+03 1.134592286757193278e+03 -3.769128123741907643e+00 -1.981468985701535512e-01 -3.769128123741907643e+00 -1.981468985701535512e-01 1.588800476788846083e+01 2.149420188527925157e-01 2.149420188527925157e-01 -2.829242231720193734e-01
1.222500000000000000e+03 9.920893201121104994e+02 5.417279137341063588e+00 1.531515867573815193e+00 5.417279137341063588e+00 1.531515867573815193e+00 2.149558858834555153e+01 1.952683328456638820e-02 1.952683328456639167e-02 4.414366189106781468e-01
1.258500000000000000e+03 8.564792541428938648e+02 -4.037490533029968631e+00 3.379222470735229189e-01 -4.037490533029968631e+00 3.379222470735229189e-01 2.743088068580033223e+01 -2.265187321396852638e-02 -2.265187321396855413e-02 2.191774466948710476e-01
1.294500000000000000e+03 7.633686243698721228e+02 -2.880784289637151829e+01 -1.625504738369854429e+00 -2.880784289637151829e+01 -1.625504738369854429e+00 3.100184540460237770e+01 2.599863797205407279e-01 2.599863797205407279e-01 4.049983222047754960e-01
1.330500000000000000e+03 7.840423222234635432e+02 -5.154435518703215280e+01 -8.118871208789641969e-01 -5.154435518703215280e+01 -8.118871208789641969e-01 2.903079988698453207e+01 -5.738637621738694738e-01 -5.738637621738693628e-01 1.253547599956149061e-01
1.366500000000000000e+03 8.218396022695486636e+02 -6.057263946657735687e+01 -3.361791101774329604e-01 -6.057263946657735687e+01 -3.361791101774329604e-01 2.342174338635581421e+01 2.901031138161666023e-01 2.901031138161667133e-01 4.708341832337451134e-03
1.402500000000000000e+03 8.724114672932673784e+02 -5.490852905138000040e+01 1.297913825925062881e+00 -5.490852905138000040e+01 1.297913825925062881e+00 1.828964923495784589e+01 5.298912869315463015e-01 5.298912869315464125e-01 5.729673332194138435e-01
1.438500000000000000e+03 8.711063526897311249e+02 -3.514220780451796600e+01 -7.202798800931199397e-01 -3.514220780451796600e+01 -7.202798800931199397e-01 1.267357524353377229e+01 -4.628226514328609431e-02 -4.628226514328620533e-02 3.343928573311809593e-01
1.474500000000000000e+03 8.235414422426160854e+02 -1.497722052292899342e+01 -1.323775707943685154e-01 -1.497722052292899342e+01 -1.323775707943685154e-01 1.137509653841555313e+01 -5.737011656282080541e-01 -5.737011656282077210e-01 4.780610292037705822e-01
1.510500000000000000e+03 7.206650430486473624e+02 3.225734108036850678e+00 -5.149516359816369571e-01 3.225734108036850678e+00 -5.149516359816369571e-01 1.339066746138061603e+01 -2.301935856162380389e-01 -2.301935856162382055e-01 9.512946409444505980e-02
1.546500000000000000e+03 6.114613083950687269e+02 7.639748609392031042e+00 -7.647417806913809901e-01 7.639748609392031042e+00 -7.647417806913809901e-01 1.697554579711787071e+01 4.674421120917947314e-02 4.674421120917944539e-02 1.507730154982831916e+00
1.582500000000000000e+03 5.119390764478768574e+02 4.365886217364142730e-01 -3.787697253653705687e-01 4.365886217364142730e-01 -3.787697253653705687e-01 1.971461083000484038e+01 -8.932646501572405473e-01 -8.932646501572407693e-01 -2.423553181835700343e-01
1.618500000000000000e+03 4.769636533770421920e+02 -1.522785617567271821e+01 -1.159945470226593667e+00 -1.522785617567271821e+01 -1.159945470226593667e+00 2.052429218927409238e+01 1.856150326854481003e-01 1.856150326854482113e-01 2.795760504243808842e-01
1.654500000000000000e+03 4.579961376002647739e+02 -2.575198234292932753e+01 1.424970985344180097e+00 -2.575198234292932753e+01 1.424970985344180097e+00 1.869626244143596949e+01 9.749830215192312188e-02 9.749830215192309413e-02 1.355006046995937685e-01
1.690500000000000000e+03 4.692114395554526709e+02 -2.853895708450096436e+01 8.743667652182393057e-01 -2.853895708450096436e+01 8.743667652182393057e-01 1.353873332039538901e+01 -3.059995453302712110e-02 -3.059995453302714885e-02 5.558978543840910058e-01
1.726500000000000000e+03 4.650504457750610072e+02 -2.869405753036669182e+01 -1.950970391217380362e-01 -2.869405753036669182e+01 -1.950970391217380362e-01 1.184296051441534914e+01 -1.494710903337175267e-01 -1.494710903337175822e-01 9.122816908621965704e-01
1.762500000000000000e+03 4.550784897757302474e+02 -1.766380634212011813e+01 -8.640806668554843473e-01 -1.766380634212011813e+01 -8.640806668554843473e-01 9.179964715779385998e+00 7.314931949410506951e-01 7.314931949410505840e-01 5.541896469625949839e-01
1.798500000000000000e+03 4.403956967670634413e+02 -1.087926390164309964e+01 -7.966333911961633873e-01 -1.087926390164309964e+01 -7.966333911961633873e-01 7.339899776982532487e+00 6.324475313648642016e-01 6.324475313648639796e-01 1.059794040636734325e+00
1.834500000000000000e+03 3.863927710568957536e+02 -6.577351256674139890e+00 -1.595986241093857227e+00 -6.577351256674139890e+00 -1.595986241093857227e+00 8.761087359310293365e+00 1.505519368492454491e-01 1.505519368492453658e-01 1.675718342882204781e-01
1.870500000000000000e+03 3.606710440336091779e+02 -6.088616285953959206e+00 -8.003415819791573904e-01 -6.088616285953959206e+00 -8.003415819791573904e-01 1.145099409594146778e+01 3.128242232728698502e-01 3.128242232728699612e-01 -4.862811403240278885e-02
1.906500000000000000e+03 3.326899866718153476e+02 -8.817711059015334030e+00 -1.808847991144028722e+00 -8.817711059015334030e+00 -1.808847991144028722e+00 1.250244575866586949e+01 -2.244873957702168688e-01 -2.244873957702168688e-01 -5.142844843580134384e-01
1.942500000000000000e+03 3.179158205770455652e+02 -1.454197370861196603e+01 -8.141101589493399127e-01 -1.454197370861196603e+01 -8.141101589493399127e-01 1.005732961778311463e+01 -5.919299193033566997e-02 -5.919299193033600304e-02 -3.000324596870531657e-01
1.978500000000000000e+03 3.156046576219546296e+02 -1.721113264724023750e+01 1.374740896445368010e+00 -1.721113264724023750e+01 1.374740896445368010e+00 9.463466673501040205e+00 9.478745651262442395e-01 9.478745651262443506e-01 -4.956877123123335505e-01
2.014500000000000000e+03 3.140775782588531229e+02 -1.767957533075965415e+01 -5.907001103853776192e-01 -1.767957533075965415e+01 -5.907001103853776192e-01 7.357161522454320313e+00 -3.519434695285755810e-01 -3.519434695285756920e-01 -9.169313020231488476e-02
2.050500000000000000e+03 3.066150452936130932e+02 -1.361351250913802602e+01 2.273454064939502417e-01 -1.361351250913802602e+01 2.273454064939502417e-01 5.476433188703838439e+00 7.267443325091043071e-01 7.267443325091043071e-01 1.041749620276389399e+00
2.086500000000000000e+03 3.025791160210357020e+02 -9.410178058768948972e+00 -5.832766472751709230e-01 -9.410178058768948972e+00 -5.832766472751709230e-01 5.663533494063198503e+00 -5.459693047082255779e-01 -5.459693047082254669e-01 -8.805307199884718772e-01
2.122500000000000000e+03 2.792429886246302999e+02 -5.846868530654949936e+00 -1.143684550492586771e+00 -5.846868530654949936e+00 -1.143684550492586771e+00 5.264456579295643479e+00 -1.943096677577968445e-01 -1.943096677577970666e-01 -4.711033726540415634e-01
2.158500000000000000e+03 2.620996454529618518e+02 -2.549345314886957592e+00 -2.300419071282777672e-01 -2.549345314886957592e+00 -2.300419071282777672e-01 5.609402614489318317e+00 -5.134933159262982105e-01 -5.134933159262983215e-01 -4.737021484702902963e-01
2.207000000000000000e+03 2.411851912660618495e+02 -3.645565932386876540e+00 7.346912030253019976e-01 -3.645565932386876540e+00 7.346912030253019976e-01 5.731728711480573502e+00 -1.422613764805851222e-01 -1.422613764805853442e-01 -2.115012775731180822e-02
2.268000000000000000e+03 2.220178099439679045e+02 -6.534651479562751497e+00 -3.406721021776532576e-01 -6.534651479562751497e+00 -3.406721021776532576e-01 6.187208209005132353e+00 3.111047468187707610e-01 3.111047468187707055e-01 3.793785209496836619e-01
2.329000000000000000e+03 2.158811468935011817e+02 -8.126447308100596345e+00 -2.165036049179494548e-02 -8.126447308100596345e+00 -2.165036049179494548e-02 4.872313968210253421e+00 1.853446178688877288e-01 1.853446178688877843e-01 -7.340377403824711600e-01
2.390000000000000000e+03 2.144763533815431060e+02 -6.226998996323135138e+00 -2.933671274698992359e-01 -6.226998996323135138e+00 -2.933671274698992359e-01 3.092474604367426050e+00 1.325061972882638772e-01 1.325061972882639050e-01 4.296546739742264642e-01
2.451000000000000000e+03 2.061305906981949647e+02 -3.503860644326077356e+00 -3.164033614655564763e-01 -3.503860644326077356e+00 -3.164033614655564763e-01 1.899631792338588365e+00 2.079452788814123432e-01 2.079452788814122877e-01 -3.376653859630343590e-01
2.512000000000000000e+03 1.950682018992709459e+02 -3.271121466696748303e+00 8.606860391860047255e-01 -3.271121466696748303e+00 8.606860391860047255e-01 2.788034061240476813e+00 -3.840001294528259668e-01 -3.840001294528260223e-01 -6.123525069253493713e-01
2.573000000000000000e+03 1.903534250525714810e+02 -3.184815601869738444e+00 -5.636977732946449882e-01 -3.184815601869738444e+00 -5.636977732946449882e-01 2.497890833549950340e+00 5.441530505888364511e-02 5.441530505888371450e-02 -3.356795507596335715e-01
2.634000000000000000e+03 1.883324491677479955e+02 -4.597254286104938359e+00 4.434271689620747914e-01 -4.597254286104938359e+00 4.434271689620747914e-01 2.261006976672228497e+00 1.158231330755473243e+00 1.158231330755473021e+00 9.303286081062460688e-01
2.695000000000000000e+03 1.874911286511452886e+02 -2.827886448657337404e+00 -1.298232432766794897e-01 -2.827886448657337404e+00 -1.298232432766794897e-01 2.013148151370113048e+00 5.241342303663104607e-01 5.241342303663106827e-01 6.456710156008994839e-02
2.756000000000000000e+03 1.824480039057263525e+02 -2.507820478598206559e+00 -3.078041834817105693e-01 -2.507820478598206559e+00 -3.078041834817105693e-01 1.036150354527809014e+00 -6.420879030208587190e-01 -6.420879030208587190e-01 4.515336191419536682e-01
2.817000000000000000e+03 1.806845161503793236e+02 -2.609308237112220485e+00 9.862695509240763936e-02 -2.609308237112220485e+00 9.862695509240763936e-02 1.343713376792017078e+00 -9.906615743146517106e-04 -9.906615743146551800e-04 1.677240230877220517e-01
2.878000000000000000e+03 1.768563293879566629e+02 -8.757995672269657250e-01 -1.169785161619170566e+00 -8.757995672269657250e-01 -1.169785161619170566e+00 1.093533636867833003e+00 -1.866733372613196273e-01 -1.866733372613200159e-01 2.763782682943505820e-01
2.939000000000000000e+03 1.778476880642852223e+02 -3.397753678578869341e+00 -8.467369812096658954e-01 -3.397753678578869341e+00 -8.467369812096658954e-01 3.327385508997478869e+00 -6.124860363992570278e-01 -6.124860363992572498e-01 -2.583016199678890290e-01
3.000000000000000000e+03 1.785792354938924120e+02 9.735539800177628322e-02 1.658710643526365436e-01 9.735539800177628322e-02 1.658710643526365436e-01 7.859372806839056702e-01 6.148743140566393928e-01 6.148743140566392817e-01 6.436145766965997717e-02
3.061000000000000000e+03 1.825592665421094978e+02 -4.853382017567203777e-01 -5.212604025801811369e-01 -4.853382017567203777e-01 -5.212604025801811369e-01 1.840859463935932805e+00 5.055395640217168474e-01 5.055395640217167363e-01 -6.356759470395618727e-01
3.122000000000000000e+03 1.805240317821460962e+02 -1.983931783859439246e+00 -8.263954717924093529e-01 -1.983931783859439246e+00 -8.263954717924093529e-01 6.607495780762094872e-01 -8.404580509335115579e-01 -8.404580509335113359e-01 -7.195837903796965807e-02
3.183000000000000000e+03 1.832255724837137905e+02 -1.478629063161160495e+00 8.765581656559131574e-01 -1.478629063161160495e+00 8.765581656559131574e-01 2.813417230566432004e+00 1.063971542192928554e+00 1.063971542192928110e+00 3.714322183128915822e-01
3.244000000000000000e+03 1.874932286722635979e+02 1.236843276820734916e+00 -8.827962692554469637e-01 1.236843276820734916e+00 -8.827962692554469637e-01 2.486002781495135483e-01 -2.087556202179098541e+00 -2.087556202179098985e+00 6.568537305001646009e-01
3.305000000000000000e+03 1.877886788782361407e+02 -5.945228205328394466e-01 8.863651328054317213e-01 -5.945228205328394466e-01 8.863651328054317213e-01 2.181422163959983784e+00 9.926859908226548512e-01 9.926859908226548512e-01 1.008272364080996075e+00
3.366000000000000000e+03 1.926470441832425138e+02 -1.250642097887979753e+00 -3.195761508092287428e-01 -1.250642097887979753e+00 -3.195761508092287428e-01 -4.882599466766892049e-01 -1.240453590527829109e+00 -1.240453590527829331e+00 -9.036577245849922724e-01
3.447000000000000000e+03 1.980832757569334888e+02 -8.785119291224604554e-01 -2.207988608766917882e-01 -8.785119291224604554e-01 -2.207988608766917882e-01 1.333312618256821569e+00 7.582071385169786293e-01 7.582071385169785183e-01 4.504638483756461809e-01
3.548000000000000000e+03 2.023626482395584674e+02 -4.635514671546875354e-02 -3.969527825604827198e-01 -4.635514671546875354e-02 -3.969527825604827198e-01 1.029014371679727313e-01 -2.235532525348579713e-01 -2.235532525348577493e-01 7.113546795522766031e-01
3.649000000000000000e+03 2.113726986126712859e+02 -9.794697963753278280e-01 5.791390046878088782e-01 -9.794697963753278280e-01 5.791390046878088782e-01 -9.961111804835883765e-01 8.864180201753624200e-02 8.864180201753613098e-02 4.605517796527627827e-01
3.750000000000000000e+03 2.160576775912646212e+02 -6.629519820917433304e-01 -4.877785189555354228e-01 -6.629519820917433304e-01 -4.877785189555354228e-01 3.358442023894758766e-01 -5.103211387671000576e-01 -5.103211387671002797e-01 -2.468252576439312895e-01
3.851000000000000000e+03 2.261479752735845636e+02 3.026492844041164254e-01 2.535283502527169719e-01 3.026492844041164254e-01 2.535283502527169719e-01 1.179692888149853180e+00 9.674084830057161355e-02 9.674084830057150253e-02 -5.602567679211600815e-01
3.952000000000000000e+03 2.366074752300962984e+02 -9.668049905875160110e-01 -3.381518899539932843e-02 -9.668049905875160110e-01 -3.381518899539932843e-02 -1.340478569523397168e+00 6.930112480330670177e-01 6.930112480330674618e-01 1.097696730727320436e+00
4.053000000000000000e+03 2.407982015985663224e+02 -1.184306956000890920e-01 -5.957188061010290081e-01 -1.184306956000890920e-01 -5.957188061010290081e-01 6.668861406308475015e-01 -1.134716345027830364e+00 -1.134716345027830364e+00 -9.310018721361289495e-01
4.154000000000000000e+03 2.521841635426647201e+02 2.505410428911892251e-01 1.288131550188379215e+00 2.505410428911892251e-01 1.288131550188379215e+00 9.080259225998743577e-01 1.524590379891582470e-01 1.524590379891584135e-01 1.088825418239489778e-02
4.255000000000000000e+03 2.611510776259152067e+02 -5.570362319438670884e-02 1.017603678167008807e+00 -5.570362319438670884e-02 1.017603678167008807e+00 9.867080866970029396e-01 -2.229044744227028918e-01 -2.229044744227028918e-01 -1.484548804141087475e+00
4.356000000000000000e+03 2.734152848525193349e+02 4.229490175486744219e-01 -8.252530658419588994e-01 4.229490175486744219e-01 -8.252530658419588994e-01 -2.839464201013799372e-01 -4.369041688774351062e-01 -4.369041688774355503e-01 1.497076132852100394e-01
4.457000000000000000e+03 2.794876706776591391e+02 2.616005883015019018e-01 1.123866029411318967e-01 2.616005883015019018e-01 1.123866029411318967e-01 7.717247416749301037e-02 1.921851397477984502e+00 1.921851397477984502e+00 -1.307648478500106126e+00
4.558000000000000000e+03 2.884024111142688298e+02 1.770570959511392761e+00 -5.811561070488225900e-01 1.770570959511392761e+00 -5.811561070488225900e-01 1.389912292338555677e-01 9.079215770277899722e-01 9.079215770277897501e-01 1.873469208225076787e+00
4.659000000000000000e+03 3.008923937250989411e+02 1.333916413538999979e-01 -1.777390910299624371e-01 1.333916413538999979e-01 -1.777390910299624371e-01 3.758857019839215163e-01 1.058608625485901289e+00 1.058608625485901289e+00 -1.105859875514792590e+00
4.760000000000000000e+03 3.109464889457124741e+02 9.329497845355527730e-02 4.319538750600564470e-01 9.329497845355527730e-02 4.319538750600564470e-01 -2.523834646501388335e+00 -1.452981630487066855e+00 -1.452981630487067299e+00 4.763917415187906457e+00
4.861000000000000000e+03 3.210537381035235285e+02 -3.793002685960334297e+00 -2.441619361905008057e-01 -3.793002685960334297e+00 -2.441619361905008057e-01 4.894788515710738613e-03 1.340218079069996682e+00 1.340218079069996904e+00 1.631660030937632344e+00
4.962000000000000000e+03 3.325363517260209960e+02 3.418038920294766969e-01 -3.968701212692726799e-01 3.418038920294766969e-01 -3.968701212692726799e-01 2.618219598086268363e+00 -7.430582284632930579e-01 -7.430582284632929468e-01 -2.365400468888535279e+00
5.063000000000000000e+03 3.431268746117410728e+02 1.479798413416288705e+00 2.113560530717899510e+00 1.479798413416288705e+00 2.113560530717899510e+00 1.047786906460425493e+00 -1.616929682273950952e+00 -1.616929682273950952e+00 1.883774923779143018e+00
5.164000000000000000e+03 3.552128333245906333e+02 1.154883862440698294e+00 1.822839594344311531e-01 1.154883862440698294e+00 1.822839594344311531e-01 1.227704847006221733e+00 -2.465929335524155164e+00 -2.465929335524155164e+00 -9.105131472261971393e-01
5.265000000000000000e+03 3.664310408100116661e+02 -1.230049745903865954e+00 -1.262675366634955498e-01 -1.230049745903865954e+00 -1.262675366634955498e-01 6.534778437201749224e-01 -1.530557686582020072e+00 -1.530557686582020516e+00 1.998939931322655239e-01
5.366000000000000000e+03 3.795485199963002287e+02 -6.637618960994094985e-01 -2.804139055500431965e-02 -6.637618960994094985e-01 -2.804139055500431965e-02 5.612695439460588798e-01 1.947209502207269960e-02 1.947209502207258858e-02 -1.320964460146953456e+00
5.467000000000000000e+03 3.911312828663046730e+02 -8.967025564137994786e-01 6.443295225027401152e-01 -8.967025564137994786e-01 6.443295225027401152e-01 -3.963519330006566865e-01 -1.861130371288961527e-01 -1.861130371288958751e-01 2.208643922472735888e+00
5.568000000000000000e+03 4.004171853583907250e+02 1.361706493439853727e-01 -7.914097738018398553e-01 1.361706493439853727e-01 -7.914097738018398553e-01 1.761620277468607609e+00 2.593281370871027391e+00 2.593281370871026947e+00 -1.615381983786566611e+00
5.669000000000000000e+03 4.114101764076937116e+02 -1.925506346524604728e+00 -1.036977040525544513e+00 -1.925506346524604728e+00 -1.036977040525544513e+00 5.985499783294331300e-01 9.303864885570954923e-01 9.303864885570958254e-01 1.040454467904143199e+00
5.770000000000000000e+03 4.261022604406416008e+02 7.556265772264741942e-01 -2.154195289908634514e+00 7.556265772264741942e-01 -2.154195289908634514e+00 -2.165270028633661248e+00 2.782810777120284573e+00 2.782810777120283241e+00 -5.090249777473956350e-01
5.871000000000000000e+03 4.453834727899152881e+02 1.108385449993682048e+00 7.043268432305482829e-01 1.108385449993682048e+00 7.043268432305482829e-01 5.562902585664096788e-01 -9.579811831685836054e-02 -9.579811831685838830e-02 -1.363730616988722222e+00
