# l Dl_TT Dl_TE Dl_TB Dl_ET Dl_BT Dl_EE Dl_EB Dl_BE Dl_BB
7.050000000000000000e+01 1.894918922377633635e+03 -5.885261982457020480e+00 4.106483748088584629e-01 -5.366450741552943882e+00 1.985890517040948544e-01 3.573471088688219277e-01 -1.213820220755282286e-02 -1.502335291184926473e-02 1.082173474352099256e-02
1.065000000000000000e+02 2.961455787172686087e+03 -2.884138781088522663e+01 -1.037137703191613580e+00 -2.885879340635795387e+01 -1.657905281035652489e+00 8.715428251175334484e-01 1.380803427744523026e-02 8.881725167912853797e-03 -1.060258799411866425e-02
1.425000000000000000e+02 4.371107548029854115e+03 -4.766828224063020514e+01 7.584658997175799389e-01 -4.867283657811933750e+01 4.669826168743601014e-01 1.151742680848286460e+00 -1.619957006937771532e-03 -5.459792248330101912e-03 1.799417824026916871e-02
1.785000000000000000e+02 5.096575075281427416e+03 -3.370643272401984802e+01 8.335975488390525712e-01 -3.421810631832316574e+01 9.621604005793616965e-01 7.833978421543903448e-01 -6.623059241799220988e-03 5.059271505436874379e-03 9.867227553546950580e-03
2.145000000000000000e+02 5.703710393895858942e+03 5.316571859370180064e+00 -7.075697410166307266e-01 5.498392377775971340e+00 -6.165291986706695759e-01 8.502186648615004394e-01 -8.876130959415643590e-03 -1.370285096282885043e-02 1.818443478714177469e-02
2.505000000000000000e+02 5.429496173408238064e+03 6.373193819600938070e+01 1.140395975792541372e-01 6.399877167021730884e+01 5.607534713376776114e-01 2.496142800873724976e+00 8.007498515545968809e-03 4.464077373991552460e-03 2.171393723533002543e-02
2.865000000000000000e+02 4.458998361103154821e+03 1.069492187771461431e+02 5.371530170452862851e-01 1.068664259355279569e+02 7.736445449829704168e-01 6.866470143525034153e+00 6.150023345072569599e-03 1.850426417122106801e-02 7.350275265362471444e-03
3.225000000000000000e+02 3.264606873271222867e+03 1.161393694475832064e+02 -7.163175801132928844e-02 1.166425574385802406e+02 2.959636822118264510e-01 1.338059503759673774e+01 -6.395577930627757701e-02 -4.574458984526201533e-02 4.572532075414587754e-02
3.585000000000000000e+02 2.370421580825926867e+03 8.119683930071595057e+01 -1.954394509588991691e-01 7.999754026756551184e+01 -2.460304141685590307e-02 1.929561873249167547e+01 -1.147329512647052296e-03 -1.762988326887498375e-02 3.816420881541281174e-02
3.945000000000000000e+02 1.790672611108461297e+03 1.189639250098554513e+01 1.644467384050691150e+00 1.187569010618288345e+01 3.932361227433910367e-01 2.189117601227733800e+01 -4.694072534386509871e-02 -4.019605622399170797e-02 5.381672589789274208e-02
4.305000000000000000e+02 1.817137457819489100e+03 -4.908688409037601730e+01 -2.236420273497224942e-02 -4.958517950586856671e+01 -4.223073948894904284e-01 1.933434549543774494e+01 7.658122976617984246e-02 2.164360086350281334e-02 8.989033038747452908e-02
4.665000000000000000e+02 2.102101444183069361e+03 -7.334090228459908190e+01 2.941610297577144095e-01 -7.385104123107089436e+01 6.262327308931769920e-01 1.328336619565605403e+01 -4.884208471065144830e-02 -4.430884903121837248e-02 3.769928189307611421e-02
5.025000000000000000e+02 2.414057298143856315e+03 -5.336829284290469388e+01 -9.020654653353679664e-03 -5.468853444152072996e+01 -6.712757828211569633e-01 7.984808900256588515e+00 -1.091982955682409273e-02 -4.807217643939688811e-03 7.902157320004760122e-02
5.385000000000000000e+02 2.567486504566272743e+03 -1.490968173785994111e+01 -6.653059855516808563e-01 -1.450960143132858882e+01 -3.847458267949321886e-02 7.631426439409234597e+00 1.140771477666703212e-02 -3.606641461244526614e-02 7.535379904348721292e-02
5.745000000000000000e+02 2.368218637382158249e+03 2.194916016403813686e+01 -3.204399144625235119e-01 2.148381066318403043e+01 -6.967167712301347571e-02 1.291987390381826017e+01 -4.119760050819728722e-03 -3.022697756688123502e-02 4.598802195522991298e-02
6.105000000000000000e+02 2.159031546819935556e+03 2.380259545496152285e+01 2.675751079323567261e-01 2.504693694811287230e+01 6.674034583236195806e-01 2.283571551306652125e+01 1.579493563522913202e-01 5.441517938816604893e-02 6.605270444524467821e-02
6.465000000000000000e+02 1.884648123187987039e+03 -1.214036664232823526e+01 -8.548797444809502766e-02 -1.179431230809993281e+01 3.162278596109427409e-02 3.251487550586799813e+01 3.800401885958022696e-02 -4.548423278375959833e-02 3.850528594407057192e-02
6.825000000000000000e+02 1.817683361977604818e+03 -6.768171787495219860e+01 -1.414209816645120021e+00 -6.774654375121593830e+01 -8.810153270663269032e-01 3.688195679873221877e+01 1.020276074742933053e-01 -1.682856185352037126e-02 6.679438624521165380e-02
7.185000000000000000e+02 1.958780750712113331e+03 -1.173751771025451092e+02 1.283195889978935855e-01 -1.174695203436738353e+02 -1.299306491391966079e-02 3.494199941144805877e+01 -3.124994225162039049e-02 6.319394225020177891e-02 7.452597652402340178e-02
7.545000000000000000e+02 2.262467165611385099e+03 -1.349788007010215267e+02 -5.899137208830029788e-01 -1.343191817123512806e+02 -4.406727459771132005e-01 2.713177038777025274e+01 6.080568923865210113e-02 5.212250404751170296e-02 4.597074972108291385e-02
7.905000000000000000e+02 2.481481084738108621e+03 -1.019943671182416125e+02 4.619650704714950429e-02 -1.011016337556690416e+02 -1.730591814060805644e-01 1.741332403348111058e+01 1.433883069130519050e-02 6.743982399645801623e-03 6.164006328981047611e-02
8.265000000000000000e+02 2.539846635566979785e+03 -4.521810257211222961e+01 2.667583493383860471e-01 -4.390502901926357993e+01 4.006092985472913259e-01 1.274832720143933074e+01 7.713310714156643155e-02 -1.662649789972208206e-02 9.761986631815003368e-02
8.625000000000000000e+02 2.326247864605501491e+03 1.939495519671125834e+01 -1.195224487535359481e+00 1.948724735806522901e+01 -1.347297490645128493e-01 1.513902270639304604e+01 4.798436414393202065e-02 -6.844646217518930709e-02 1.018889433964476066e-01
8.985000000000000000e+02 1.934015896198697646e+03 5.637970713575813875e+01 -1.649912233993279798e-01 5.650793730587759001e+01 9.780970056044943628e-02 2.379829206150548870e+01 4.640809870105611773e-03 7.675872554202593789e-02 8.492265308527302548e-02
9.345000000000000000e+02 1.504999434519411807e+03 4.831631270752352236e+01 -1.196899559191682699e-01 4.865791029393516709e+01 -7.057757862750096978e-02 3.379843599490908446e+01 -8.899701786503880219e-02 -9.154387024585497468e-02 1.291984743812764624e-01
9.705000000000000000e+02 1.185390544830857607e+03 1.518881547300115820e+01 -3.464346790908283125e-01 1.482202910337365509e+01 1.244934387929107072e-01 4.200005886349485706e+01 -1.096839869028913561e-02 -2.097478103698850044e-02 9.274735131030240054e-02
1.006500000000000000e+03 1.050229294298775585e+03 -3.327500191330642565e+01 -1.347332561847403021e-02 -3.276327140532059445e+01 -2.203270732009431354e-01 4.160628176300242842e+01 -9.936096230575100496e-02 -6.341931240409906523e-02 1.053123973578972694e-01
1.042500000000000000e+03 1.062826493473667142e+03 -6.848521506999836106e+01 -5.623197500477997712e-01 -6.869649426288054883e+01 -5.052269366321331390e-01 3.512174317681932934e+01 1.094065685537855548e-01 -2.369516227249546941e-02 1.051846267612947805e-01
1.078500000000000000e+03 1.168488735860652014e+03 -7.770196413419553494e+01 2.018157694011067649e-02 -7.733218130650124067e+01 -4.037773690806387150e-01 2.556177288902733835e+01 -2.021877487023357456e-02 -3.313166464299427405e-02 1.691789200678288640e-01
1.114500000000000000e+03 1.234540500362058765e+03 -6.005157535202209829e+01 -4.613159090343434965e-01 -5.991257100205702102e+01 4.013771909254406633e-01 1.686954079505824922e+01 -5.254687728072526820e-02 3.411066071786857112e-02 7.539819434857961133e-02
1.150500000000000000e+03 1.226484744774558749e+03 -2.978572148611672432e+01 4.516491883354590842e-01 -3.019882074602431032e+01 -5.108436326039261788e-01 1.357502731605625357e+01 -7.225893447460789154e-02 -5.573013323017737830e-02 1.436740501040056073e-01
1.186500000000000000e+03 1.124854694626107630e+03 -2.854914229203369569e+00 8.519366556068475038e-02 -3.092446827861106584e+00 -2.327101784244088329e-03 1.552976177047758455e+01 2.714043920462701556e-02 -4.467114385988331382e-02 4.150314295102109502e-02
1.222500000000000000e+03 9.537991393360601933e+02 5.780323998885148917e+00 -1.808481633955471291e-01 5.466304692207343052e+00 3.345694031082891984e-01 2.139498812223889956e+01 -5.589593468788703334e-02 3.334983383936491672e-03 9.676431407915161986e-02
1.258500000000000000e+03 8.216208361648439222e+02 -5.345045936623161076e+00 -1.611678008562259651e-02 -5.039963520357809479e+00 -9.830177350589838770e-02 2.765923593861050733e+01 -4.706872364199088388e-02 5.575063086058289208e-02 1.261179806138822967e-01
1.294500000000000000e+03 7.424131977457006997e+02 -2.708075171947887583e+01 6.750535135466533276e-01 -2.679246386091313070e+01 5.899128812077816253e-01 3.048101299604977754e+01 -2.678722537509398843e-02 -9.029170129607964890e-02 6.708150499869723615e-02
1.330500000000000000e+03 7.265306694189805512e+02 -5.128624610546263796e+01 4.686369097937423400e-02 -5.097871899646314375e+01 3.534005289684598039e-01 2.888805800387727984e+01 5.732092762795935881e-02 1.457999086242421291e-02 1.696083188877355319e-01
1.366500000000000000e+03 7.808008797017222378e+02 -6.111820087900944998e+01 9.944621568567346692e-01 -6.071174099340417740e+01 1.404684824326507542e-02 2.352625231955575202e+01 -4.048444120324613815e-02 -6.938068268474029132e-02 8.405558846061259026e-02
1.402500000000000000e+03 8.060421456376502647e+02 -5.241803226725527054e+01 7.108570178807799289e-02 -5.265543917285428677e+01 6.605288469066551427e-01 1.705839876254131582e+01 -4.614147812508731517e-02 -6.451295888388156041e-02 6.257116347819072222e-02
1.438500000000000000e+03 8.180171326916281487e+02 -3.363015504078104811e+01 -6.481111587300973920e-01 -3.397711943974869087e+01 -1.777137590546937207e-01 1.257774905050725422e+01 8.003516448211103751e-02 -5.529019510672923687e-03 1.471287534782872997e-01
1.474500000000000000e+03 7.602626697784241969e+02 -1.258340597225413049e+01 -2.862791405810943268e-01 -1.291559263363833843e+01 1.346479909736779911e-02 1.158399962345860246e+01 3.145077796241554230e-02 5.736558786880226191e-02 7.044647461347262885e-02
1.510500000000000000e+03 6.657204423126534039e+02 3.321693759504099397e+00 -9.729979246538639215e-02 2.847969460767983740e+00 3.755962021696964137e-01 1.365213396812738367e+01 -1.690334170847025974e-01 5.509255765460922827e-02 1.130014441407977133e-01
1.546500000000000000e+03 5.577563739098293354e+02 7.651912788309983782e+00 -2.629653116508364197e-01 7.790295316057195052e+00 -2.062520348771290646e-01 1.724614718825041138e+01 -4.823030019809198404e-02 -1.018310009643890873e-01 1.083331759298247765e-01
1.582500000000000000e+03 4.665459483379580661e+02 -2.341240557502968223e+00 -2.151170391498850032e-01 -2.403740715332100208e+00 -8.978387029239073835e-02 1.980204155266504884e+01 7.931218498149991691e-02 -1.912384929388229876e-02 1.018359026502492631e-01
1.618500000000000000e+03 4.101481405916816811e+02 -1.455600625469320519e+01 3.246288732824856998e-02 -1.456105115358769986e+01 4.173990316185720584e-01 2.071564187462008988e+01 8.123085542479233090e-02 1.362647532211266055e-01 5.851735384616701952e-02
1.654500000000000000e+03 3.965158786833541740e+02 -2.441990750728945869e+01 -8.184096399036888680e-03 -2.460700505011170947e+01 -2.391243704954211791e-01 1.848967390923025889e+01 -8.405644734238146287e-02 -9.585975471394860004e-02 1.582241695573621820e-01
1.690500000000000000e+03 4.037867419869989476e+02 -2.985366086468945923e+01 -5.509974536856370175e-01 -3.005051426107799273e+01 -8.136104243144726134e-01 1.479554189978857082e+01 1.051896792644156503e-01 1.004110668067206141e-01 6.345308576558909841e-02
1.726500000000000000e+03 4.064179640863436589e+02 -2.578136977541487340e+01 -5.256041285903644278e-01 -2.651652258197793799e+01 5.629837119782432620e-01 1.085015035362221170e+01 2.023931581617240405e-01 -2.350985915867514348e-02 7.969806110122798493e-02
1.762500000000000000e+03 3.973089599008694677e+02 -1.885659088005765938e+01 -3.074925062666072906e-01 -1.828089605797911332e+01 1.506992956724470811e-01 8.756370645196575708e+00 -1.196969395065457242e-02 5.256435841434085182e-02 4.745400002534579109e-02
1.798500000000000000e+03 3.697520284998291800e+02 -9.928351034128638730e+00 2.605340035950995947e-01 -9.829893572791728928e+00 3.246789157455590713e-01 7.898865426046501881e+00 3.963821009734357081e-02 -8.585890707324643489e-02 1.203778611154665001e-01
1.834500000000000000e+03 3.274483960400195883e+02 -5.311247351380702142e+00 2.394321307393371678e-01 -5.418765675263998105e+00 1.560757883874901442e-01 8.744292875169108470e+00 1.423366229806075772e-02 -8.239242820245534782e-02 -1.226186658514603553e-02
1.870500000000000000e+03 2.896033576734124040e+02 -5.396540018686824425e+00 -1.553651887915194763e-01 -5.784867211981882917e+00 4.678189774932384193e-02 1.025264427196869832e+01 6.642945199075132867e-02 1.575516313129337598e-01 7.227806907785305768e-02
1.906500000000000000e+03 2.577215496698520383e+02 -9.361744895809660960e+00 3.862359701928096967e-01 -9.657756854545841207e+00 2.483074112399702993e-01 1.102773821083904693e+01 -6.449020753864570521e-02 -9.453229945875618601e-02 -5.848109641471921361e-03
1.942500000000000000e+03 2.496252438530901827e+02 -1.443488209776722186e+01 5.097026682548226884e-01 -1.459913330714679347e+01 4.596021190332517936e-02 1.101885461104546948e+01 -1.079796388605369639e-01 1.328105423438596389e-01 1.201757921372884619e-01
1.978500000000000000e+03 2.428118603938484625e+02 -1.812355265313860997e+01 4.957270360820503208e-01 -1.779551806518346524e+01 1.979054780595884411e-01 9.831994438874275488e+00 -4.376743059840585565e-02 -4.885406015513299449e-02 -1.083263964935009815e-01
2.014500000000000000e+03 2.427635667458482089e+02 -1.764791758402938626e+01 -2.047217353706606291e-01 -1.780408841833643407e+01 -8.913075141070109231e-02 7.965274069479908903e+00 5.654497950791009808e-02 -4.250519123228733986e-02 1.059864505398896567e-01
2.050500000000000000e+03 2.398762533893164459e+02 -1.385517002915178963e+01 -2.641525180662935429e-02 -1.441663033407933447e+01 9.269043021948641936e-03 6.122852879849441265e+00 2.163365059029959125e-01 1.471093475065023415e-01 8.267819117388812422e-02
2.086500000000000000e+03 2.254991580008043002e+02 -9.312163018089501421e+00 1.209729850826323783e-01 -9.274147610808700648e+00 -3.986469492812058091e-01 5.133749627192952580e+00 7.901874683453762038e-02 5.508249845201299011e-02 1.904913309030875079e-01
2.122500000000000000e+03 2.072861380541064591e+02 -5.353946974836209627e+00 1.088603816546641068e-01 -4.991325223544434309e+00 -1.292778883305804039e-01 5.145181311501581867e+00 1.394587346972865349e-01 -1.726457391393193541e-01 7.465047223687570899e-04
2.158500000000000000e+03 1.802832493892968841e+02 -2.976911659564872359e+00 -3.242457408595178503e-02 -3.076132065900814894e+00 5.670549885629014297e-02 5.344628902679277260e+00 2.814725564905863620e-02 -5.159313697213843003e-02 2.247032642560028992e-02
2.207000000000000000e+03 1.528997940614069648e+02 -3.878500704593471848e+00 -6.866102038376531436e-02 -3.569066162186141256e+00 -3.603341789059016920e-02 6.076198667394125508e+00 -1.491520547684799247e-01 8.334719553527242253e-02 3.507884643643963130e-02
2.268000000000000000e+03 1.331979705702307797e+02 -6.855280670689839262e+00 7.079101929494696632e-02 -6.899718344785301660e+00 -3.319622142306143942e-01 5.762036106569604854e+00 1.129965682464150467e-01 1.945164698443818119e-01 -7.104454688970329723e-02
2.329000000000000000e+03 1.269138436196107023e+02 -7.852808154166308618e+00 -9.194235647267227918e-02 -8.170995733985911613e+00 -1.461562535332502355e-01 4.494274235449475796e+00 2.664638649247677571e-02 -4.085805486702513006e-02 1.775353464101487311e-01
2.390000000000000000e+03 1.193444390575466940e+02 -5.668883511856313895e+00 -5.367545960698245633e-01 -5.919814869887487063e+00 -2.588703997174278681e-01 3.227865766674931081e+00 2.475126703187004173e-02 1.018763644805586316e-01 1.073291421356033365e-01
2.451000000000000000e+03 1.058869686531797072e+02 -3.576074771811970088e+00 -9.300597623387585333e-04 -3.733891027319049094e+00 -2.179606251229135039e-01 2.916276242645976069e+00 -2.420506745474347854e-01 -7.232753440932757072e-02 9.948065413914920774e-02
2.512000000000000000e+03 9.112034345243861821e+01 -3.006019313437663598e+00 -1.961196053885468915e-01 -2.996894382026559889e+00 -1.740318962774492773e-01 2.961517754991523699e+00 1.460054708840438087e-01 -7.585823552031696615e-02 4.288058425081916342e-02
2.573000000000000000e+03 8.202179229958034057e+01 -4.073513674904080339e+00 -2.426770515019626151e-01 -3.805692523589062404e+00 3.499213202210316176e-02 2.993821513541025769e+00 2.410134067896242682e-02 1.575178994204842753e-02 1.471734008562322060e-01
2.634000000000000000e+03 7.804925514659753105e+01 -4.195431186452934114e+00 -1.987039938569150621e-01 -4.369978440843533818e+00 -2.264531267438472384e-01 2.380129742945227278e+00 8.603129070632904718e-02 -6.773784042066204047e-02 4.265656006904136599e-02
2.695000000000000000e+03 7.390231975052768121e+01 -3.384525042390114535e+00 2.571457687975849116e-02 -3.431870364355388947e+00 3.069927111463553737e-02 1.791758341576783931e+00 -1.854924429575532385e-01 -7.781548313717372156e-02 1.602737171995601839e-01
2.756000000000000000e+03 6.543821749303563706e+01 -2.133290185114456783e+00 1.278754950580447414e-01 -2.244595909782785448e+00 3.086366505154203299e-04 1.522199027136038163e+00 8.385588244721324525e-02 -1.375940519013454377e-01 6.005455688411789894e-02
2.817000000000000000e+03 5.782379769806175318e+01 -1.509505485535362901e+00 1.862626705251696491e-01 -1.390174589349831180e+00 1.143646927997958584e-01 1.591139091254813120e+00 -2.550403640588248810e-03 1.775958605035751758e-01 -4.510611733718827149e-02
2.878000000000000000e+03 5.200319209333994763e+01 -1.821058749438581925e+00 -6.945886209580065529e-02 -1.709199382556057412e+00 -2.789097105253480341e-02 1.423089707635403212e+00 -2.792674293768943050e-01 3.298265627160623659e-02 6.133101179335192707e-03
2.939000000000000000e+03 4.841232969499546357e+01 -1.636749691062641787e+00 1.998074433343262346e-02 -1.475929722962217694e+00 1.706927438211070513e-01 1.342209877598172785e+00 1.467184282159381681e-01 -5.845217808370552215e-02 1.468750193029375387e-02
3.000000000000000000e+03 4.651398232786451103e+01 -1.687105690750927867e+00 -1.385431515220282572e-02 -1.839687068271110837e+00 1.355813003406395323e-01 9.837823151180680181e-01 4.552386895503906378e-02 6.181526116099605311e-02 -1.192351077322593433e-01
3.061000000000000000e+03 4.362132858120170198e+01 -1.152038972294812558e+00 -4.276905078423411111e-02 -1.312789476824176127e+00 3.833195324239013768e-02 7.462708770571090389e-01 -3.365120617742303200e-01 3.208419352393521162e-02 -2.627219092292618075e-01
3.122000000000000000e+03 4.107316014223297884e+01 -9.081873934245010549e-01 -1.937710589610733281e-02 -8.974132101373422099e-01 3.559773364576515609e-02 6.424870876716770596e-01 9.552912133001924266e-02 2.434605257717097765e-02 -8.102899527048462724e-02
3.183000000000000000e+03 3.842700335561634972e+01 -1.068426472188184428e+00 6.500732741742291931e-02 -7.049282561488328103e-01 7.570983987644511193e-03 1.004443662952458238e+00 -1.414730695031553298e-01 -8.487110527361405032e-02 3.007853831331226413e-01
3.244000000000000000e+03 3.685119899927963871e+01 -9.719529705369138739e-01 1.315172593781178123e-01 -1.175394372672863064e+00 -2.593810641397507610e-01 3.606803962672711639e-01 -3.434872694668865412e-02 5.120449954746116028e-02 5.180892156799010717e-02
3.305000000000000000e+03 3.593944223769456414e+01 -1.095484040014351290e+00 -3.098856726163288222e-01 -5.469595539023671682e-01 1.892067215283543269e-01 3.523821093196145560e-01 -3.511284128283913980e-02 -4.031893060297349618e-01 -5.083894677899774422e-02
3.366000000000000000e+03 3.433622194391460880e+01 -6.055662182288430451e-01 -1.170919471526507272e-01 -6.193500686391475440e-01 1.853369014083417476e-01 5.190660809236786744e-01 -3.388610028912131256e-01 -6.128503173227266287e-03 -2.942961710507556450e-02
3.447000000000000000e+03 3.282870774996328578e+01 -2.196542856019206846e-01 -1.823442398048200630e-01 -4.192299004213890790e-01 -1.145788080657110519e-01 4.473351488263210829e-01 1.049101742085026268e-01 3.051544515423231657e-02 -1.191763101962294152e-01
3.548000000000000000e+03 3.136681472201740917e+01 -5.157491520113653971e-01 -2.717717971173105873e-01 -2.631798361989226565e-01 1.689105637234372681e-03 3.773198027385271658e-01 -1.342992473117913255e-01 2.940695211325767416e-02 4.426652497322412783e-02
3.649000000000000000e+03 3.057266033577010589e+01 -3.241642540581579079e-01 1.118186209872772674e-01 -5.872737270891706940e-01 -1.545670452987767118e-02 3.054515553682254358e-01 1.828618283970145364e-01 -2.316071384197004868e-02 5.856148415636312776e-02
3.750000000000000000e+03 2.996293945950318971e+01 -5.131759352605402835e-01 -1.460442758440962385e-01 7.201239335354119031e-02 -2.452933957201274551e-01 3.206357415213702544e-01 3.723518568314330146e-01 -2.467119013584791465e-01 -1.477289158185476348e-01
3.851000000000000000e+03 2.977552883513625659e+01 -6.405708235749552060e-02 1.367716650146464652e-01 -2.320754080699045097e-01 -6.625224668076128143e-02 2.851563183874773477e-01 -4.755225201560220327e-02 1.047317071900931429e-01 2.405289165329094481e-01
3.952000000000000000e+03 3.017354983471695107e+01 -2.519778047874382532e-01 -1.357409106587642578e-02 -5.112322652018768537e-02 -2.544114884261167164e-01 1.597715123057415199e-01 2.859875504890849185e-01 -2.307668659668945521e-01 -1.709988523703782209e-02
4.053000000000000000e+03 3.046572213111930338e+01 6.058760497529933065e-02 3.476228178710366601e-02 -3.616509976789336611e-01 1.466470351303705844e-01 1.958381319420217648e-01 2.203782090191001575e-01 -4.310179885862234772e-01 -2.018760273815783657e-01
4.154000000000000000e+03 3.050734946985624418e+01 -1.759388800012681164e-01 6.450052270678788280e-02 -6.545832651630316412e-02 -7.866490450784247024e-02 1.680697063795531521e-01 1.982451667704435705e-01 1.049983003855160107e-01 3.909995693315259507e-02
4.255000000000000000e+03 3.112003128274538000e+01 9.441852312591164642e-02 -4.293721050613999446e-01 -2.803260661812708721e-01 -3.905043289092915981e-02 1.840577935824195821e-01 -4.398203177433311906e-01 4.349474507691155067e-01 6.435002591047282727e-02
4.356000000000000000e+03 3.136498568259822051e+01 -1.070643157040696847e-01 7.313454709261091313e-02 -7.301193580404273797e-01 -3.730417325067479917e-01 6.125809546542640427e-02 -1.005518858848112040e-01 -2.602039341192518007e-01 2.074766773733994346e-02
4.457000000000000000e+03 3.261126136839461509e+01 -1.444185772963373082e-01 6.623081587104195922e-02 -5.409640181411370374e-01 -1.037138330457815227e-02 1.384412130455320300e-01 -1.394604306576663344e-02 3.501000635803097616e-02 -1.774522566604744278e-02
4.558000000000000000e+03 3.320514592981888313e+01 -1.727546872852003812e-02 -1.308866972439638454e-01 -1.626320929032121221e-01 3.618264729923983403e-01 -1.775729298009139645e-01 1.988875943843654293e-01 7.096611301745936462e-04 5.820343919779407127e-01
4.659000000000000000e+03 3.410006373721131467e+01 -3.310797808837974143e-01 -1.061227121550660929e-01 9.182472643230994436e-01 -4.886393820147454381e-01 -2.668724162680936596e-01 2.468399321473406238e-01 -1.272519334665554724e-01 5.850849743833618222e-01
4.760000000000000000e+03 3.541723267402890940e+01 -2.160353181593364091e-01 6.351388977459682117e-01 -3.364128977809717203e-01 1.286440968456667444e-01 5.692643794998266671e-01 -2.357454064652517167e-02 9.691008321123728564e-01 -5.786840351608604216e-01
4.861000000000000000e+03 3.616353973238733488e+01 -3.133166490271196425e-01 2.662189909128783588e-02 -3.606425669887298735e-01 2.511515643588780877e-01 -4.188646867119887873e-01 -7.044109627640376958e-02 1.852557826572446831e-01 -1.089285851058850174e-01
4.962000000000000000e+03 3.675019247218644125e+01 -8.255236434422677516e-02 -3.447547995352234773e-01 4.055737192349410103e-01 3.117423243559376833e-01 -2.375825169307789198e-01 -1.986420820414658284e-01 -4.530648579502468687e-01 -3.146321785419947670e-01
5.063000000000000000e+03 3.711987692558657415e+01 5.174073804221770434e-01 -3.141039356281284667e-02 -1.447382940807781793e-01 4.458367573892996205e-01 4.138217838285349059e-01 1.168972986613455722e-01 -2.301115980152447227e-01 -6.127972026803868433e-01
5.164000000000000000e+03 3.879702236020511918e+01 -2.625107423799024481e-02 2.396648282415284048e-02 -4.533964244242134067e-01 -6.224139260775494176e-01 -7.466937526153594185e-01 1.010648110190548454e-01 4.286984240733161533e-01 -5.486972498925845043e-01
5.265000000000000000e+03 3.986031684093315164e+01 6.223305079606049339e-02 -8.625667120608766503e-01 4.199872982972441271e-02 -1.222674290003903652e-01 -2.521159465087517426e-01 4.287650830913118938e-01 3.924542037274607598e-01 2.476691646434184269e-01
5.366000000000000000e+03 4.052887240905493371e+01 -3.438932284743204670e-01 -1.702029104264897452e-01 -3.717261963734804775e-01 -5.860183616796002526e-02 2.197772472447075964e-01 -9.988944859758142059e-02 -6.245504251689171227e-02 6.196712913595552319e-01
5.467000000000000000e+03 4.253524764682777715e+01 3.523604559253839530e-01 -4.757265606629013655e-01 -2.473421174941905221e-01 -4.263921045458303749e-01 2.269334090043602647e-01 -3.507278527259794498e-01 -7.875700168979273830e-01 1.684531360024603686e-01
5.568000000000000000e+03 4.382262739683218911e+01 -1.016312165177647442e-01 3.044344970946190054e-01 -1.689821837870132182e+00 -3.456123861892264060e-01 -1.125092060568809949e+00 -9.951698715576454690e-01 2.116448488830039720e-01 -4.735291891580387103e-01
5.669000000000000000e+03 4.483572532771853503e+01 -1.042284895711672377e+00 -1.003343154589631192e+00 -9.721263419236101377e-01 7.189813315045486819e-01 -1.590012055525684254e+00 8.733303969994679061e-01 5.123789975412924580e-01 3.425385873061262965e-01
5.770000000000000000e+03 4.531421854868352739e+01 -2.415754945535165676e-01 6.421487447169350604e-01 -8.619820049375024329e-01 -1.270344540985671511e+00 -6.678021794227546604e-01 1.901055251671268376e-01 6.295459915190837474e-01 -1.508052609543364397e-01
5.871000000000000000e+03 4.658704462663524737e+01 -3.698817645284574462e-01 5.500402887262360041e-01 -1.650460491716576605e-01 -6.389533586240547791e-02 1.898383723150905422e-01 2.931261320391231884e-01 1.088272480698943445e+00 2.147320248651433949e-01
