# l Dl_TT Dl_TE Dl_TB Dl_ET Dl_BT Dl_EE Dl_EB Dl_BE Dl_BB
7.050000000000000000e+01 2.000376875940419950e+03 -4.662067582321076209e+00 2.400599830919025734e+00 -1.166745192887053761e+01 -1.267118389718069116e+00 3.657424873503051233e-01 1.177156321068315373e-02 7.802414523759125184e-03 1.063343390704702546e-02
1.065000000000000000e+02 2.797003691828253977e+03 -2.645443547131756645e+01 -2.157588820372897231e+00 -2.530110396620604973e+01 -1.561262971219621543e+00 8.855019303143611964e-01 2.921386141841036954e-02 -5.494890399250502988e-02 2.842687976036831210e-03
1.425000000000000000e+02 3.888430738884930634e+03 -4.711124229367544558e+01 3.420457858480825397e-01 -4.210582181275674429e+01 1.638475389925515335e+00 1.154908713336524784e+00 -5.449375485459660023e-02 2.623584675038419245e-02 -4.139981087212945415e-02
1.785000000000000000e+02 5.001728214933319578e+03 -3.558636045342862531e+01 4.054456373462976160e+00 -3.253877908549820575e+01 -9.547380673977950982e-01 9.155642100400871453e-01 -2.100037267644815075e-02 -1.274890575962337423e-02 2.369727685555696878e-02
2.145000000000000000e+02 5.833134294782534198e+03 8.317033134850593257e+00 -5.901757041582516017e-01 4.083273222564031357e+00 1.554855901303229260e+00 8.690959547450558542e-01 -4.175401491789455105e-03 3.582278476308708992e-03 1.820835608997779798e-02
2.505000000000000000e+02 5.404735044475090035e+03 5.872619536954510977e+01 1.276279663562561506e+00 6.123241888081493300e+01 -1.403865505994564833e+00 2.373614598565676914e+00 5.127528844149362164e-02 2.150927806930484978e-02 -1.889906168230475608e-02
2.865000000000000000e+02 4.513514617140124756e+03 1.120093294855383022e+02 -1.349756062972092163e+00 1.120664654525083677e+02 -6.826702815052612117e-01 7.024438104022962648e+00 -1.081285269317010245e-01 -9.214211234693869823e-02 4.004662867333884380e-02
3.225000000000000000e+02 3.429421003798761831e+03 1.181361529004328901e+02 -3.842867049405797264e+00 1.224529827414301337e+02 -1.031434394094865148e+00 1.335316289094554776e+01 -1.225369144974899072e-01 2.989408515748513684e-02 1.248419813971064773e-02
3.585000000000000000e+02 2.273666310444513329e+03 7.793312177246991723e+01 -1.233258980885921341e+00 7.833373489959573988e+01 6.643715523881605911e-01 1.926573013000740886e+01 -3.809715659073004135e-02 2.688511378968035104e-02 1.904516707002251730e-02
3.945000000000000000e+02 1.742994139037499963e+03 1.166998223478877605e+01 1.991650598071249778e+00 9.259105835955738328e+00 -8.058914204047870067e-01 2.163431124760938218e+01 -1.438160550175244523e-01 -1.774174172096482788e-02 3.921542281952332398e-02
4.305000000000000000e+02 1.816989500064244339e+03 -4.976459597671650670e+01 -8.678968519763767819e-01 -5.115516064670585195e+01 -6.534990332114229972e-01 1.897271339783697641e+01 -8.868127858932089991e-02 -3.693711682304804539e-02 5.716780893785270573e-02
4.665000000000000000e+02 2.109736395763010478e+03 -7.167560421291699413e+01 -5.356957892015996592e-01 -7.294854581304190333e+01 9.376989725058554326e-01 1.328800060193191257e+01 -1.502053174579927319e-01 -4.098697746209901266e-02 7.263286763946626146e-02
5.025000000000000000e+02 2.479450555293935849e+03 -5.541906547455581489e+01 2.357762744994317927e+00 -5.721747563974699347e+01 -4.123808980656848422e-01 8.227261492265256493e+00 -2.518671113546919194e-02 -2.372948356053399682e-02 6.727000350347758784e-02
5.385000000000000000e+02 2.598003605581882766e+03 -1.175677219310236410e+01 2.288245849042666258e+00 -1.410348585198875426e+01 -2.009905602432565885e+00 7.364442926052919169e+00 -1.310548034615641178e-02 -3.579104281537244525e-02 2.648293512980070402e-02
5.745000000000000000e+02 2.432520975937719868e+03 2.240020963879702975e+01 -5.483943224147878187e-02 1.940603355433195532e+01 1.503343362045669984e+00 1.291734160019677802e+01 -7.003301243920688479e-02 1.433201659281811979e-01 4.495427584228340462e-02
6.105000000000000000e+02 2.115232724493232126e+03 2.278695313529944855e+01 2.130282012478971754e-01 2.519283061194857254e+01 -2.628153759778319998e-01 2.273049753357427250e+01 -1.273268722247395714e-02 -2.447492096305901171e-02 5.065713143634253263e-02
6.465000000000000000e+02 1.896812733479324379e+03 -7.905577480060828499e+00 5.184705071461449544e-01 -9.056940475289204429e+00 4.201733294415551101e-01 3.239507212047981000e+01 1.753717556534433730e-01 1.342577553164549936e-02 1.423816950788236446e-01
6.825000000000000000e+02 1.829561108986280260e+03 -6.935993138097391864e+01 4.743039287261026082e-01 -6.618208413861719919e+01 7.075663332760823154e-02 3.687762741334039873e+01 1.148721480684702922e-01 -1.651489572225285640e-01 4.368703160977207081e-03
7.185000000000000000e+02 2.021234021578855391e+03 -1.181370497177860699e+02 9.886824060398713421e-01 -1.196970167319511233e+02 1.115571243142897906e+00 3.551964790143945550e+01 1.005848471862234028e-01 -1.073016453086142186e-01 3.233952764815067327e-01
7.545000000000000000e+02 2.253407417464523405e+03 -1.310284688723048134e+02 -1.247046283735062211e+00 -1.330122618303014121e+02 6.092400608952611707e-01 2.697622844201706016e+01 5.480018401553099494e-02 -4.719443411771187535e-02 9.017290709496127155e-02
7.905000000000000000e+02 2.501141578272725837e+03 -1.046072635959324799e+02 2.181801141413120537e-01 -1.046106275434533757e+02 1.226689782390662398e+00 1.790007828505166287e+01 4.767439630449694932e-02 -3.126940844358504223e-02 9.046582602700285747e-02
8.265000000000000000e+02 2.581987539358793583e+03 -4.419838604756912304e+01 -8.737729567799998875e-01 -4.326639797852183733e+01 6.689664926512417509e-02 1.279837417589050652e+01 -1.940417302624923290e-01 4.123180188896001519e-02 1.101972825806348949e-01
8.625000000000000000e+02 2.340127127833964096e+03 2.100289426065220511e+01 8.936364527055870033e-01 1.680883299564981570e+01 -3.971517357854037478e-01 1.514571784002320598e+01 4.131636627866713818e-02 -2.381246336008301934e-01 3.046127515350374737e-02
8.985000000000000000e+02 1.925568968088721022e+03 5.309964180915244469e+01 -1.238153263266549953e+00 5.325859532601211299e+01 2.261702494636069205e-01 2.332939072777200096e+01 -1.274584550402054484e-01 -5.154281580781053251e-02 9.468942437448088500e-02
9.345000000000000000e+02 1.539669614363028131e+03 5.240690138752901817e+01 3.343073918812633494e-02 5.310716476807833430e+01 -6.893275326553149895e-01 3.478488422892787924e+01 -3.785169438058231250e-01 -9.173320895600273195e-02 -5.560715845645721606e-02
9.705000000000000000e+02 1.223145752542293849e+03 1.770132962375387820e+01 -1.977325231541794182e+00 1.638428662911439204e+01 -1.046511842321460550e+00 4.107332955493951943e+01 -6.201550065544039758e-02 5.677706241840373147e-02 -1.135466793561765685e-03
1.006500000000000000e+03 1.055912706035335759e+03 -3.372983121450680244e+01 1.649609278879950458e-01 -3.509278886217869342e+01 1.060324173132391745e-01 4.167505646552476151e+01 4.512967567241665812e-01 -4.536594778087068430e-02 3.941443075072258856e-02
1.042500000000000000e+03 1.094146813891628881e+03 -6.904707718807540573e+01 -7.599999267949117954e-01 -6.977341792531635178e+01 5.407781886713775021e-02 3.482975532233702864e+01 -4.657268892464261345e-03 -1.665572708413129988e-01 7.226560070475476771e-02
1.078500000000000000e+03 1.176352616786062299e+03 -7.611698878674616253e+01 -5.811241879377080366e-01 -7.659711905952286770e+01 -1.978695322191792172e-01 2.531504146858097215e+01 3.220628487324683764e-02 -1.374792551186268530e-01 1.510516174381357490e-01
1.114500000000000000e+03 1.232179029053031854e+03 -5.899350307335829768e+01 1.146548219926140977e+00 -6.010765164148932627e+01 -1.803056765813979001e-01 1.673320659177421277e+01 -1.613689130047335774e-01 1.726410860507139600e-02 1.818476448132865519e-01
1.150500000000000000e+03 1.227608883363346649e+03 -3.060453858631400337e+01 6.375590733258866827e-01 -3.036969621374242934e+01 -7.214840412885759058e-01 1.350548277618588422e+01 1.211244876682518040e-01 -9.884352764520093829e-03 4.669029809234279821e-02
1.186500000000000000e+03 1.129488955138383517e+03 -6.361177735620546780e-01 -3.738147121038501997e-01 -3.444957368115657559e+00 -4.360697951703004227e-01 1.550652002682841157e+01 -3.059127874484581233e-01 5.539233206238516893e-02 2.687809198241958991e-02
1.222500000000000000e+03 9.630853441234421553e+02 6.951153688064975356e+00 5.368868583065973255e-01 4.848841014499088331e+00 -2.557704256520907382e-01 2.180903191236271610e+01 1.649504372926642592e-02 -5.051804788671508673e-02 1.223613831389199075e-01
1.258500000000000000e+03 8.138324228979065538e+02 -6.889419201286695049e+00 -2.203309154993859043e+00 -4.203164363982052620e+00 9.991345345158220148e-02 2.727947656656587583e+01 1.012487965472753659e-01 1.136501555343133185e-01 7.776416728608973039e-02
1.294500000000000000e+03 7.474016645436929593e+02 -2.812466259170801663e+01 3.529498967674754017e-01 -2.809099369475740104e+01 4.785292767693823945e-01 3.040624646414300258e+01 -7.716797997664243125e-02 -5.421184046248153643e-03 3.446525703936377250e-01
1.330500000000000000e+03 7.476523293014035971e+02 -4.956659545418594348e+01 1.371341738407721556e+00 -5.097368268840665451e+01 -1.958615941972045027e-01 2.844382949012106820e+01 -4.487096890055766729e-01 1.310058841425161547e-02 1.365055859766427515e-01
1.366500000000000000e+03 7.931090924634543171e+02 -6.228480183868470021e+01 -4.607316370009278961e-02 -6.115040783643885192e+01 4.795908979330812394e-01 2.355873564138926213e+01 -6.373661714363376696e-02 -5.014018654070587222e-02 1.784819574327123071e-01
1.402500000000000000e+03 8.256415931340430916e+02 -5.381673232632008563e+01 3.862572395310009954e-01 -5.394364599067517219e+01 9.276930074675790450e-02 1.719734775296689122e+01 -7.435489239056990163e-02 -3.205469790772416672e-02 -5.367788417376712778e-02
1.438500000000000000e+03 8.172296214967933565e+02 -3.531688588733346990e+01 2.977133821304877026e-01 -3.447445250241747061e+01 1.221225053694715568e-01 1.271042551812726629e+01 -1.432681845998508563e-01 -1.193104030873027577e-01 1.848014392223857813e-02
1.474500000000000000e+03 7.613487909727475653e+02 -1.262169370707302107e+01 -3.226616984798617027e-01 -1.194246922756286367e+01 4.519160340874928128e-01 1.159174373318339946e+01 8.220881235024393718e-02 -8.359109119298419044e-02 6.628663381009496092e-02
1.510500000000000000e+03 6.794542405610732203e+02 1.416478534859235694e+00 6.438050760741732548e-01 2.512136798238364221e+00 -5.043794549909298430e-01 1.332825698817705451e+01 7.721510582030891023e-02 -2.673429086896793039e-01 8.270411200417163156e-02
1.546500000000000000e+03 5.628263448188340590e+02 6.532809338332487670e+00 -5.899424083122597473e-01 7.100783198047066591e+00 5.615878488305708904e-02 1.711016561064875319e+01 2.468379586804856085e-01 4.536663031064822743e-02 -2.952903050977864763e-02
1.582500000000000000e+03 4.723655622626998820e+02 -8.833270152919722173e-01 -4.200055022225694379e-01 -2.500020928308763324e+00 2.604431943783069858e-02 2.003619900878687332e+01 -6.064387655950360945e-02 2.287073826272944532e-01 5.107092463854965431e-02
1.618500000000000000e+03 4.183238984330183712e+02 -1.396674616414149206e+01 -1.067753857036975118e+00 -1.340193159635804676e+01 -5.525602952639736554e-01 2.079182785792071186e+01 6.948113771382717907e-01 -1.155428127988661624e-01 2.680469625959498725e-02
1.654500000000000000e+03 4.082301711877630623e+02 -2.597181560834784264e+01 -3.639445257345318430e-01 -2.585264583455112586e+01 2.037708756094237239e-01 1.859476587680785187e+01 -1.705620114726796310e-01 1.231347558608928555e-01 2.794930985778119187e-02
1.690500000000000000e+03 4.110225203400747205e+02 -3.057948667598287074e+01 7.700238338072895594e-02 -2.931754421140224309e+01 1.098666134289863594e+00 1.419720824515533941e+01 -2.393415772771173566e-01 3.541099808489156509e-02 -1.476223590072895386e-01
1.726500000000000000e+03 4.188647966886201175e+02 -2.700637865515655278e+01 -2.927424951691446342e-01 -2.694900374462909198e+01 -1.299576516353830868e-01 1.123672832719756620e+01 -1.034440128405981346e-03 -6.687023905092764897e-03 2.639520283708381987e-01
1.762500000000000000e+03 4.016405814506633760e+02 -1.978417275899697358e+01 3.323740762660314374e-01 -1.819964794236743444e+01 2.559046584353104059e-01 8.451228397627726707e+00 4.081543648230034904e-02 -1.916665380116856776e-02 9.211891215819073553e-02
1.798500000000000000e+03 3.756065765591060881e+02 -1.008847886465834520e+01 5.105255561355068750e-01 -9.506324565949087813e+00 -2.387972396214166904e-01 8.124904931745820846e+00 -3.065999981505513894e-01 -8.038908701494706932e-02 -2.420046231931855529e-01
1.834500000000000000e+03 3.400814085162239166e+02 -4.705521297485004695e+00 -7.032957502210429590e-02 -5.380944285897173884e+00 -1.350395697926999594e-01 9.236291978593460072e+00 2.374701547081156661e-02 1.977559707985992454e-01 -1.653968667893730149e-01
1.870500000000000000e+03 2.980779833867527486e+02 -5.549737452785061365e+00 3.822446122397905599e-01 -5.916105579928423452e+00 4.335022266763512988e-01 9.877066883272648923e+00 1.614933628728038029e-01 -1.552953796684589383e-01 1.328512088150128612e-01
1.906500000000000000e+03 2.704676798167091647e+02 -9.576342388404734507e+00 4.116531631738018504e-02 -9.280729796248477825e+00 -1.855657692700015127e-01 1.074100382548109778e+01 -1.242485767769522798e-01 -1.079879288593691977e-01 2.731326149671833847e-01
1.942500000000000000e+03 2.520861509789985462e+02 -1.404294841022596962e+01 -2.726633557210763614e-01 -1.402266174017899303e+01 8.753963355658885004e-02 1.094217906381670957e+01 -2.465701665067277226e-01 -1.855231844791858098e-01 5.020977990932559004e-02
1.978500000000000000e+03 2.548198160460095778e+02 -1.818985297881263108e+01 7.109834198764408697e-01 -1.807923328971585875e+01 6.109063330215986909e-01 9.443040963356544637e+00 -2.591251050669015621e-01 -2.007335134105787122e-01 -3.393957668335562117e-02
2.014500000000000000e+03 2.520333978954701024e+02 -1.788213145789077529e+01 3.727433823830753612e-01 -1.707597694543395050e+01 -4.685693134687803907e-01 7.870555980279936747e+00 9.800692135595051591e-02 4.630022707909910856e-02 8.506774243609960262e-03
2.050500000000000000e+03 2.501372590257057027e+02 -1.304822962341156511e+01 -8.522347191476384864e-01 -1.497462151848928258e+01 1.686827057962136944e-03 6.420689298199556028e+00 -1.332065812329719934e-01 -1.362558740199760338e-02 -1.572070057099999585e-01
2.086500000000000000e+03 2.383180218038367286e+02 -9.486417977458010853e+00 8.835438548925412805e-01 -9.711793852788414227e+00 -4.863490772780391658e-01 5.289657850831833485e+00 1.091900899206121184e-01 -1.012038391918518715e-01 1.941686293484992665e-01
2.122500000000000000e+03 2.170189870267673200e+02 -5.734536698003995348e+00 7.723260741359514459e-01 -4.045674645462291608e+00 -7.148827922929524847e-01 5.210663399357088110e+00 9.106192665869131120e-02 6.312556130231433693e-02 -2.838557043061777918e-01
2.158500000000000000e+03 1.931339236088619487e+02 -3.669043419456294863e+00 -1.280589942460539921e-01 -3.983220632427124208e+00 3.007283557749718117e-01 5.381539109174964253e+00 1.842366427720740912e-02 -7.694021881189447853e-01 -9.492599426044395772e-02
2.207000000000000000e+03 1.651504334186416258e+02 -3.906332363068210078e+00 -8.472490619733069606e-02 -3.101348550862885300e+00 2.270078972912226156e-02 5.952465250113098350e+00 3.301571759993311705e-02 -1.780095282583527005e-01 -3.962160894029766872e-02
2.268000000000000000e+03 1.460773905694007340e+02 -6.815582113095480565e+00 -3.665184461592037035e-01 -6.971362507948446918e+00 4.081107273062241358e-02 5.620232902431185451e+00 2.215933640958452910e-01 3.974585550457861993e-01 -2.439807130927941214e-01
2.329000000000000000e+03 1.398528647004245613e+02 -8.370316963791037068e+00 -1.010560635935284779e-01 -7.871176541746166322e+00 3.492702483069085040e-01 4.577342537546359225e+00 2.257060232255066190e-02 1.793868325290206567e-01 -3.193711558563275266e-02
2.390000000000000000e+03 1.351738442818850103e+02 -5.477189022918770078e+00 5.527031968339951584e-04 -6.119061317093315466e+00 2.677921822266221552e-01 3.081959699727873314e+00 9.419373250077096860e-02 -5.805933401071488448e-02 -3.677401757437839813e-02
2.451000000000000000e+03 1.213555994659720341e+02 -3.121351595884139130e+00 -9.203245377751126943e-01 -3.132735071887487344e+00 2.073502295164534048e-01 2.629663605073043087e+00 -2.328569581685559498e-01 1.083116075493756048e-01 3.823093277533042844e-01
2.512000000000000000e+03 1.090461044792409808e+02 -3.056892505999280196e+00 5.231036570903067062e-01 -2.710416889119549921e+00 -2.080288453290062289e-01 3.205816479717497280e+00 2.243033737411834205e-01 7.499146349212219842e-02 2.068353738945807041e-01
2.573000000000000000e+03 1.007726606656056703e+02 -3.862908392363944898e+00 4.552486971038564034e-01 -4.448944636280757869e+00 -2.698921574671681034e-01 2.749987646658017759e+00 -1.232245451566895827e-01 2.434564833719934096e-01 3.946851259905181930e-02
2.634000000000000000e+03 9.609128163177118154e+01 -4.139493343486128296e+00 2.125841780829467176e-01 -4.096325305925441640e+00 4.151577143622533494e-01 2.443191429017629090e+00 5.402720841766431303e-02 1.387476577773064101e-02 -2.700079034450626470e-01
2.695000000000000000e+03 9.221936681120374146e+01 -3.697263205292780075e+00 1.424995591169296305e-01 -3.356259462793103943e+00 -4.863965988451963707e-01 1.771544521075265610e+00 1.400417819819161358e-01 -2.741693509542519891e-02 -3.187768002149847790e-01
2.756000000000000000e+03 8.587799911832873079e+01 -1.655211377296442077e+00 2.913607093266514791e-01 -2.103923149319042452e+00 -7.947792830331623648e-01 1.772878323720852745e+00 7.408075893238061371e-02 1.212624581848094074e-01 1.446357918321673486e-01
2.817000000000000000e+03 7.880233749450935932e+01 -1.299597486311632188e+00 2.906446481139779991e-01 -1.590800914860050597e+00 -3.481758682940689908e-01 1.300380588655712044e+00 -4.583817092600149523e-02 4.087719242217418558e-01 -1.950523400115791173e-01
2.878000000000000000e+03 7.331608820690962602e+01 -1.754622149926165831e+00 -4.140585829008721630e-01 -1.073344691891475300e+00 9.002795519437001293e-01 1.159737975609930860e+00 -4.728404668465339133e-01 -1.825730940822403170e-01 9.885157234875951993e-02
2.939000000000000000e+03 7.078384330113661349e+01 -2.723679054310357284e+00 -9.291073957929874005e-02 -1.224712876052801214e+00 4.323727724460645350e-01 9.644643550513514185e-01 -2.381755746261641771e-01 3.729247897623179098e-01 2.417518295363632608e-01
3.000000000000000000e+03 6.995505175318132274e+01 -1.509975127991022292e+00 2.553552106109944209e-01 -1.506488415922640822e+00 -5.680725343554471340e-01 8.514724995168181376e-01 1.931146439857969188e-01 -3.174064024365820524e-02 2.413578360827795255e-01
3.061000000000000000e+03 6.773956808992625156e+01 -1.410730906533231188e+00 2.647681566632978933e-01 -1.381729018656074004e+00 3.750992851497784164e-01 1.048525445281772273e+00 -1.650907842241503276e-01 3.136057388147530656e-01 -2.750399527678646372e-01
3.122000000000000000e+03 6.461415779592947217e+01 -5.200174520339151396e-01 -9.363840368886283683e-02 -1.243985209158818384e+00 -6.830123069365124922e-01 5.137808725009636035e-01 1.918597067571730097e-01 -3.275661905796662943e-01 -7.938233468603753118e-02
3.183000000000000000e+03 6.434024569571266738e+01 -8.087323380638725689e-01 5.793173555108824813e-01 -9.999357154672086079e-01 -6.599475809655166447e-01 7.931263744138180583e-01 2.083530888506933965e-01 -2.922503327606555956e-01 1.252912250684722895e-01
3.244000000000000000e+03 6.351615544195966123e+01 -1.017566027394807060e+00 6.320054639345151770e-01 -1.851730787139767020e-01 3.325856132449594993e-01 9.478128303570498847e-01 -3.226132229162267384e-01 -4.396585770430302409e-01 6.612069570997690382e-02
3.305000000000000000e+03 6.282355680360762307e+01 -6.084128707128865221e-01 -1.615279077381112649e-01 -9.468807455010448404e-01 6.694806009468035057e-01 5.778570059183772978e-01 5.744040171475223167e-01 4.070579727890424881e-02 -1.851210923312067713e-01
3.366000000000000000e+03 6.238265009901930114e+01 -4.753354857375500231e-01 -1.112517551392142034e-01 -4.498772428754634067e-02 -2.569827846280451356e-01 7.449087963500067300e-01 -2.225821976156227844e-01 -5.896241115984788284e-01 2.154436595418307565e-01
3.447000000000000000e+03 6.233710573384199449e+01 -7.971591604162628908e-01 -8.338564871252199251e-02 -1.034238132915612507e+00 -1.043173945038037009e-01 5.175885701982404496e-01 -6.148207839041677780e-02 -1.112644438133988944e-01 7.671323900111327865e-02
3.548000000000000000e+03 6.250768927683965615e+01 -2.252728581437177247e-02 1.329394122050243932e-01 -3.813693916830040997e-02 -5.224524222434421272e-01 1.102135611129832160e+00 -1.151628002722650257e-01 5.240692681918060480e-02 -3.861102447423995221e-01
3.649000000000000000e+03 6.332260843437356357e+01 -3.016797881200456444e-01 2.675549556256923145e-01 -6.537710115707228153e-01 9.414580281595230637e-02 -1.074545186265487284e-01 8.578456984979465627e-02 3.407710015342926280e-01 -3.969320909590686175e-01
3.750000000000000000e+03 6.450991815023503761e+01 -1.539053540986553004e-01 7.034984007953755392e-02 -6.485789153411396502e-01 -1.303891110695640787e-01 2.616795413328467657e-01 -1.302130163611746050e-01 -6.346091673884525219e-01 -3.630429481391538871e-01
3.851000000000000000e+03 6.536478290669749924e+01 2.276356113147454951e-01 1.060686725701952687e-01 -9.951534944040771324e-02 1.769955395995532199e-01 1.708894277410179519e-01 1.026566233533526828e-02 -1.028723187272334305e-01 -1.619739118486743235e-01
3.952000000000000000e+03 6.691898369876614083e+01 2.660977917986307451e-01 -4.005459663111816115e-01 -1.531486256771211196e-01 2.923900986643514499e-01 4.759414101982987200e-01 5.917044915699504193e-01 1.582852575469311240e-01 3.948049309306567167e-01
4.053000000000000000e+03 6.917239052137139765e+01 -6.437693942608591069e-01 -2.752361573021944730e-01 1.004348548838262412e+00 3.734822538526788582e-02 9.551575672082466273e-01 3.365022298656148991e-01 -1.350767487954135926e-01 7.168801202983064724e-02
4.154000000000000000e+03 7.108433149675585128e+01 -4.439716077552945395e-01 -4.253838559323675494e-01 -6.957903129061189240e-01 -1.944863974069589996e-01 -1.922076565381642399e-01 -4.742565670100340469e-01 -3.450827223698853530e-01 -6.870614879960633414e-02
4.255000000000000000e+03 7.366530454802438044e+01 -1.793000461643960708e-01 2.434742890535398219e-01 -5.632550815118890497e-02 -5.224491224114817811e-01 -3.328639596348056950e-01 -5.881304551372485978e-01 -2.296861284576116602e-01 5.643319736876347692e-01
4.356000000000000000e+03 7.620600773983058218e+01 2.295341470686007579e-01 7.621491421937711674e-01 -5.597827504798798259e-02 -2.823355935338998646e-01 -2.269662643474917862e-01 -2.229673016316345568e-01 2.136428126566174979e-01 2.338626007847359745e-01
4.457000000000000000e+03 7.838869940024216021e+01 -1.173399685151258032e+00 -5.969472718497040864e-01 -3.835401356197914446e-01 -1.051794413619740881e-01 4.674225995119193344e-01 -3.313604423030886981e-01 -1.046037754670307462e+00 3.099691384947123596e-01
4.558000000000000000e+03 8.106738952784087360e+01 1.065681221452610961e-01 -6.523249462909495033e-01 -5.744193920385853858e-01 -3.680863987721323394e-01 -3.926073507978523058e-01 -6.442084411926519705e-01 5.154219783364232255e-01 -3.467194460966567249e-01
4.659000000000000000e+03 8.460870500068458000e+01 1.309022660296988438e-01 8.309462831864606880e-01 2.734379619389730176e-01 2.354582706556141436e-01 1.040642891211874116e-01 -9.015364268350988253e-01 -6.245914053622574347e-01 -6.469221349901557172e-01
4.760000000000000000e+03 8.665507058555985509e+01 3.496648533537005665e-01 5.858601162960770381e-01 2.326037162063920860e-02 -3.739534414040445176e-01 -9.531396468250208365e-02 3.015455953320478888e-01 -5.100087482884689827e-01 -3.348239516651984049e-01
4.861000000000000000e+03 8.917937257975484044e+01 -6.068570176291692153e-01 5.579038373701643572e-01 3.662459033261231678e-01 1.528177438486744422e-01 -1.688786052770752666e-01 2.228865841715291507e-01 1.416089746177316977e-01 2.222153908551705026e-01
4.962000000000000000e+03 9.192233790232603496e+01 3.892386665107982480e-01 -2.867459501452236381e-01 -5.016307940059807624e-01 9.776481728082766498e-01 3.277679969682718575e-01 -6.159715669715254416e-02 1.687146130183113102e-01 5.024741746433802891e-01
5.063000000000000000e+03 9.582151769321220058e+01 -5.317227701198161682e-01 1.272714384507462604e-01 -7.195447185571191007e-01 5.958995864655545205e-01 1.517399724692337637e+00 1.068388341481194326e+00 -7.727176113307361316e-01 7.185826862358453138e-01
5.164000000000000000e+03 9.996862581630537647e+01 -1.783820669762162248e-02 3.514212606933576621e-01 -8.509084413347517417e-02 -2.487109566596443222e-01 1.525764110848019772e+00 1.851707423467517377e-01 -1.096055218150602917e+00 -9.289722483094322580e-01
5.265000000000000000e+03 1.015096359174690974e+02 -2.670133010037695209e-01 -2.343288435569015893e-01 4.028785829724859102e-01 5.256609284291213768e-01 6.399632478588945100e-03 1.223892236458076876e+00 1.809732565682536487e+00 3.847451128822119704e-01
5.366000000000000000e+03 1.063338345616322300e+02 -1.279440486354002982e+00 7.270285412440642414e-01 -5.146289626867087685e-01 8.113971147780796311e-01 3.850794291195680508e-01 -7.478681425434755004e-02 7.789741093442330566e-01 1.352285063808395638e+00
5.467000000000000000e+03 1.079661143437376154e+02 2.277922232741876885e-01 2.786107400509814647e-01 -8.863316339843752001e-02 9.875491431820480059e-01 -4.643657380455026851e-01 -1.878667723304633386e-01 7.650543075926565795e-01 -3.749660381583694857e-01
5.568000000000000000e+03 1.125293582093051299e+02 6.658513183558453230e-01 1.193805426477661191e+00 1.507741455836170363e+00 8.932840482921534653e-01 1.037182947838400704e+00 -1.467632976206225126e-01 -2.539141529400052999e-01 8.380404737998716769e-01
5.669000000000000000e+03 1.165016802050504765e+02 2.127904455785497306e-01 5.466108232575319636e-01 -3.448844479134330898e-01 -3.142417911410126385e-01 -8.140720249230573025e-01 -6.764717439935847842e-01 7.342854834789774854e-01 -1.138915229313810229e-01
5.770000000000000000e+03 1.191617489622500443e+02 7.200463364843442404e-01 4.061759727839562295e-01 -1.713459368898165192e+00 1.297526447011966289e-01 -5.087244858955614069e-01 8.895252410644051144e-01 3.589913220081293876e-01 1.334499622037082833e+00
5.871000000000000000e+03 1.234896884208121008e+02 4.868000155384355487e-03 -2.088166987508344175e-02 1.089214972527736691e+00 6.640257116653366376e-01 -6.983683256569863662e-01 -2.283665167089774073e+00 1.667606737173708831e-01 -3.990148785763252270e-01
