# l Dl_TT Dl_TE Dl_TB Dl_ET Dl_BT Dl_EE Dl_EB Dl_BE Dl_BB
7.050000000000000000e+01 1.899169226326889202e+03 -5.412209518278248588e+00 -2.538136318429890181e+00 -7.634102188150783341e+00 8.880294910753741000e-01 3.518359491665793426e-01 9.782508651398381938e-03 2.559802012225224216e-02 1.708302999301592601e-02
1.065000000000000000e+02 2.837973091165074948e+03 -2.972020098389434395e+01 -2.256853338344702031e+00 -2.949889305244396098e+01 -5.912070317228853567e-01 8.499387560866654701e-01 1.659622619113856543e-02 -4.126944189460755863e-02 2.095328093362306202e-03
1.425000000000000000e+02 4.251073549648448534e+03 -4.853792044499516578e+01 -6.280195258072339692e-01 -4.284931480220427602e+01 -3.036867790502190800e+00 1.064231228262499274e+00 2.593631078460131856e-02 4.065038266901187941e-02 1.200457147479268467e-02
1.785000000000000000e+02 5.171617900403718522e+03 -3.636544942436157868e+01 -6.981729448690445761e-01 -3.387720339868803165e+01 -5.235325284731329187e-01 9.306594680023797528e-01 -1.379115171569741602e-02 6.800059170380332030e-03 -1.057721489418994229e-03
2.145000000000000000e+02 5.769165507991991035e+03 3.274635577680147236e+00 9.793868443304807325e-01 6.483287068635687156e+00 -1.490346217881637569e+00 7.848638003267196517e-01 -2.358115367514563784e-02 1.540941237173602124e-02 -2.486706561382423519e-02
2.505000000000000000e+02 5.524026062903954880e+03 6.605208476077372381e+01 1.666619081413873715e-01 6.567576155087058964e+01 -4.200476099851941925e-01 2.481399475373286645e+00 4.073062714354565295e-02 -2.842856148296798655e-02 3.117936585958946960e-02
2.865000000000000000e+02 4.469207140790367703e+03 1.061210195598160482e+02 -4.334847281714339085e-01 1.089165632785158095e+02 -3.308056282028044581e-01 6.789677825659287791e+00 -3.197552921152545247e-02 5.670700677494232289e-02 -1.241802543008419316e-02
3.225000000000000000e+02 3.287059831832472355e+03 1.143914448677560358e+02 1.310297112498632011e+00 1.081248697680379109e+02 1.786224187380241357e+00 1.313471147669255501e+01 2.807558786768089149e-02 7.413151496644002081e-02 1.074565203446027975e-02
3.585000000000000000e+02 2.285735027770505440e+03 7.365114949299504588e+01 -1.038923412570855964e+00 7.228796244900334500e+01 -2.952085804773242339e-01 1.898747991194089479e+01 -2.166706527729075904e-01 -4.160606811803688361e-03 -2.547485669435336011e-02
3.945000000000000000e+02 1.809998550343440229e+03 1.000489094571426207e+01 7.393468101369891077e-01 1.315013666201409848e+01 4.150052361998193273e-01 2.155864261014651362e+01 2.381346245212651036e-02 -3.316651334406674895e-02 1.001884932762996117e-01
4.305000000000000000e+02 1.831151477017822799e+03 -4.886979955727453273e+01 1.964141189739920801e-02 -4.769710027074582825e+01 3.426540283183962532e-02 1.928991591202129285e+01 -6.461160997072082357e-02 -6.080961537219006091e-02 4.523965753893995079e-02
4.665000000000000000e+02 2.129541004600905580e+03 -7.354322087010110920e+01 1.840333469918407738e+00 -7.536634622158548780e+01 -7.164799723515237195e-01 1.378620182050595133e+01 -8.821414588122421241e-02 -1.000819703690231793e-02 1.051727639907982792e-01
5.025000000000000000e+02 2.404921531185527783e+03 -5.727845412286423254e+01 1.149148087073644353e+00 -5.471265460315382256e+01 -1.372155714534366355e+00 8.143485581909844839e+00 -6.804864028137214138e-02 -1.297930953900431617e-01 -3.464019991972391854e-03
5.385000000000000000e+02 2.619433844963679803e+03 -1.332125336968212714e+01 1.209275504063421769e-01 -1.423051315653127880e+01 -2.332918295554469168e-01 7.647217072163383200e+00 4.380255323493841002e-02 2.308569050686245031e-02 4.063544047817366223e-02
5.745000000000000000e+02 2.391499838447879938e+03 2.144309973000727254e+01 -4.727207109909933314e-01 1.864505682144896781e+01 -1.617377595211786812e+00 1.308340084636237677e+01 1.130637508705732291e-01 9.984959180967777070e-03 7.956059290478087465e-02
6.105000000000000000e+02 2.154153891287274746e+03 2.626718548287933075e+01 1.124940414697506386e+00 2.553214504801149332e+01 -1.201645347945988762e-01 2.255571568400417704e+01 7.240330708412368033e-02 3.584185912706422394e-02 1.175260114097296804e-01
6.465000000000000000e+02 1.861849883461470199e+03 -1.125548591419830657e+01 -1.070148143232384719e+00 -1.180095134287000036e+01 -6.216138866463618573e-01 3.276113275714357087e+01 2.532693685324219901e-01 3.524282123235833453e-02 1.829403230189383112e-01
6.825000000000000000e+02 1.855487158969708616e+03 -7.379364577809899117e+01 -4.003706923513167260e-02 -7.056308233667276397e+01 -9.307980124734298588e-01 3.749617760279970469e+01 -8.518033849437009475e-02 -1.939925416968670685e-02 2.341920673410079201e-02
7.185000000000000000e+02 1.981431024470850616e+03 -1.155471617899539467e+02 -1.404598576159205581e-01 -1.156923371041495443e+02 1.343834111436983947e-01 3.497993575710027869e+01 -1.561141278491657292e-01 -4.019820920162023303e-04 2.661655170048891211e-02
7.545000000000000000e+02 2.315157344546431887e+03 -1.384436245653743640e+02 -1.615519506460727506e-02 -1.360438371316649295e+02 4.574550084532195693e-01 2.730644899917481538e+01 1.694949347979718413e-01 1.663349182761048040e-02 7.696878182188604534e-02
7.905000000000000000e+02 2.447311616528305422e+03 -9.820159656169479945e+01 7.603695920411753795e-01 -1.009946660279115065e+02 -1.501088599912409727e+00 1.764579046019576225e+01 -2.397559102177312246e-02 8.626339087545231710e-03 6.640140303946737155e-02
8.265000000000000000e+02 2.561235211018729842e+03 -3.945465387766887488e+01 -6.977627568313831130e-01 -4.246990451036511161e+01 -9.979938012992306540e-01 1.289944920067996392e+01 8.773002512838204425e-02 2.126128896885974839e-01 -7.328557796850820871e-03
8.625000000000000000e+02 2.265497948336298577e+03 1.862628542788044328e+01 1.725905103999469725e+00 1.675033799261884937e+01 -3.822453117191216831e-01 1.472679906003179617e+01 1.517668271572251149e-01 -1.902339616475939299e-01 2.391720480388575265e-01
8.985000000000000000e+02 1.904137335055419499e+03 5.418782204133079006e+01 1.485107715988591259e+00 5.523490359443658804e+01 1.524594211873903926e-01 2.343112683359161963e+01 -2.363946223433039881e-02 -4.956977053718970849e-02 2.459888434302985039e-01
9.345000000000000000e+02 1.531255255245899207e+03 4.948422657568212912e+01 -1.110191187150212921e-01 4.849409294345370824e+01 -2.465924993957870348e-01 3.355010600884904193e+01 -1.270681257447836277e-01 -1.141070807840435380e-01 1.820860082802724100e-01
9.705000000000000000e+02 1.218464823373682520e+03 1.477311483546979076e+01 1.179566902994695909e-01 1.387700277206588417e+01 -1.628652751950913080e-01 4.127920662268816443e+01 3.616415218233891282e-02 -9.304024958427481451e-02 7.413615204038943862e-02
1.006500000000000000e+03 1.078282790333329558e+03 -3.153599639787577047e+01 -1.910405148688816279e+00 -3.391431460673057785e+01 1.018476289548997826e+00 4.094346124693197453e+01 -2.416218493762196592e-02 1.101556744415098793e-01 7.264202783025239252e-02
1.042500000000000000e+03 1.076759015906312470e+03 -6.937063425800522509e+01 -6.116782386553502038e-01 -6.702544801837512978e+01 8.965382004726165643e-01 3.498441312953308824e+01 1.817320337410087694e-01 -5.576434533118319187e-02 5.863092993675497744e-02
1.078500000000000000e+03 1.154941368990560477e+03 -7.733217948124047325e+01 -6.535928729530521286e-01 -7.887461207502082061e+01 -5.533451158587667784e-01 2.559681872501284516e+01 1.615241605843243389e-01 3.503875184506909796e-02 2.063654802806382249e-01
1.114500000000000000e+03 1.226861948631637233e+03 -5.852416964040531155e+01 -6.297605040653714292e-02 -5.908706338934203472e+01 -5.819841996111780880e-01 1.668062517451743076e+01 7.973096418776391692e-02 8.388504713799635470e-02 4.165159762244566993e-02
1.150500000000000000e+03 1.232947901618436845e+03 -3.199119973248086168e+01 4.541964269948837729e-01 -3.188058942494060233e+01 1.732258544303174053e-01 1.337093313070138301e+01 7.550022294495625785e-03 1.543463402142561391e-01 1.280140361943029326e-01
1.186500000000000000e+03 1.123995765949391625e+03 -1.217192815114808369e+00 1.509318913119194416e+00 -2.802302524651774984e+00 -5.276886119600268654e-02 1.534603629631732602e+01 5.926519484016234962e-01 1.522231259607573217e-01 5.503291288937727649e-02
1.222500000000000000e+03 9.577212610894700902e+02 5.493991606762925528e+00 1.780186883354251570e+00 5.587670647438557125e+00 -9.254838335188628196e-03 2.155055375961924824e+01 1.322203359295955338e-01 2.644877763025388698e-02 1.682777362332902316e-01
1.258500000000000000e+03 8.229393252916620440e+02 -7.093851089254462394e+00 -1.226012337779730288e+00 -5.212488406925650963e+00 9.706476936883998707e-01 2.769259542914659278e+01 -2.571922670782439968e-01 1.284190107278553039e-01 1.309038078970057029e-01
1.294500000000000000e+03 7.439051317943824415e+02 -2.800255526995583466e+01 -1.660915501380787473e-01 -2.959480481152525044e+01 -6.480659160484496528e-01 3.059925254363257352e+01 3.565276765533916814e-01 -2.144871186324497636e-01 4.034774728429629809e-02
1.330500000000000000e+03 7.428031902645395803e+02 -5.124766304601126876e+01 8.536127263522900188e-01 -5.062148740158264104e+01 -6.334024158471404098e-01 2.872011497026559823e+01 -1.729838682915351422e-01 -1.441639342827099046e-01 1.106658730046725519e-01
1.366500000000000000e+03 7.682372819881970827e+02 -5.799042001196799845e+01 -3.793852251560888011e-01 -5.889867964086910490e+01 -4.345712777783982128e-01 2.339568796582233290e+01 -1.936510988704188974e-01 9.223771187811707906e-02 2.583725947015337865e-01
1.402500000000000000e+03 8.273407309137292032e+02 -5.355015363895822134e+01 -1.319710980370408127e+00 -5.412607306287641507e+01 1.273658365754130051e-01 1.713785215258572237e+01 -2.810621169966464605e-01 -1.008087888723387809e-02 -9.486242587107746038e-02
1.438500000000000000e+03 8.183398835823427362e+02 -3.314464738252364384e+01 -5.181291144594279974e-02 -3.406762363092325074e+01 -1.208497462803689304e+00 1.229385432966721581e+01 1.329707469141240724e-02 1.134191121927825840e-02 1.029560593723014145e-01
1.474500000000000000e+03 7.757569436241633412e+02 -1.334406372346539627e+01 3.841521071454054859e-01 -1.372856514767448211e+01 2.235668827473305253e-01 1.156806894095558036e+01 2.385525315056261086e-01 -1.961799073418745223e-02 3.552998348271588919e-02
1.510500000000000000e+03 6.760392854039664599e+02 1.974746701415431183e+00 -8.967580535554909860e-01 3.611854710250291145e+00 5.051170693974981196e-01 1.361915185068170331e+01 -6.065105659372053981e-02 1.903758995483310068e-01 -1.371481044255949341e-02
1.546500000000000000e+03 5.622459350404026281e+02 6.182002151821891722e+00 -8.828648599680134490e-01 5.771475975105989420e+00 4.756681130201548258e-02 1.741447252466846862e+01 -1.094245288830117124e-01 2.029136315263294077e-02 1.241751997428868631e-01
1.582500000000000000e+03 4.764233787887337144e+02 -2.062394891501220240e+00 -8.429177584779412591e-01 -2.030696740140661483e+00 -5.518683754545580245e-01 1.975315033586855407e+01 3.008073849480988327e-02 1.275551583306266390e-01 4.634699128456820638e-01
1.618500000000000000e+03 4.143057042847086677e+02 -1.719818249240763208e+01 3.233845047055853850e-01 -1.465798617993633002e+01 5.328369228200960928e-01 2.016991986455410313e+01 2.434109518225023860e-01 -2.425810411982455839e-01 1.330435376705705053e-01
1.654500000000000000e+03 4.020703013932140379e+02 -2.451745966373256991e+01 8.454900071330443412e-01 -2.487874865196136653e+01 -4.331663350425445369e-01 1.821369777048013816e+01 -9.820931939674905353e-02 -2.424983639330676594e-02 -1.558028254290491077e-01
1.690500000000000000e+03 4.073897023916982789e+02 -2.881419168992217195e+01 -1.056658451360307893e+00 -2.891510372439947929e+01 5.393538119788032770e-01 1.484933990600043430e+01 9.418131113722699732e-02 1.022958623777309450e-01 1.009947573944991739e-01
1.726500000000000000e+03 4.142445977930323124e+02 -2.641037575482445021e+01 -1.137152842447643808e+00 -2.661287767278658833e+01 -1.926057137630420302e-01 1.092267668204620179e+01 1.671258166980529314e-01 -6.858259319325166192e-02 1.385313725963659703e-01
1.762500000000000000e+03 3.996136497702024712e+02 -1.823381510085588175e+01 6.681614237840045600e-01 -1.853209036460279791e+01 3.779121254044811029e-01 8.236986534701170370e+00 -7.916049831433696893e-02 -2.568661773988829555e-01 -5.935672233851574386e-02
1.798500000000000000e+03 3.769013543040789500e+02 -1.066790737713731119e+01 -1.392523135297407899e+00 -9.754361779298431401e+00 3.839884805184439198e-01 8.087734334727715080e+00 -1.349562653183097871e-01 -1.640582640429899541e-01 -4.268275211050976958e-01
1.834500000000000000e+03 3.366347634907788233e+02 -5.704422119625887078e+00 8.563972440694589405e-01 -5.427619636361103339e+00 -8.393899267792002128e-01 8.845428461844168311e+00 -1.209402768128485656e-01 1.058463148214670857e-02 1.450354010665543258e-01
1.870500000000000000e+03 3.018124523248535525e+02 -5.926090800506482736e+00 -1.226836137549287997e+00 -4.955887609485454703e+00 2.415210852688671472e-01 9.907453577138211287e+00 -6.963623933352861006e-02 2.885302274428254710e-01 9.021897444568595381e-02
1.906500000000000000e+03 2.730109128329827399e+02 -1.023519411588502948e+01 -1.717037797398080490e-01 -8.720048313282235952e+00 -2.917249744894757080e-01 1.142405353615068009e+01 1.955482919910569717e-01 3.455244576917007038e-01 1.762725125097949763e-02
1.942500000000000000e+03 2.573414775929442726e+02 -1.405694221125984633e+01 -4.019433860721007279e-01 -1.415028060089268891e+01 1.334354864636831117e-01 1.080144270684960972e+01 3.261336349406799284e-01 -3.596600774897146802e-01 -4.447851664070130023e-02
1.978500000000000000e+03 2.552438887201504372e+02 -1.853506482314053017e+01 3.448977446135596536e-01 -1.788400008358158644e+01 -3.117664334513556845e-01 9.985553715692383037e+00 1.302565110284629735e-01 2.953247271281814745e-01 -1.895267884388187052e-01
2.014500000000000000e+03 2.543619167788834261e+02 -1.962994760272476924e+01 -7.409554870467238707e-01 -1.736638730650181373e+01 -1.518763510193114619e-01 7.997384458541714203e+00 -1.857600551221466612e-02 1.860190386533892293e-01 -8.895818350898758442e-02
2.050500000000000000e+03 2.494787425870920288e+02 -1.381777034398372450e+01 1.039774114898363688e+00 -1.350096989178585005e+01 3.909811303584574960e-01 6.298502736374341993e+00 1.667369176614999782e-01 -3.852309777135444202e-01 -1.813306273550974873e-02
2.086500000000000000e+03 2.361388530245586708e+02 -9.153301051477942707e+00 1.830713616934815380e-01 -1.100501145465461050e+01 -3.266465284658651713e-01 5.354294045535301194e+00 3.945854242852344651e-01 3.091853142324413328e-02 3.676844878598344024e-02
2.122500000000000000e+03 2.186159132195477923e+02 -6.150913208429241052e+00 -8.652784138990465834e-02 -4.488224636697560221e+00 3.712306712974780543e-01 4.880997412281855574e+00 -5.778554034973090725e-02 -1.900452424393965223e-01 -8.440574495617725326e-02
2.158500000000000000e+03 1.957684511607515674e+02 -3.143055379632774482e+00 -2.026535683611976335e-01 -2.428451638127511636e+00 3.501365537739152267e-01 5.123837138910369404e+00 -1.762752743018438095e-01 5.948832526073946081e-01 1.124346472523318208e-01
2.207000000000000000e+03 1.674071390019059322e+02 -3.196901180650927543e+00 3.296417050426875273e-02 -3.048010351101478221e+00 1.330833826935454850e-02 5.658640040710098518e+00 6.977369240130362749e-02 -2.732267293361544391e-01 1.734862789831666252e-01
2.268000000000000000e+03 1.481788180938787320e+02 -7.503020599150918457e+00 -3.027432226610121124e-01 -6.740916617120806364e+00 -6.820655463792420214e-02 5.593808310934543115e+00 -2.342047683784494183e-01 -4.628342131477861110e-02 -1.885165715358713689e-01
2.329000000000000000e+03 1.420745808209481709e+02 -7.763063345322454012e+00 7.025912696493286091e-01 -7.146565040537451452e+00 -2.586169947933900648e-01 4.410621688806619645e+00 -1.952391198040882014e-01 2.033358878865202390e-01 6.983490131427744219e-02
2.390000000000000000e+03 1.361955404551273432e+02 -6.411493626776152865e+00 -4.923576800060684988e-01 -5.705424469474277060e+00 1.570785469661804545e-01 3.229226017289644091e+00 -6.039631925362434761e-02 -1.805072122209473995e-01 -7.904619860111608554e-03
2.451000000000000000e+03 1.228257024499511374e+02 -3.245813578055439130e+00 -4.418590263029419374e-01 -3.313594335017447712e+00 -1.671506998857944792e-01 2.650426240481100315e+00 1.723713378611341773e-01 -1.869025750296473554e-01 -8.527477223824998787e-03
2.512000000000000000e+03 1.075099557243800774e+02 -3.308026711788384144e+00 -2.098640693644794886e-01 -3.664819325516494253e+00 1.233464333269108232e-02 3.086874319718766468e+00 -3.655832129764365890e-01 -4.052465519961767626e-01 -1.415660322419624861e-01
2.573000000000000000e+03 1.000992037364924983e+02 -4.602011878164489644e+00 -2.758295937530916286e-02 -3.548537523579915476e+00 1.278356344427551416e-01 2.809447493145016850e+00 -1.734145399900642592e-01 3.110616622599107761e-03 4.092265867239013033e-02
2.634000000000000000e+03 9.747169936215277630e+01 -4.826979542502791709e+00 1.557850634999282669e-01 -4.028197559138860129e+00 -2.322344856840661831e-01 2.510228246647007389e+00 -2.243868387883921067e-02 8.412363741982173404e-02 -1.209559429901736760e-01
2.695000000000000000e+03 9.214922345104818646e+01 -3.966390660190775019e+00 -6.238847311374884352e-01 -2.843219827776794162e+00 1.252486090365673849e-03 2.009662216268349066e+00 -3.196030391776298607e-02 3.991199125316155505e-02 -1.869538454723082554e-01
2.756000000000000000e+03 8.623409344315395231e+01 -1.892681318886472397e+00 -6.464565795081267385e-02 -2.317047789933073254e+00 -3.896309675244801207e-01 1.871309107424581342e+00 3.207422388906017718e-01 7.724826804483672649e-02 1.745037873548029583e-01
2.817000000000000000e+03 7.876634146717674412e+01 -1.578323176097299552e+00 -2.169487791653429420e-02 -1.758080893131702460e+00 8.301702978667155342e-02 1.255875582704615523e+00 7.730390121680026372e-01 5.845979618602543670e-01 -4.916165258365099433e-01
2.878000000000000000e+03 7.325421867671164478e+01 -1.881734486763402936e+00 1.568863202584582783e-01 -1.923315792088869269e+00 1.975398075380370710e-01 1.344293988410165008e+00 8.905318292777739120e-02 -9.164666307194620221e-02 1.651837511822945581e-02
2.939000000000000000e+03 7.206036418761104301e+01 -1.803664346807303698e+00 3.877477846149587348e-01 -1.840473162737667367e+00 3.559792234921991816e-01 8.429979057207976911e-01 1.036138236453605643e-01 -1.846363496490809331e-01 1.410407832947480067e-02
3.000000000000000000e+03 6.986336485999174784e+01 -1.884067136975722034e+00 6.412322047373088252e-02 -1.924502656892723484e+00 5.851853442213432732e-01 7.459746891916720912e-01 -5.632984113621215538e-01 4.479505865109608687e-01 -2.440492423497691021e-01
3.061000000000000000e+03 6.798260935813783590e+01 -1.276810212732210070e+00 -5.658892235988631780e-01 -9.162105178574716513e-01 -5.873516063888810645e-01 4.075197463789255181e-01 1.035990621333772732e-01 4.466960702545358375e-01 1.398341965472277570e-01
3.122000000000000000e+03 6.565564349863907978e+01 -1.134704143333681303e+00 -5.450157337091711129e-01 -1.429724742877551691e+00 1.921820415325176945e-01 1.047681428521262337e+00 -1.273928256459600783e-01 -3.413307985561855884e-01 1.125010854908751745e-01
3.183000000000000000e+03 6.427197578690315538e+01 -6.839377898666527678e-01 -3.369018814479788904e-01 -1.287940366221326238e+00 -2.166089460152651469e-01 6.324937055993902213e-01 -1.801979147864478381e-02 -6.456613351413675872e-01 -3.378169338776155217e-01
3.244000000000000000e+03 6.272420582875076889e+01 -1.086964896935197267e+00 -3.293158690562930646e-03 -7.701467382397763073e-01 -5.032654256191629316e-02 8.360537278464413857e-01 -9.864525370554320938e-02 -3.557763541582239508e-01 3.331709733399922935e-01
3.305000000000000000e+03 6.282382960334543043e+01 -1.103243465999485196e+00 5.159582230269629255e-01 -6.993113110134542287e-01 -3.347905954392175754e-01 -4.651289269046045005e-01 -1.238668460776675972e-01 1.531897420720919889e-01 9.644964012863534164e-02
3.366000000000000000e+03 6.234501890770405197e+01 -8.200855457481295296e-01 1.820128118343299073e-01 -9.472066587507519397e-01 -2.980158438884367156e-01 8.787836823863803826e-01 8.393963672776245666e-01 -6.235734942101019973e-01 2.166274858075531440e-02
3.447000000000000000e+03 6.262512308343413281e+01 -1.603674471578740435e-01 2.917588613121404051e-01 -6.695605614457751376e-01 -2.225019753294642799e-01 -1.060165230907136186e-01 6.492573171768289964e-01 -4.316767124607070460e-01 6.406676328454846692e-03
3.548000000000000000e+03 6.259533300816269019e+01 -7.035980760241111742e-01 3.584637207918749957e-01 -6.324754558599692267e-01 -2.450595664173102206e-01 -1.469088936054595007e-01 1.983791342939463243e-01 4.498698237618118934e-01 -5.957230188816647204e-02
3.649000000000000000e+03 6.335669789386020057e+01 -4.815512567251508114e-01 2.312907726083644755e-02 -1.671451210251057307e-01 1.483557855591062791e-01 -2.041233679506382348e-02 -3.367455176799873939e-01 1.913123658750407463e-01 -4.450483508680548594e-02
3.750000000000000000e+03 6.396857949988836367e+01 -4.000624472107998653e-01 -1.823045952180905038e-01 -8.207135507247211859e-01 5.158730342189766782e-01 1.248611737308523151e-01 1.469762558735636104e-01 -9.625658010955248645e-02 -1.053266905866178244e-01
3.851000000000000000e+03 6.538692261555988239e+01 -2.439333527362852749e-01 1.847847136932939949e-01 9.500641216469478401e-02 -4.150387927052714976e-02 -1.637458723643575587e-01 -2.581450156274783803e-01 -8.306789450075707792e-01 6.906865780857105452e-01
3.952000000000000000e+03 6.779816821451296960e+01 -5.040072820080707672e-01 -3.062040766677742165e-01 -3.590450778687727107e-01 -7.433052811613722888e-01 1.811559659503618747e-01 -8.985459434832568371e-02 -3.060436233164917086e-01 4.483563963529418883e-02
4.053000000000000000e+03 6.872134984941692437e+01 -4.608834581917020112e-01 -1.779625788366863137e-01 -3.899063257280069306e-01 -1.182683166337125530e-01 3.904193288204273471e-01 -2.634912436629321397e-01 -2.669716987117466411e-01 -2.626643835020809892e-01
4.154000000000000000e+03 7.140916229326616360e+01 -3.761839649831407173e-01 2.919067183272701649e-01 -5.063854416489846355e-02 -1.884190502351193730e-01 2.636745957067941348e-01 1.478567708273639258e-01 -4.332224798142522704e-01 7.822447073888892932e-01
4.255000000000000000e+03 7.416365288225156860e+01 -2.210144545311134023e-01 -2.666369437358956374e-01 2.411709816112409810e-01 -8.408924126712596925e-02 -5.885895749097711516e-01 -1.167286761892781521e-01 -4.778143774323866388e-01 1.308748739034121256e-01
4.356000000000000000e+03 7.751424495415743365e+01 -4.427488805572440400e-01 2.832322017948005199e-01 -6.956245009104645716e-01 -6.428208950163231128e-01 2.713550154249289026e-03 -1.920354371553238126e-01 -8.710010982730026496e-03 4.147392486154966029e-01
4.457000000000000000e+03 7.924095012058540988e+01 -2.611816770628100359e-01 -8.199025542723730187e-01 -1.358937341911097829e-01 -4.944537369239713764e-01 -4.749701358270430052e-01 -1.534027771316108235e-01 3.253760602350392328e-01 -8.999933665090126267e-02
4.558000000000000000e+03 8.132820453071605016e+01 5.229032982605097413e-01 -1.495909582931998494e-01 1.106357785870359933e-01 -6.747016038034154839e-01 -2.232182555530907997e-01 1.579062275798912007e-01 1.074108081415945382e-01 -1.384134413971388200e-01
4.659000000000000000e+03 8.407394298520495113e+01 7.285959489285042112e-01 -2.347509920190477550e-01 4.138429748497548522e-01 -5.006330882447815878e-01 -1.704855029629770424e-01 1.109904868704943315e+00 -3.520291547451872560e-01 6.911837669858331701e-01
4.760000000000000000e+03 8.665369207091882231e+01 -4.838950274784687977e-01 -1.398727100661467659e-03 -1.396079284163038725e+00 -2.295067315051058099e-02 3.323229919537198929e-01 1.877060586370293271e-01 -4.395591517357826938e-01 -7.760571684097750111e-02
4.861000000000000000e+03 9.062925038222978458e+01 -8.372286596605592601e-01 2.751734054396562934e-01 5.105026791477258463e-01 -5.808367285391041746e-01 -6.217675347947140274e-01 2.609232167743802400e-01 4.255649790304726343e-01 -3.751971208001842473e-01
4.962000000000000000e+03 9.246905039234474089e+01 -2.969917226743652994e-01 3.982757593209703129e-01 3.491392147222642239e-01 -4.433564740711812280e-01 3.666544905976089064e-01 1.044888022146549522e-01 3.975408452833470996e-01 2.073521308645555061e-01
5.063000000000000000e+03 9.571141938038337571e+01 1.975292236420000125e-01 4.606618151681421414e-01 -5.892126115009164167e-01 -3.656279440663912084e-01 9.160182383420560903e-01 5.399187938521868846e-01 -1.847676072244675005e-02 -1.511541983652673893e-01
5.164000000000000000e+03 9.911715528882568549e+01 -4.558349872756226051e-01 1.336256888429802059e-01 -1.703647135476759888e-01 9.460003376931394037e-01 -2.039568994797157087e-01 3.927035674911171226e-01 -4.941617901958796910e-01 -1.219159766356375352e+00
5.265000000000000000e+03 1.019617847596039439e+02 -1.650448249631004116e-01 -2.995051086281653174e-01 2.517488372362846616e-01 2.919624089283315849e-01 1.585286296593447108e+00 3.791459267989992776e-01 -4.059879262268695777e-01 6.518595451627545723e-01
5.366000000000000000e+03 1.052037860264245523e+02 2.390763827775047867e-01 -2.201185049076851141e-01 -1.426492756060498968e-01 2.173465440801627957e-02 -6.833609875984311133e-01 5.917474977961876270e-01 4.345861285740562074e-01 2.141400723791540839e-01
5.467000000000000000e+03 1.089946167447129142e+02 2.433787171030113439e-03 -5.722011961894195586e-01 2.037472693545210323e-01 -7.191374015496035943e-01 4.547963810618925740e-01 -6.594236200308172258e-01 -7.121057563262334078e-01 3.031047025704423081e-01
5.568000000000000000e+03 1.104912483899404094e+02 -2.253940354432587556e-02 1.345558851324043070e+00 -6.136237216700708430e-01 -1.191755493095290275e+00 -9.118343894436811148e-01 -2.473922939870520921e-01 -3.011119936204657010e-01 -7.467100769473169475e-01
5.669000000000000000e+03 1.157065952558726991e+02 -4.959812599295690405e-01 6.345291270594966004e-01 -1.292743487833074356e+00 -7.906748831187853099e-01 9.874150432893191720e-01 8.374950753467668152e-01 -7.606621174779182315e-01 6.809718123676908874e-01
5.770000000000000000e+03 1.179535920767499135e+02 -3.835496790025476055e-01 -5.847853785556587081e-01 6.582754414265438170e-01 -8.377798615186029529e-01 -2.093012902829755051e-01 2.222118552294035654e-01 1.316711154493723779e-01 -1.109447884626911129e+00
5.871000000000000000e+03 1.233099038253721602e+02 4.938527475620183710e-02 1.062986568656355546e+00 5.187876206748275321e-01 1.056157503749857729e-01 4.454821994407863750e-01 -8.600745457580754039e-01 2.495822929244205235e-01 -1.057842643585312548e+00
