# l Dl_TT Dl_TE Dl_TB Dl_ET Dl_BT Dl_EE Dl_EB Dl_BE Dl_BB
7.050000000000000000e+01 4.062723708708111644e+03 -5.098092732491387835e+00 -1.135193651976878471e+01 -5.098092732491387835e+00 -1.135193651976878471e+01 2.921432795606883071e-01 7.853718868555195631e-02 7.853718868555197019e-02 -1.164464046815475856e-01
1.065000000000000000e+02 2.233919918693095042e+03 -2.980793547378961250e+01 5.236977711956474657e+00 -2.980793547378961250e+01 5.236977711956474657e+00 8.578430129540206561e-01 -3.456621220549457169e-02 -3.456621220549456475e-02 -4.614172814506135173e-02
1.425000000000000000e+02 3.859157666698553840e+03 -4.655515027702188036e+01 1.004527099589108374e+01 -4.655515027702188036e+01 1.004527099589108374e+01 1.005849980038773017e+00 3.677008439016030139e-02 3.677008439016030139e-02 1.729634015507889797e-02
1.785000000000000000e+02 5.420216957558473950e+03 -3.367757128222130802e+01 1.761262405188101177e+00 -3.367757128222130802e+01 1.761262405188101177e+00 7.315825682730914270e-01 5.129812211349567275e-03 5.129812211349567275e-03 6.180347149795216433e-02
2.145000000000000000e+02 5.402427872123827001e+03 4.438591344733231026e+00 1.081373086988957510e+00 4.438591344733231026e+00 1.081373086988957510e+00 7.600271993766363199e-01 -3.907863516654143388e-02 -3.907863516654146163e-02 -3.733949620570187200e-02
2.505000000000000000e+02 5.539369020489399190e+03 6.548767674076097478e+01 -3.265042035258050923e+00 6.548767674076097478e+01 -3.265042035258050923e+00 2.521636817066724046e+00 4.402533867104850562e-02 4.402533867104854726e-02 -1.110327622574803358e-01
2.865000000000000000e+02 4.605140205868010526e+03 1.073479626791004335e+02 1.333542011981274866e+00 1.073479626791004335e+02 1.333542011981274866e+00 6.575267349183113730e+00 -1.397536724725223500e-02 -1.397536724725220031e-02 -7.564589322021093853e-02
3.225000000000000000e+02 3.377317497658639695e+03 1.139446460473261169e+02 -3.391513368102536674e-01 1.139446460473261169e+02 -3.391513368102536674e-01 1.312601546057567603e+01 -1.475945393697943309e-01 -1.475945393697942754e-01 -8.601363044275049663e-02
3.585000000000000000e+02 2.312585908670560002e+03 7.395552816861876977e+01 -1.022335393355370714e+00 7.395552816861876977e+01 -1.022335393355370714e+00 1.957816292440323380e+01 5.781443465009654392e-02 5.781443465009652311e-02 8.209763038364246979e-02
3.945000000000000000e+02 1.880589468851135280e+03 3.513125527865228470e+00 2.113131241343870759e+00 3.513125527865228470e+00 2.113131241343870759e+00 2.207614625186469581e+01 -2.021419981561002888e-01 -2.021419981561002610e-01 1.714145730661177092e-01
4.305000000000000000e+02 1.809719389861500076e+03 -5.363292843180626335e+01 -3.676203505959050766e+00 -5.363292843180626335e+01 -3.676203505959050766e+00 1.874538370642632046e+01 -3.340585959149239281e-03 -3.340585959149267037e-03 6.515626804324370358e-02
4.665000000000000000e+02 2.114494532955699924e+03 -7.020517760154143616e+01 -4.093796582197910539e+00 -7.020517760154143616e+01 -4.093796582197910539e+00 1.277514675902544994e+01 -1.101178662290218380e-01 -1.101178662290218241e-01 -4.568336524566970341e-02
5.025000000000000000e+02 2.518864645023206776e+03 -5.701972555925723896e+01 -5.226809705040488474e+00 -5.701972555925723896e+01 -5.226809705040488474e+00 8.841599062858856328e+00 -1.887009862807771665e-01 -1.887009862807771665e-01 1.934186135581531241e-01
5.385000000000000000e+02 2.607875072722066761e+03 -1.249339502937674418e+01 7.630471623373371592e-01 -1.249339502937674418e+01 7.630471623373371592e-01 7.555708616500484531e+00 -2.744121328258677384e-01 -2.744121328258678494e-01 3.002657326831308371e-01
5.745000000000000000e+02 2.479318068948206928e+03 2.351000018615919984e+01 -4.938266891346640985e-01 2.351000018615919984e+01 -4.938266891346640985e-01 1.321481783254369446e+01 1.181288805056486396e-01 1.181288805056485841e-01 6.333283272038399414e-02
6.105000000000000000e+02 2.088513420957463495e+03 2.752575974893724720e+01 -3.364482868280531669e-01 2.752575974893724720e+01 -3.364482868280531669e-01 2.329789027611624874e+01 2.400304518733377065e-02 2.400304518733378800e-02 -2.003771584394199723e-01
6.465000000000000000e+02 1.923835035072055234e+03 -1.437441895764621336e+01 -2.229770311243572056e+00 -1.437441895764621336e+01 -2.229770311243572056e+00 3.271083276445535404e+01 -4.799606330760852746e-02 -4.799606330760858297e-02 1.091673715435133724e-01
6.825000000000000000e+02 1.804524548878091991e+03 -6.903040957295036151e+01 1.786957343367041817e+00 -6.903040957295036151e+01 1.786957343367041817e+00 3.722495916188351828e+01 2.623058655179487386e-02 2.623058655179488774e-02 -2.977049392135363015e-01
7.185000000000000000e+02 2.038080201119374351e+03 -1.193922426003460373e+02 -7.925325197557435697e-01 -1.193922426003460373e+02 -7.925325197557435697e-01 3.489899118444224513e+01 -1.370259030438885639e-01 -1.370259030438886194e-01 -5.090103371468332125e-03
7.545000000000000000e+02 2.273205023245147459e+03 -1.353934279782484964e+02 -1.694658337236857548e+00 -1.353934279782484964e+02 -1.694658337236857548e+00 2.703908515501684562e+01 -5.911803487447676864e-02 -5.911803487447678251e-02 -2.245269228422643315e-01
7.905000000000000000e+02 2.516025091930786402e+03 -1.025901643106222423e+02 -1.544579037303514646e+00 -1.025901643106222423e+02 -1.544579037303514646e+00 1.747364162513792962e+01 2.609488075495645654e-01 2.609488075495646209e-01 1.722296611376519515e-01
8.265000000000000000e+02 2.534963740022945331e+03 -4.627788970188356643e+01 3.165526151412138001e-01 -4.627788970188356643e+01 3.165526151412138001e-01 1.309291352053682900e+01 -8.057036632357872374e-02 -8.057036632357868211e-02 1.160033973194590784e-01
8.625000000000000000e+02 2.266617642616435205e+03 1.825423191363292119e+01 -2.710627619833047564e-02 1.825423191363292119e+01 -2.710627619833047564e-02 1.464655655679334245e+01 -2.005772216688976317e-01 -2.005772216688976040e-01 8.854921496720363772e-02
8.985000000000000000e+02 1.933550139953872304e+03 5.401546224308854960e+01 -3.195760828301290601e-01 5.401546224308854960e+01 -3.195760828301290601e-01 2.274423007622203130e+01 7.622093122409551169e-04 7.622093122409134835e-04 -8.602845080643523046e-02
9.345000000000000000e+02 1.569429858670276190e+03 5.459146621294812718e+01 2.324784778286260956e+00 5.459146621294812718e+01 2.324784778286260956e+00 3.342690244107598829e+01 -3.869845409961347737e-02 -3.869845409961352595e-02 1.386705146307110614e-01
9.705000000000000000e+02 1.235310427913186913e+03 1.308578761894972331e+01 -5.561731591027373467e-01 1.308578761894972331e+01 -5.561731591027373467e-01 4.162468975099860558e+01 4.927789388759908074e-02 4.927789388759910849e-02 4.165675840681329900e-01
1.006500000000000000e+03 1.096554506887953949e+03 -3.061524666097657388e+01 1.140575846034518115e+00 -3.061524666097657388e+01 1.140575846034518115e+00 4.117948223328449586e+01 1.846726630454944840e-01 1.846726630454945117e-01 4.129382015454657190e-02
1.042500000000000000e+03 1.115197149503652327e+03 -7.306318697742293011e+01 1.234055692341226029e-01 -7.306318697742293011e+01 1.234055692341226029e-01 3.552964905212116520e+01 -6.883374531860762813e-02 -6.883374531860744772e-02 1.076295022662775158e-02
1.078500000000000000e+03 1.213923635978081847e+03 -7.847750865073543025e+01 -1.837143548774966550e-01 -7.847750865073543025e+01 -1.837143548774966550e-01 2.588577272325476031e+01 -3.637127874995880195e-01 -3.637127874995880750e-01 -1.734301588013841822e-01
1.114500000000000000e+03 1.251842307641019033e+03 -6.013568873523475844e+01 -7.465408347050073168e-01 -6.013568873523475844e+01 -7.465408347050073168e-01 1.745010938246365839e+01 4.651025337921743663e-02 4.651025337921738112e-02 -1.601059170573620738e-01
1.150500000000000000e+03 1.264134237144415692e+03 -2.871467381750614223e+01 4.279318359997191235e-01 -2.871467381750614223e+01 4.279318359997191235e-01 1.355036354405271481e+01 3.419217337821567337e-01 3.419217337821566227e-01 1.304486267300362656e-01
1.186500000000000000e+03 1.144108711039014906e+03 -5.282742571468150850e+00 -1.687033435209672749e-01 -5.282742571468150850e+00 -1.687033435209672749e-01 1.566610345181201858e+01 1.839743253730943273e-01 1.839743253730943828e-01 -6.558046923697109787e-02
1.222500000000000000e+03 1.002300888904398334e+03 6.159340013115863322e+00 9.941004253140421909e-01 6.159340013115863322e+00 9.941004253140421909e-01 2.165566722066049365e+01 -4.142796875826665337e-03 -4.142796875826665337e-03 -5.258532071640810157e-01
1.258500000000000000e+03 8.617691560579755787e+02 -4.611439082109566101e+00 -8.429477243555005828e-02 -4.611439082109566101e+00 -8.429477243555005828e-02 2.795678695988710416e+01 -6.846135281484984070e-01 -6.846135281484986290e-01 4.621846499468868497e-01
1.294500000000000000e+03 7.806140907187095763e+02 -2.935204278579188042e+01 1.508793152011042304e-01 -2.935204278579188042e+01 1.508793152011042304e-01 3.124407582913077874e+01 7.947641153397168312e-02 7.947641153397161373e-02 5.310121568481136478e-01
1.330500000000000000e+03 7.735782828514336416e+02 -5.038912533368001334e+01 -1.101297675695684930e-01 -5.038912533368001334e+01 -1.101297675695684930e-01 2.884828433310230622e+01 -1.361151428244599393e-01 -1.361151428244598283e-01 6.343560533908185195e-02
1.366500000000000000e+03 8.207950500102722344e+02 -5.869081358271927940e+01 -1.405307591035220405e+00 -5.869081358271927940e+01 -1.405307591035220405e+00 2.288888245203294503e+01 1.404875766428398121e-01 1.404875766428397843e-01 -1.884135368365927876e-01
1.402500000000000000e+03 8.709923659526731399e+02 -5.322127806294464136e+01 -4.626363320588680050e-01 -5.322127806294464136e+01 -4.626363320588680050e-01 1.645002504204565952e+01 5.294760364591215990e-02 5.294760364591215296e-02 -4.115683804725286943e-01
1.438500000000000000e+03 8.514835536709945245e+02 -3.243216605185278922e+01 -2.237542719041465844e+00 -3.243216605185278922e+01 -2.237542719041465844e+00 1.300830738956527632e+01 -6.359676433514277472e-02 -6.359676433514291349e-02 4.115332522840740026e-01
1.474500000000000000e+03 8.172905436393407399e+02 -1.203135550528414477e+01 1.253200028844819736e-01 -1.203135550528414477e+01 1.253200028844819736e-01 1.120631541914796081e+01 -1.472549577768084428e-01 -1.472549577768083040e-01 6.395194319604715627e-01
1.510500000000000000e+03 7.177991877077106437e+02 1.681305068779591405e+00 9.310021463253892460e-01 1.681305068779591405e+00 9.310021463253892460e-01 1.373484775625706256e+01 -2.620258069861791106e-01 -2.620258069861791661e-01 -5.060835303009435931e-02
1.546500000000000000e+03 6.055735661481473926e+02 3.683711798310546737e+00 -1.401517788702070222e+00 3.683711798310546737e+00 -1.401517788702070222e+00 1.772649125041128926e+01 -4.601571503700712107e-01 -4.601571503700711552e-01 2.923166379506275669e-01
1.582500000000000000e+03 5.180352801632412820e+02 -6.819012782556093111e-01 3.284534265728862312e-01 -6.819012782556093111e-01 3.284534265728862312e-01 1.965299879088148671e+01 2.129472561910896733e-01 2.129472561910895623e-01 -2.469222602217564788e-02
1.618500000000000000e+03 4.658155108778083218e+02 -1.450882442241010040e+01 -1.816237023455948396e+00 -1.450882442241010040e+01 -1.816237023455948396e+00 2.131086980740446535e+01 -3.985575403814111684e-01 -3.985575403814110573e-01 -8.619849309624243172e-02
1.654500000000000000e+03 4.551054085197068844e+02 -2.460170424855797933e+01 1.009342773596527687e-01 -2.460170424855797933e+01 1.009342773596527687e-01 1.839425326408794348e+01 2.203766867178469369e-01 2.203766867178469369e-01 -1.342906640258293705e-01
1.690500000000000000e+03 4.551070970240461406e+02 -2.990764240831536114e+01 -1.354093579817193804e+00 -2.990764240831536114e+01 -1.354093579817193804e+00 1.435585358736016026e+01 9.226648447346258441e-01 9.226648447346261772e-01 1.515088667273989387e-01
1.726500000000000000e+03 4.632239462434761776e+02 -2.784727466150393127e+01 1.884146427590143835e+00 -2.784727466150393127e+01 1.884146427590143835e+00 1.142255045947724490e+01 -3.129956586579137889e-01 -3.129956586579139000e-01 6.692558788667338776e-01
1.762500000000000000e+03 4.632859241041674636e+02 -1.931709354065589679e+01 7.670789150584870209e-01 -1.931709354065589679e+01 7.670789150584870209e-01 7.614079372878701513e+00 -9.090052049574921522e-01 -9.090052049574921522e-01 3.492685813184607801e-01
1.798500000000000000e+03 4.240240195150436193e+02 -9.971083801026363602e+00 4.429481413212293939e-02 -9.971083801026363602e+00 4.429481413212293939e-02 7.658087062772340303e+00 2.106417863648020750e-01 2.106417863648021860e-01 2.202109008258228695e-01
1.834500000000000000e+03 3.916227616730391787e+02 -5.434585174730104384e+00 -3.010120551275954348e-01 -5.434585174730104384e+00 -3.010120551275954348e-01 8.559220349116284154e+00 4.822909511831378060e-01 4.822909511831376950e-01 2.364668943894423780e-01
1.870500000000000000e+03 3.519898455899200940e+02 -2.318833162175024221e+00 -8.318842088587035111e-01 -2.318833162175024221e+00 -8.318842088587035111e-01 9.350766173877993026e+00 1.766705696470612375e-01 1.766705696470612930e-01 -1.049381160997402140e-01
1.906500000000000000e+03 3.288697372885226287e+02 -9.804571302593632964e+00 1.183779235970924493e+00 -9.804571302593632964e+00 1.183779235970924493e+00 1.198036584747646316e+01 -4.546454909979559811e-01 -4.546454909979559811e-01 -4.872283027559923263e-01
1.942500000000000000e+03 3.162935210703509483e+02 -1.252540466102498939e+01 -1.401418533641324293e+00 -1.252540466102498939e+01 -1.401418533641324293e+00 1.003732739915631988e+01 7.489063122191088606e-01 7.489063122191088606e-01 -1.713061640905007010e-01
1.978500000000000000e+03 3.132598620412332480e+02 -1.660770831860540397e+01 9.265282081803261072e-01 -1.660770831860540397e+01 9.265282081803261072e-01 1.068825315070749404e+01 -8.269072030014602559e-01 -8.269072030014608110e-01 -1.653038938791958623e+00
2.014500000000000000e+03 3.153966332767539598e+02 -1.810377067649669414e+01 -1.935630812211240670e+00 -1.810377067649669414e+01 -1.935630812211240670e+00 7.451324084714880946e+00 3.082808379254223796e-01 3.082808379254223796e-01 4.966967346861033694e-01
2.050500000000000000e+03 3.176849700954181799e+02 -1.557937024995740849e+01 -3.309437828431791573e-01 -1.557937024995740849e+01 -3.309437828431791573e-01 5.498722980553567119e+00 4.398361683931883981e-01 4.398361683931882316e-01 -2.547897260425951993e-01
2.086500000000000000e+03 3.075750805807611528e+02 -1.040083954211024952e+01 3.507389661653764201e-01 -1.040083954211024952e+01 3.507389661653764201e-01 5.241050219441260261e+00 4.138304582360242123e-01 4.138304582360244899e-01 9.126053497898779510e-01
2.122500000000000000e+03 2.936458548104080819e+02 -5.300531639301641285e+00 -1.565194680628829715e+00 -5.300531639301641285e+00 -1.565194680628829715e+00 5.329719466279439821e+00 -5.907333299319701414e-01 -5.907333299319699194e-01 5.146287014055505454e-02
2.158500000000000000e+03 2.664546596786695432e+02 -1.336650740692213901e+00 -1.923010307140612385e-01 -1.336650740692213901e+00 -1.923010307140612385e-01 5.172482507407233143e+00 1.072345161308760897e+00 1.072345161308760897e+00 2.261629317053345800e-01
2.207000000000000000e+03 2.366504403537942949e+02 -3.745208203052334817e+00 -5.109573853214666173e-02 -3.745208203052334817e+00 -5.109573853214666173e-02 6.317561084301407170e+00 4.698445226359296290e-02 4.698445226359301841e-02 -3.932255738840420012e-01
2.268000000000000000e+03 2.200368328028019107e+02 -7.548465191117360362e+00 -1.013266633860784527e+00 -7.548465191117360362e+00 -1.013266633860784527e+00 4.708346354325239069e+00 -5.652019274777247970e-01 -5.652019274777245750e-01 -1.926700236877076367e-01
2.329000000000000000e+03 2.171648154487483282e+02 -7.040094130143121021e+00 -2.237180495126134261e-02 -7.040094130143121021e+00 -2.237180495126134261e-02 4.587607005597750032e+00 2.723652592182478349e-01 2.723652592182480570e-01 8.782333141839407387e-02
2.390000000000000000e+03 2.162794600021750568e+02 -5.204141696169965137e+00 8.144079889827846586e-01 -5.204141696169965137e+00 8.144079889827846586e-01 3.897048383567720986e+00 -2.363979817091006741e-01 -2.363979817091005631e-01 6.923626884129653325e-01
2.451000000000000000e+03 2.043860286909255990e+02 -3.392434833941231354e+00 -1.219287022852200142e-02 -3.392434833941231354e+00 -1.219287022852200142e-02 2.238417904567430838e+00 2.073248303682936611e-01 2.073248303682938276e-01 -7.519331374412916436e-01
2.512000000000000000e+03 1.960258842000433219e+02 -2.964665926849963107e+00 1.092158496825704095e+00 -2.964665926849963107e+00 1.092158496825704095e+00 2.951006044851216537e+00 6.737159304928390657e-01 6.737159304928392878e-01 3.316871381288568066e-01
2.573000000000000000e+03 1.872009786122115429e+02 -4.434508321073386661e+00 -6.236255177394609550e-01 -4.434508321073386661e+00 -6.236255177394609550e-01 3.661108902821538891e+00 -2.714549975144773253e-01 -2.714549975144772698e-01 2.268153451251658237e-01
2.634000000000000000e+03 1.899618862711508029e+02 -5.277845354815738688e+00 -2.880238611359423606e-01 -5.277845354815738688e+00 -2.880238611359423606e-01 9.896481194142277005e-01 -3.398456277043444551e-01 -3.398456277043446772e-01 -1.805326951822045778e-01
2.695000000000000000e+03 1.874958992185611919e+02 -3.483795277561034354e+00 5.290173350437628041e-01 -3.483795277561034354e+00 5.290173350437628041e-01 2.736481187532592063e+00 2.387700422172062131e-02 2.387700422172070458e-02 -2.031082721894410525e-01
2.756000000000000000e+03 1.830323537888728254e+02 -1.218208840648384861e+00 -1.112483706069913730e-01 -1.218208840648384861e+00 -1.112483706069913730e-01 1.795294440922801993e+00 -7.884738687241794608e-01 -7.884738687241793498e-01 -6.349910907315392539e-01
2.817000000000000000e+03 1.805605987156266963e+02 -8.163331798515193194e-01 7.106771669604527997e-01 -8.163331798515193194e-01 7.106771669604527997e-01 1.537214879378165255e+00 3.881368216978197117e-01 3.881368216978195451e-01 1.403919908598947774e+00
2.878000000000000000e+03 1.764713538173124618e+02 -2.155262066002352928e+00 1.673038628824886354e-01 -2.155262066002352928e+00 1.673038628824886354e-01 1.230483074049474990e+00 6.928845938431669182e-01 6.928845938431669182e-01 1.379629543242014256e+00
2.939000000000000000e+03 1.771961362205218506e+02 -2.565899592371198246e+00 1.194773523817776351e+00 -2.565899592371198246e+00 1.194773523817776351e+00 1.490670408871366481e+00 -1.678865693255542912e-01 -1.678865693255540692e-01 -3.071686247199834074e-01
3.000000000000000000e+03 1.806101056364743442e+02 -1.070848204863555253e+00 2.409040785818072905e-02 -1.070848204863555253e+00 2.409040785818072905e-02 6.746871692193545655e-02 -2.521120361306716240e-01 -2.521120361306715685e-01 -7.786368067325749598e-01
3.061000000000000000e+03 1.809813671057845852e+02 -1.093512871446608692e+00 2.063394095961151864e-01 -1.093512871446608692e+00 2.063394095961151864e-01 1.543646603792657057e+00 8.178760990619288185e-02 8.178760990619304838e-02 5.498396843226364128e-01
3.122000000000000000e+03 1.822057737098149346e+02 -4.353135814280372773e-01 3.772583779531697434e-01 -4.353135814280372773e-01 3.772583779531697434e-01 6.618733325633173736e-01 -8.519698862580232790e-01 -8.519698862580232790e-01 4.489733743066103289e-01
3.183000000000000000e+03 1.859916536952921149e+02 -1.425574144546488120e-01 -2.255597438130146903e-01 -1.425574144546488120e-01 -2.255597438130146903e-01 -5.065815876653478878e-01 6.464688973600382083e-01 6.464688973600380972e-01 3.958064287750239774e-01
3.244000000000000000e+03 1.854540380306742691e+02 -4.825034677504941305e-01 -5.312947229521799430e-01 -4.825034677504941305e-01 -5.312947229521799430e-01 -4.877427790764423121e-01 -6.529254262592010249e-01 -6.529254262592013580e-01 1.216896666956941431e+00
3.305000000000000000e+03 1.899541908062060429e+02 -5.863688142795886460e-01 3.084939028076140177e-01 -5.863688142795886460e-01 3.084939028076140177e-01 1.026114923642032828e+00 -2.129157527208450362e-01 -2.129157527208450362e-01 8.285649009315040336e-01
3.366000000000000000e+03 1.932420095735594430e+02 -1.006332984206905978e+00 7.222644307915805362e-01 -1.006332984206905978e+00 7.222644307915805362e-01 7.716611060036705494e-01 1.907233313201801561e-01 1.907233313201802116e-01 -1.337275300041180337e+00
3.447000000000000000e+03 1.989933320367768772e+02 -1.210945180041417268e+00 3.689444584920732462e-01 -1.210945180041417268e+00 3.689444584920732462e-01 5.894984283232325151e-01 -1.916973644810224531e-01 -1.916973644810224253e-01 5.154565768964721739e-01
3.548000000000000000e+03 2.039608613092287897e+02 3.593299956064305856e-01 8.579593296183896101e-01 3.593299956064305856e-01 8.579593296183896101e-01 -1.576069038661011001e+00 -5.692107508573277519e-01 -5.692107508573276409e-01 1.036522558219680867e+00
3.649000000000000000e+03 2.119065488460805398e+02 -1.079695915862432853e+00 6.157638691518203533e-01 -1.079695915862432853e+00 6.157638691518203533e-01 -4.615014095860945909e-01 3.488396952356526137e-01 3.488396952356524472e-01 8.388865336640834169e-02
3.750000000000000000e+03 2.178271494260024497e+02 1.321206221035684525e-01 1.065424020216256817e+00 1.321206221035684525e-01 1.065424020216256817e+00 2.149053966597897491e-01 -4.021868194042388933e-01 -4.021868194042388378e-01 6.351636068604085868e-03
3.851000000000000000e+03 2.248897383964932715e+02 6.634284536204313465e-01 -7.322486030043034999e-01 6.634284536204313465e-01 -7.322486030043034999e-01 1.102967758654990194e+00 1.755753918115839252e+00 1.755753918115838363e+00 8.017285484014398111e-01
3.952000000000000000e+03 2.347886096621366789e+02 -2.413762275218027109e-01 3.567745301329473540e-01 -2.413762275218027109e-01 3.567745301329473540e-01 7.856306414523633874e-01 4.151414563896678178e-01 4.151414563896677068e-01 1.862631778509128144e-01
4.053000000000000000e+03 2.433041563875161160e+02 4.231291702059414850e-01 -4.205848749607239700e-02 4.231291702059414850e-01 -4.205848749607239700e-02 -7.906178317323646620e-01 -5.863103482416461842e-01 -5.863103482416462953e-01 -1.303583247324301975e-01
4.154000000000000000e+03 2.510901182945566177e+02 -3.228762797471951274e-01 1.183381427982759693e+00 -3.228762797471951274e-01 1.183381427982759693e+00 -1.660942073698922661e+00 1.596745670277974760e-01 1.596745670277971429e-01 -8.792573070506212174e-01
4.255000000000000000e+03 2.610189385837775831e+02 -1.032939202258181532e-01 -1.052092591886924389e+00 -1.032939202258181532e-01 -1.052092591886924389e+00 5.771720913929145880e-01 -1.687689233279065837e+00 -1.687689233279066059e+00 8.762918442284807208e-01
4.356000000000000000e+03 2.712975698135260245e+02 6.766746999268626883e-01 1.220720095327196414e-01 6.766746999268626883e-01 1.220720095327196414e-01 2.498192900917899362e-01 -9.712594112636159238e-01 -9.712594112636159238e-01 -1.069112182394257538e+00
4.457000000000000000e+03 2.804651476720666210e+02 -9.235113994633556977e-01 2.993747401717742340e-01 -9.235113994633556977e-01 2.993747401717742340e-01 -2.758194724527032182e-01 2.211774399805499947e+00 2.211774399805499947e+00 -1.055921415297812888e-01
4.558000000000000000e+03 2.892471421595101901e+02 1.287962391710917531e+00 -3.757596138160005372e-01 1.287962391710917531e+00 -3.757596138160005372e-01 2.686885041110508854e-01 -2.967561872775503762e-01 -2.967561872775503762e-01 3.352764265434928781e-01
4.659000000000000000e+03 2.992376859771965769e+02 4.280587183008688346e-01 1.037940058009442001e+00 4.280587183008688346e-01 1.037940058009442001e+00 -7.196592794302641982e-01 2.582294072400093121e-02 2.582294072400104223e-02 2.434339562719207262e+00
4.760000000000000000e+03 3.109831003215373357e+02 -7.691227984146862262e-01 -1.142088282322483828e+00 -7.691227984146862262e-01 -1.142088282322483828e+00 2.002967611343989152e+00 8.616269914228915638e-01 8.616269914228917859e-01 1.247261789006073540e+00
4.861000000000000000e+03 3.226090136139741276e+02 -8.286426426505775211e-01 3.410791238405506132e-01 -8.286426426505775211e-01 3.410791238405506132e-01 3.310567548076888134e+00 8.745802450256130456e-01 8.745802450256131566e-01 8.825514885101558571e-01
4.962000000000000000e+03 3.327451151997350394e+02 -6.398510410034945473e-01 -5.525208256327072132e-01 -6.398510410034945473e-01 -5.525208256327072132e-01 1.243039648492673566e+00 7.178992190652709604e-02 7.178992190652709604e-02 -8.537646547251435125e-01
5.063000000000000000e+03 3.430189517196889710e+02 -6.973567472284127877e-01 -4.428808011677927703e-01 -6.973567472284127877e-01 -4.428808011677927703e-01 4.771385727641549307e-02 5.430370452851229768e-02 5.430370452851240870e-02 -2.560397549728192335e+00
5.164000000000000000e+03 3.562548082900427175e+02 1.560376647867363742e+00 -9.019843662550399710e-01 1.560376647867363742e+00 -9.019843662550399710e-01 -1.858620368224366048e+00 -8.088857115250125407e-02 -8.088857115250142060e-02 -3.414869648541534630e+00
5.265000000000000000e+03 3.678353009446578881e+02 -1.301077603947188743e+00 -3.421430166019598373e-02 -1.301077603947188743e+00 -3.421430166019598373e-02 4.598420707341137614e-01 1.590238278742341915e-01 1.590238278742335254e-01 1.182862097854568750e+00
5.366000000000000000e+03 3.769693685353333876e+02 -1.589943645763680080e-01 4.665144684875833780e-01 -1.589943645763680080e-01 4.665144684875833780e-01 -2.214885762277354786e+00 -1.646470253006796503e+00 -1.646470253006796947e+00 -1.101522022967978298e+00
5.467000000000000000e+03 3.863283463763471559e+02 5.198949001905028844e-02 -1.449462615688165146e-01 5.198949001905028844e-02 -1.449462615688165146e-01 -3.508595616497516723e+00 -2.681255781776996638e-01 -2.681255781776996638e-01 -1.400225946957860179e+00
5.568000000000000000e+03 4.026941124515278716e+02 -5.294292660322564847e-01 -5.791780045117240761e-01 -5.294292660322564847e-01 -5.791780045117240761e-01 -9.539494467228929464e-01 1.187933182197227211e-01 1.187933182197227211e-01 -1.359409661129888480e+00
5.669000000000000000e+03 4.159322306205551740e+02 1.267253856430981429e+00 -9.244187779998880305e-01 1.267253856430981429e+00 -9.244187779998880305e-01 2.269444552875139465e+00 5.474797883652630093e-01 5.474797883652632313e-01 1.067553925702012796e+00
5.770000000000000000e+03 4.265596785212292161e+02 -2.482529320769559344e+00 1.083484236604770334e-02 -2.482529320769559344e+00 1.083484236604770334e-02 2.375027213670095616e+00 -2.774017459314762846e+00 -2.774017459314762846e+00 2.313000167046309841e+00
5.871000000000000000e+03 4.434084224216013013e+02 1.259672064764055133e+00 -1.608333278730631477e+00 1.259672064764055133e+00 -1.608333278730631477e+00 1.013238269020761279e-01 5.604141570894043411e-01 5.604141570894041191e-01 1.421868627462500589e-01
