# l Dl_TT Dl_TE Dl_TB Dl_ET Dl_BT Dl_EE Dl_EB Dl_BE Dl_BB
7.050000000000000000e+01 1.822954101478110488e+03 -6.490099960749788011e+00 1.692282590969307887e-01 -6.490099960749788011e+00 1.692282590969307887e-01 3.705411551425459860e-01 -1.021008334046617089e-02 -1.021008334046617609e-02 -4.805069995574214894e-04
1.065000000000000000e+02 2.984631958109217976e+03 -2.903655303159820988e+01 1.161893357997671572e+00 -2.903655303159820988e+01 1.161893357997671572e+00 8.914070420604321976e-01 -3.915137173043698252e-03 -3.915137173043698252e-03 1.869495057013225835e-03
1.425000000000000000e+02 4.126017117608625085e+03 -4.523913359820329561e+01 -1.148368482233094401e+00 -4.523913359820329561e+01 -1.148368482233094401e+00 1.094482663830282920e+00 3.322451302318948224e-03 3.322451302318946489e-03 1.773797998506409027e-02
1.785000000000000000e+02 5.124467751896512709e+03 -3.420071102510635797e+01 -1.519865509612295384e-01 -3.420071102510635797e+01 -1.519865509612295384e-01 8.571281091764144655e-01 8.557382910697556092e-03 8.557382910697563030e-03 1.779715826504410167e-02
2.145000000000000000e+02 5.768150020226181368e+03 5.349333312730507828e+00 6.504056701289723241e-02 5.349333312730507828e+00 6.504056701289723241e-02 8.473165631748265092e-01 -3.951659597757528966e-03 -3.951659597757528966e-03 1.905495738346259585e-02
2.505000000000000000e+02 5.360919338891882035e+03 6.156626417514904404e+01 8.279365454309136618e-01 6.156626417514904404e+01 8.279365454309136618e-01 2.498079799542845425e+00 -1.102112457907480220e-02 -1.102112457907479873e-02 1.252196613610218751e-02
2.865000000000000000e+02 4.541656508644881796e+03 1.112861969471126997e+02 7.444292527740746790e-01 1.112861969471126997e+02 7.444292527740746790e-01 6.896386233213545935e+00 -1.569500900328774790e-02 -1.569500900328774790e-02 3.037307197414713944e-02
3.225000000000000000e+02 3.324772955206874940e+03 1.121426528980752551e+02 1.838328727933904450e-01 1.121426528980752551e+02 1.838328727933904450e-01 1.301858915166820729e+01 1.059795973736197064e-02 1.059795973736196717e-02 4.991122718462199376e-02
3.585000000000000000e+02 2.314368165635110472e+03 7.686517383189071495e+01 -2.146979294242603309e-01 7.686517383189071495e+01 -2.146979294242603309e-01 1.902803791633747821e+01 -6.464218002381080797e-02 -6.464218002381080797e-02 4.957050592195917649e-02
3.945000000000000000e+02 1.780434686366073947e+03 1.178696271973742071e+01 1.105595517974876929e-01 1.178696271973742071e+01 1.105595517974876929e-01 2.161934360407935074e+01 -5.633854380543684703e-02 -5.633854380543687479e-02 4.761789354442243910e-02
4.305000000000000000e+02 1.829524623917367535e+03 -4.836555027867171930e+01 -4.822814602513930682e-01 -4.836555027867171930e+01 -4.822814602513930682e-01 1.913548376137818252e+01 6.863903473018088952e-02 6.863903473018087564e-02 6.720785674168085200e-02
4.665000000000000000e+02 2.141328203541979747e+03 -7.331099763961395865e+01 7.894961482976570188e-02 -7.331099763961395865e+01 7.894961482976570188e-02 1.369157744552370559e+01 3.787688425577372120e-02 3.787688425577370732e-02 4.552780299762658467e-02
5.025000000000000000e+02 2.445119981390750127e+03 -5.746689810822653044e+01 1.107389395450228409e-01 -5.746689810822653044e+01 1.107389395450228409e-01 8.284599205594060933e+00 -7.006136176483549610e-03 -7.006136176483547008e-03 9.771619843840960440e-02
5.385000000000000000e+02 2.580505738220324474e+03 -1.224944225617338134e+01 -4.619532797345100028e-01 -1.224944225617338134e+01 -4.619532797345100028e-01 7.515047552553459020e+00 -2.493610481519418706e-02 -2.493610481519418706e-02 5.089149119087778284e-02
5.745000000000000000e+02 2.454956516954984636e+03 1.925757856848421312e+01 4.260693875293704025e-01 1.925757856848421312e+01 4.260693875293704025e-01 1.295478820861072400e+01 -1.618214077154372932e-03 -1.618214077154376401e-03 6.532602554311768561e-02
6.105000000000000000e+02 2.145426782223959890e+03 2.731605157553629226e+01 6.200062960824667679e-02 2.731605157553629226e+01 6.200062960824667679e-02 2.348946988746233089e+01 2.909427415813063689e-02 2.909427415813064730e-02 8.098276375625622359e-02
6.465000000000000000e+02 1.869702375273772304e+03 -1.046493937350507508e+01 1.792424116796756950e-01 -1.046493937350507508e+01 1.792424116796756950e-01 3.250778273976809629e+01 3.585503218003828485e-02 3.585503218003827097e-02 1.018038021274749599e-01
6.825000000000000000e+02 1.791045757056881939e+03 -6.612940407868937598e+01 -1.106914993564247940e+00 -6.612940407868937598e+01 -1.106914993564247940e+00 3.721217556542757876e+01 4.464463221134380710e-02 4.464463221134380017e-02 8.033292077571560497e-02
7.185000000000000000e+02 2.011993025713738234e+03 -1.203126070436383657e+02 4.885662330377574802e-01 -1.203126070436383657e+02 4.885662330377574802e-01 3.494783748853893002e+01 -3.040787715711849512e-02 -3.040787715711849859e-02 9.655795386251707357e-02
7.545000000000000000e+02 2.302762342731040007e+03 -1.351107974639421627e+02 -2.293852367210416632e-02 -1.351107974639421627e+02 -2.293852367210416632e-02 2.683763258470810342e+01 -4.443347318712306815e-03 -4.443347318712313754e-03 1.186518152928615205e-01
7.905000000000000000e+02 2.485683727375273975e+03 -1.051012218840442927e+02 4.568891848187712768e-01 -1.051012218840442927e+02 4.568891848187712768e-01 1.805356179372829573e+01 8.775357119348481394e-02 8.775357119348478618e-02 8.509650591197676084e-02
8.265000000000000000e+02 2.502497748356975535e+03 -4.299127226891140197e+01 -3.852228810732581943e-01 -4.299127226891140197e+01 -3.852228810732581943e-01 1.273069124701241073e+01 -3.738928306144602420e-02 -3.738928306144601726e-02 6.698937665780609063e-02
8.625000000000000000e+02 2.296556796910390858e+03 1.732565938178328580e+01 1.203721248219564305e-01 1.732565938178328580e+01 1.203721248219564305e-01 1.465378437796782052e+01 3.366884516327606214e-04 3.366884516327571519e-04 6.814081398090759967e-02
8.985000000000000000e+02 1.921511226993000037e+03 5.490556972179527406e+01 -3.694370332916975253e-01 5.490556972179527406e+01 -3.694370332916975253e-01 2.368310635158375632e+01 -5.273041594680751704e-02 -5.273041594680751010e-02 5.070801768174951207e-02
9.345000000000000000e+02 1.505993967794184755e+03 4.993702383263483568e+01 3.374555630450472576e-01 4.993702383263483568e+01 3.374555630450472576e-01 3.332600861899220490e+01 -8.168318882512823342e-02 -8.168318882512828893e-02 1.244641634361011162e-01
9.705000000000000000e+02 1.190309513353923649e+03 1.567671121632720954e+01 6.986486932054076782e-01 1.567671121632720954e+01 6.986486932054076782e-01 4.085117697249896906e+01 -6.979124091217851766e-02 -6.979124091217853154e-02 1.176950523151094330e-01
1.006500000000000000e+03 1.066040288198715643e+03 -3.167474050373711947e+01 6.032634983503237791e-02 -3.167474050373711947e+01 6.032634983503237791e-02 4.163533944982845725e+01 -6.894999734462457786e-02 -6.894999734462456398e-02 5.277219514036766285e-02
1.042500000000000000e+03 1.081548858415545055e+03 -6.901321784211368993e+01 1.974230090812599536e-01 -6.901321784211368993e+01 1.974230090812599536e-01 3.563114667994292972e+01 -6.259964830465754998e-03 -6.259964830465768876e-03 5.674115893303709190e-02
1.078500000000000000e+03 1.164991350239585927e+03 -7.645843118333725386e+01 -8.779635886216331508e-01 -7.645843118333725386e+01 -8.779635886216331508e-01 2.546703821447856342e+01 8.245566431544466834e-02 8.245566431544465447e-02 7.961733280092897491e-02
1.114500000000000000e+03 1.254284523273118111e+03 -6.124805393653823415e+01 1.517775626968307645e-01 -6.124805393653823415e+01 1.517775626968307645e-01 1.682465319999576536e+01 -2.260781974389489829e-02 -2.260781974389488441e-02 9.049629124987608464e-02
1.150500000000000000e+03 1.224687271041481608e+03 -2.995398845248417175e+01 5.147895131605517705e-01 -2.995398845248417175e+01 5.147895131605517705e-01 1.339251501976501757e+01 -3.799548016415955909e-02 -3.799548016415957297e-02 5.784774217995896500e-02
1.186500000000000000e+03 1.121143327197730741e+03 -3.879926156584936336e+00 -1.271214324608538337e-02 -3.879926156584936336e+00 -1.271214324608538337e-02 1.551573975020518859e+01 -8.567576880404297046e-02 -8.567576880404298434e-02 1.009458579086730257e-01
1.222500000000000000e+03 9.618377267324099194e+02 7.192105337532732179e+00 -6.551396624646529387e-01 7.192105337532732179e+00 -6.551396624646529387e-01 2.129061853259850423e+01 2.341563037316051268e-02 2.341563037316051615e-02 1.536188351143069897e-01
1.258500000000000000e+03 8.195593949039547397e+02 -5.026680908761575139e+00 -5.721675158687749008e-01 -5.026680908761575139e+00 -5.721675158687749008e-01 2.771672935795363912e+01 -1.869617323942505266e-02 -1.869617323942503878e-02 7.052486302151703135e-02
1.294500000000000000e+03 7.427810039530298809e+02 -2.786293563476840518e+01 3.533885702921923250e-02 -2.786293563476840518e+01 3.533885702921923250e-02 3.026278731829452795e+01 2.454452844096981223e-02 2.454452844096981917e-02 3.983599677285135782e-02
1.330500000000000000e+03 7.344103041910290131e+02 -4.827916351549947649e+01 3.529522220350539419e-01 -4.827916351549947649e+01 3.529522220350539419e-01 2.818167631128096318e+01 2.325335435057805308e-02 2.325335435057805308e-02 1.463573081997688458e-02
1.366500000000000000e+03 7.772425745177856697e+02 -5.971465425707430796e+01 3.890027148405192370e-02 -5.971465425707430796e+01 3.890027148405192370e-02 2.342054490517890386e+01 2.226038157286281891e-02 2.226038157286283972e-02 1.280737470969220693e-01
1.402500000000000000e+03 8.148854175232009993e+02 -5.323678618300509413e+01 -1.499362888162594498e-01 -5.323678618300509413e+01 -1.499362888162594498e-01 1.668367849666919511e+01 -4.958884507671905417e-02 -4.958884507671905417e-02 1.087290395686723449e-02
1.438500000000000000e+03 8.172472238174003678e+02 -3.441758305575007171e+01 3.267135506003014944e-01 -3.441758305575007171e+01 3.267135506003014944e-01 1.266361241286310424e+01 -5.100187047646029953e-02 -5.100187047646031341e-02 9.245743939881893858e-02
1.474500000000000000e+03 7.666921539053215611e+02 -1.289069841330690380e+01 -1.239398061073758717e-01 -1.289069841330690380e+01 -1.239398061073758717e-01 1.184320127281243629e+01 -4.170559511973197242e-02 -4.170559511973198630e-02 8.361712754075180387e-02
1.510500000000000000e+03 6.642558392914913838e+02 2.680808422383335277e+00 4.435210643163641775e-01 2.680808422383335277e+00 4.435210643163641775e-01 1.391543594865151334e+01 -7.667485060911305439e-03 -7.667485060911305439e-03 2.024329340747710593e-01
1.546500000000000000e+03 5.551316365343275265e+02 5.954158466885098200e+00 3.025231506582645169e-01 5.954158466885098200e+00 3.025231506582645169e-01 1.702512554029988578e+01 1.466395999409850770e-01 1.466395999409851880e-01 2.167576004355998009e-01
1.582500000000000000e+03 4.628942264344417481e+02 -1.043191339809872886e+00 9.046004565914572693e-02 -1.043191339809872886e+00 9.046004565914572693e-02 2.008155259165881290e+01 -8.520176319149602717e-02 -8.520176319149606881e-02 9.463778856447430110e-02
1.618500000000000000e+03 4.183999321920910006e+02 -1.490982630842324497e+01 1.729757215325944952e-01 -1.490982630842324497e+01 1.729757215325944952e-01 2.061735534454883023e+01 -1.236608029862795860e-01 -1.236608029862796276e-01 4.111058092174310619e-02
1.654500000000000000e+03 3.965211854916386756e+02 -2.520432606550508581e+01 2.200117606739086795e-01 -2.520432606550508581e+01 2.200117606739086795e-01 1.877195186046833086e+01 1.469427715345991148e-01 1.469427715345990870e-01 2.081664804395180202e-01
1.690500000000000000e+03 4.076729714516941385e+02 -2.999108347976829947e+01 1.056468263920506967e-02 -2.999108347976829947e+01 1.056468263920506967e-02 1.480538973690501336e+01 8.816149164009354222e-02 8.816149164009352834e-02 -3.031609140967792340e-02
1.726500000000000000e+03 4.090631544877145416e+02 -2.626153523384904531e+01 2.937762043934890460e-02 -2.626153523384904531e+01 2.937762043934890460e-02 1.109150921079071317e+01 9.966993620680850152e-02 9.966993620680847377e-02 3.604972271230706682e-02
1.762500000000000000e+03 4.053266750635391986e+02 -1.830782106948431931e+01 -1.425381510330771817e-01 -1.830782106948431931e+01 -1.425381510330771817e-01 8.424328188490580516e+00 1.148090403638899332e-01 1.148090403638899332e-01 9.612928990071484270e-02
1.798500000000000000e+03 3.788892137340357635e+02 -9.837278425111653846e+00 8.037227674105085207e-02 -9.837278425111653846e+00 8.037227674105085207e-02 7.856141493152176025e+00 -1.246755363622533141e-01 -1.246755363622533419e-01 1.418972978542460128e-01
1.834500000000000000e+03 3.333586618354908069e+02 -5.025745228871064008e+00 -5.057825826718112538e-03 -5.025745228871064008e+00 -5.057825826718112538e-03 8.898885923143600607e+00 4.552365853313249111e-03 4.552365853313262989e-03 -8.992152112420497001e-02
1.870500000000000000e+03 2.927994636368081842e+02 -5.955389016532905089e+00 8.624428368454686855e-02 -5.955389016532905089e+00 8.624428368454686855e-02 1.030301643022890978e+01 -1.066274647834786066e-01 -1.066274647834785927e-01 -4.714770914062751256e-02
1.906500000000000000e+03 2.647300340449296527e+02 -9.579019927600082696e+00 3.741056601049231323e-01 -9.579019927600082696e+00 3.741056601049231323e-01 1.105670296942671094e+01 1.709101115784850133e-02 1.709101115784849440e-02 -1.911589911527304588e-03
1.942500000000000000e+03 2.491251015801476285e+02 -1.411070312319677988e+01 1.067258497223507602e-02 -1.411070312319677988e+01 1.067258497223507602e-02 1.105277317237909074e+01 -1.576136753451113925e-01 -1.576136753451113925e-01 8.473664294960719934e-02
1.978500000000000000e+03 2.487455592854640827e+02 -1.765343905744729724e+01 -1.261234870659125318e-01 -1.765343905744729724e+01 -1.261234870659125318e-01 9.684670288423456341e+00 1.643120886368223399e-01 1.643120886368223399e-01 -9.266581831640167966e-02
2.014500000000000000e+03 2.470762049561669471e+02 -1.734394313171701896e+01 2.032400693398155045e-01 -1.734394313171701896e+01 2.032400693398155045e-01 7.783161032216528774e+00 -6.134961334821047857e-02 -6.134961334821049939e-02 -2.952878425284436587e-02
2.050500000000000000e+03 2.466262733152585724e+02 -1.468554928661591319e+01 9.671369211632716012e-02 -1.468554928661591319e+01 9.671369211632716012e-02 6.300753671277912638e+00 2.705252096844562582e-01 2.705252096844562582e-01 1.848224458328207864e-01
2.086500000000000000e+03 2.297013693763674382e+02 -9.789998240807594954e+00 -9.041175638125012459e-02 -9.789998240807594954e+00 -9.041175638125012459e-02 5.111497680552412604e+00 -9.456462974047324943e-02 -9.456462974047324943e-02 -2.407078964422754846e-02
2.122500000000000000e+03 2.116517371441899229e+02 -5.157969232339702614e+00 2.632835663966966999e-01 -5.157969232339702614e+00 2.632835663966966999e-01 5.055238561028310151e+00 1.658412667754675940e-03 1.658412667754703695e-03 -2.503714255490236407e-01
2.158500000000000000e+03 1.864048766482428618e+02 -2.379255108526410645e+00 2.321517828440893827e-01 -2.379255108526410645e+00 2.321517828440893827e-01 5.309937370547832103e+00 -3.430843721487212422e-02 -3.430843721487211034e-02 -3.509113802840456344e-03
2.207000000000000000e+03 1.607853786839531836e+02 -3.643991510578743487e+00 2.371787328589239352e-01 -3.643991510578743487e+00 2.371787328589239352e-01 6.022130506342959322e+00 -1.801654683390214659e-02 -1.801654683390214659e-02 -9.528979058557235371e-03
2.268000000000000000e+03 1.402651217004119246e+02 -7.123783985612334391e+00 1.467835713713788182e-01 -7.123783985612334391e+00 1.467835713713788182e-01 5.819347572626910825e+00 -2.073450699946981224e-02 -2.073450699946983999e-02 1.159528926085387629e-01
2.329000000000000000e+03 1.335139806158734359e+02 -7.578625018362853183e+00 6.794146693795863334e-02 -7.578625018362853183e+00 6.794146693795863334e-02 4.515107775158137215e+00 3.577998551739066529e-02 3.577998551739065836e-02 9.581315591644054552e-02
2.390000000000000000e+03 1.271936509054766731e+02 -5.771359998980063466e+00 3.976205139049866499e-01 -5.771359998980063466e+00 3.976205139049866499e-01 3.182983325224459037e+00 -4.535854708161463078e-02 -4.535854708161461690e-02 -3.001459291443528947e-05
2.451000000000000000e+03 1.129787941224588081e+02 -3.476821952650485770e+00 1.986958197596070952e-01 -3.476821952650485770e+00 1.986958197596070952e-01 2.758709023145099692e+00 -4.383968888996733065e-02 -4.383968888996733065e-02 -8.045055499483133588e-02
2.512000000000000000e+03 1.000365491314505135e+02 -3.097821733023120139e+00 1.780099801721517910e-02 -3.097821733023120139e+00 1.780099801721517910e-02 2.987736798606703825e+00 2.018021464850416613e-01 2.018021464850416336e-01 1.923624873514996267e-02
2.573000000000000000e+03 9.019245088360229090e+01 -4.028569685212505469e+00 -1.442700521878597375e-01 -4.028569685212505469e+00 -1.442700521878597375e-01 2.964935882675006962e+00 -2.772352761789925041e-02 -2.772352761789924694e-02 3.257683950587506733e-02
2.634000000000000000e+03 8.707222266215677564e+01 -3.840851263238505453e+00 1.545559319854486469e-01 -3.840851263238505453e+00 1.545559319854486469e-01 2.350391325130673170e+00 1.116979316269843397e-01 1.116979316269843397e-01 -2.761696973596412530e-01
2.695000000000000000e+03 8.272974163218120225e+01 -3.360624041560514641e+00 7.488990893538283178e-02 -3.360624041560514641e+00 7.488990893538283178e-02 1.737763509968256681e+00 5.386265763195126344e-02 5.386265763195129119e-02 7.426891058527330947e-02
2.756000000000000000e+03 7.473960791682951310e+01 -2.252639410959166089e+00 -8.417298097144949864e-02 -2.252639410959166089e+00 -8.417298097144949864e-02 1.500923783868549855e+00 8.814620933431097094e-02 8.814620933431095706e-02 2.076968248569789621e-01
2.817000000000000000e+03 6.754739253418159706e+01 -1.474466251054018739e+00 -2.778823089180453287e-01 -1.474466251054018739e+00 -2.778823089180453287e-01 1.515687906598694124e+00 9.790352671304247689e-02 9.790352671304247689e-02 3.184054894925082788e-03
2.878000000000000000e+03 6.221829455014690069e+01 -1.509969778407387331e+00 1.844101286197286083e-02 -1.509969778407387331e+00 1.844101286197286083e-02 1.510034047570996352e+00 7.016865173018670132e-02 7.016865173018671520e-02 2.119004431016763002e-01
2.939000000000000000e+03 5.918126133207260864e+01 -1.653264608126932211e+00 -1.028537324629282962e-01 -1.653264608126932211e+00 -1.028537324629282962e-01 1.048262845551190647e+00 -5.273560888965998783e-02 -5.273560888965998783e-02 4.208754948823021924e-01
3.000000000000000000e+03 5.702256202728090528e+01 -1.689893133785294044e+00 1.635176192207374313e-01 -1.689893133785294044e+00 1.635176192207374313e-01 7.415274596209348035e-01 5.099632765210188046e-02 5.099632765210188046e-02 1.558065735102993343e-01
3.061000000000000000e+03 5.508117148724250711e+01 -1.619224381093958609e+00 1.370027253639712617e-01 -1.619224381093958609e+00 1.370027253639712617e-01 7.226431879262091851e-01 6.914004684698069059e-02 6.914004684698069059e-02 4.106869002911113509e-02
3.122000000000000000e+03 5.204105680423965907e+01 -9.994522178606076723e-01 4.605729557820020803e-02 -9.994522178606076723e-01 4.605729557820020803e-02 5.856743959412639144e-01 1.678952693375829752e-01 1.678952693375829752e-01 3.787341327282792852e-02
3.183000000000000000e+03 5.054711923583718658e+01 -5.931758334574177560e-01 -3.121642567286780912e-03 -5.931758334574177560e-01 -3.121642567286780912e-03 2.254829780282076590e-01 -1.844494256350446559e-01 -1.844494256350446282e-01 2.393945849660606695e-01
3.244000000000000000e+03 4.898103807453244229e+01 -9.096284474671325615e-01 1.423494555907001136e-02 -9.096284474671325615e-01 1.423494555907001136e-02 2.773572272822890650e-01 -2.157122506947041773e-01 -2.157122506947041218e-01 -3.859217984785187072e-01
3.305000000000000000e+03 4.815509813843576836e+01 -6.884175065305200292e-01 -2.919028875174994875e-01 -6.884175065305200292e-01 -2.919028875174994875e-01 1.173793786553332330e+00 1.983154947604446883e-01 1.983154947604446328e-01 9.590346440084321356e-02
3.366000000000000000e+03 4.720758297653026148e+01 -4.965586607789677642e-01 6.696790682186487542e-02 -4.965586607789677642e-01 6.696790682186487542e-02 3.442333346382383530e-01 -3.768451797712929485e-01 -3.768451797712929485e-01 3.854479694642118370e-01
3.447000000000000000e+03 4.612242273876726983e+01 -5.022366159751883163e-01 -1.364582073640446258e-01 -5.022366159751883163e-01 -1.364582073640446258e-01 3.532402154955321394e-01 -3.283867049218360257e-01 -3.283867049218360257e-01 2.533484591921331686e-01
3.548000000000000000e+03 4.558805670049062542e+01 -2.685073081501322401e-01 -1.083163630889142359e-01 -2.685073081501322401e-01 -1.083163630889142359e-01 7.238146480654108483e-01 7.932558071493171770e-02 7.932558071493171770e-02 -9.602043422258753347e-02
3.649000000000000000e+03 4.546021706952216590e+01 -8.397837911669091271e-02 2.755792957917120312e-01 -8.397837911669091271e-02 2.755792957917120312e-01 2.942770626580220594e-01 -2.614273654649658107e-01 -2.614273654649658107e-01 2.603206379192232189e-01
3.750000000000000000e+03 4.513639754836179918e+01 -4.248312722706985012e-01 -2.358305548501093418e-01 -4.248312722706985012e-01 -2.358305548501093418e-01 2.805286631201879197e-02 -7.516486094084921799e-02 -7.516486094084917635e-02 6.882098385616168545e-02
3.851000000000000000e+03 4.601813510661604312e+01 -2.333552419665463340e-01 1.196478617082644656e-02 -2.333552419665463340e-01 1.196478617082644656e-02 8.498829865460189037e-02 -1.697060994402350420e-01 -1.697060994402349865e-01 -1.700961808535838282e-01
3.952000000000000000e+03 4.669735630918253122e+01 -2.539471787018758864e-01 1.693241858459950677e-01 -2.539471787018758864e-01 1.693241858459950677e-01 3.564055765063461334e-01 -6.657152096003683683e-03 -6.657152096003697561e-03 -4.565340022517922480e-01
4.053000000000000000e+03 4.748277616638587517e+01 1.415115978985335421e-01 3.349699340947686621e-01 1.415115978985335421e-01 3.349699340947686621e-01 -5.945923487769321225e-01 2.249056367435711135e-01 2.249056367435711690e-01 -3.032966983143607909e-01
4.154000000000000000e+03 4.900617887550075835e+01 2.273363622908640691e-01 -2.359398564658781727e-01 2.273363622908640691e-01 -2.359398564658781727e-01 2.862474405153854762e-01 -1.413196044391104578e-01 -1.413196044391105965e-01 1.287249487641764778e-01
4.255000000000000000e+03 5.049250851455479960e+01 1.462809750516663176e-01 1.669762421601050373e-01 1.462809750516663176e-01 1.669762421601050373e-01 2.491374417400350205e-01 7.260116783864309364e-02 7.260116783864309364e-02 -5.008384023688863124e-02
4.356000000000000000e+03 5.163524131080296797e+01 -4.616031611311888216e-02 3.585478101417746144e-01 -4.616031611311888216e-02 3.585478101417746144e-01 2.145563282488991419e-01 -3.654685196368113731e-01 -3.654685196368114286e-01 -1.196683992521859474e-01
4.457000000000000000e+03 5.305269678874599748e+01 -3.082443886222933638e-01 -3.016569421216740432e-01 -3.082443886222933638e-01 -3.016569421216740432e-01 5.167409592195914003e-01 3.315062156067536958e-01 3.315062156067535293e-01 -5.543893800580913522e-01
4.558000000000000000e+03 5.425942286132329428e+01 -4.207480863009745997e-01 1.277708675588219434e-01 -4.207480863009745997e-01 1.277708675588219434e-01 -9.377890900108809547e-02 -3.271823082042191883e-02 -3.271823082042191883e-02 1.280829485219815433e+00
4.659000000000000000e+03 5.664183702361652450e+01 -3.805606867265392546e-01 1.257293258700531435e-01 -3.805606867265392546e-01 1.257293258700531435e-01 -6.320400487588826444e-01 -4.360667550536522774e-01 -4.360667550536522774e-01 -4.612591467013095747e-01
4.760000000000000000e+03 5.828105718744519947e+01 -7.569030537889759325e-02 -3.037879786771970347e-01 -7.569030537889759325e-02 -3.037879786771970347e-01 1.294830166441207187e+00 5.810523808976135740e-01 5.810523808976136850e-01 -4.098725866724342581e-02
4.861000000000000000e+03 5.954050414063895857e+01 -3.106103345018361439e-02 -6.932104090561731768e-02 -3.106103345018361439e-02 -6.932104090561731768e-02 5.785995957438989645e-01 2.784199413211617125e-01 2.784199413211619900e-01 7.604364677090695857e-01
4.962000000000000000e+03 6.203623461719887189e+01 -2.100991493122170151e-01 -1.054058573726036063e-01 -2.100991493122170151e-01 -1.054058573726036063e-01 5.699589915448655120e-01 2.276536337690989176e-01 2.276536337690989176e-01 4.227532491039905360e-01
5.063000000000000000e+03 6.287965411310030106e+01 -2.039169337974190421e-01 5.473432677970455629e-01 -2.039169337974190421e-01 5.473432677970455629e-01 4.149646436129550420e-01 -1.718943431216430895e-01 -1.718943431216432283e-01 1.220727252839525434e+00
5.164000000000000000e+03 6.617263899081314094e+01 -1.571765677955448970e-01 -5.251695063636320215e-01 -1.571765677955448970e-01 -5.251695063636320215e-01 -6.839484500698924663e-01 1.018461405602322012e+00 1.018461405602321346e+00 2.144951575095845331e-01
5.265000000000000000e+03 6.703678488957056913e+01 8.083213198155684287e-01 1.046329860952781576e+00 8.083213198155684287e-01 1.046329860952781576e+00 -7.215254877662102828e-01 1.405234045363900341e-01 1.405234045363900619e-01 -1.665457750226225553e+00
5.366000000000000000e+03 6.869364080418048957e+01 8.877723602129095060e-01 -1.390931690238710605e-01 8.877723602129095060e-01 -1.390931690238710605e-01 -1.421773801570964002e+00 1.158387768693518227e+00 1.158387768693517783e+00 2.222947078578309643e+00
5.467000000000000000e+03 7.225522835482601636e+01 -3.786630888082023194e-01 5.122939208187619886e-02 -3.786630888082023194e-01 5.122939208187619886e-02 -1.723792721788141247e+00 1.924763193096280522e-01 1.924763193096280522e-01 8.669588371683496497e-01
5.568000000000000000e+03 7.398254608578581326e+01 4.136803143354095269e-01 8.984686213604697880e-01 4.136803143354095269e-01 8.984686213604697880e-01 -1.358976849522482544e+00 1.033934762766891335e+00 1.033934762766891335e+00 6.968218367407560399e-01
5.669000000000000000e+03 7.641550908947044718e+01 1.418704043628063793e+00 1.816398742762144192e+00 1.418704043628063793e+00 1.816398742762144192e+00 1.596266668902314168e+00 1.280208659546119065e+00 1.280208659546119287e+00 -1.758111436819772777e+00
5.770000000000000000e+03 7.819878464551962338e+01 -1.563732128212687034e-01 -3.587586130991169964e-01 -1.563732128212687034e-01 -3.587586130991169964e-01 1.642346055234710889e+00 2.059056389781955598e+00 2.059056389781954266e+00 -1.494788279098126393e+00
5.871000000000000000e+03 8.353544117746065467e+01 -2.581713115808912384e+00 -5.205350307563272327e-02 -2.581713115808912384e+00 -5.205350307563272327e-02 -2.973367032154178968e+00 1.363321650372566474e+00 1.363321650372566252e+00 -1.600808968159760592e+00
