# l Dl_TT Dl_TE Dl_TB Dl_ET Dl_BT Dl_EE Dl_EB Dl_BE Dl_BB
7.050000000000000000e+01 1.636286493343344773e+03 -5.873743572935108403e+00 7.967870092285026296e+00 7.047089453585801966e-01 5.156135079501567020e+00 3.033836299197300024e-01 -6.180119833904407223e-02 -2.099863669456176335e-02 -3.552455896548902675e-02
1.065000000000000000e+02 2.927249383174121249e+03 -3.167112804648700219e+01 3.433879721897015180e-01 -2.809887429628784616e+01 -3.377663496126004361e+00 8.634657518821468036e-01 3.607965345504213217e-04 6.370057761247718831e-02 -1.629563147095240000e-02
1.425000000000000000e+02 3.996175306244662352e+03 -4.015410187332352621e+01 -2.961302293874441549e-01 -4.511007726267142459e+01 -9.102010731844930591e-01 1.039012707946316061e+00 4.155416771723944441e-02 -7.607577370185744647e-02 2.889656858962454111e-02
1.785000000000000000e+02 5.040343640004275585e+03 -3.083142231243569498e+01 3.546692961513562725e+00 -3.590171750910451465e+01 -4.796346913977380666e-01 8.303825273937982532e-01 -8.485392389002446856e-02 1.545415680674839913e-02 4.134951114681106876e-02
2.145000000000000000e+02 5.775397566943231141e+03 5.074348148188672525e+00 4.262117969080595481e-01 4.282812260220483225e+00 -9.483170529589368680e-01 8.204248209454172436e-01 4.330503725451496921e-02 4.802527903880120241e-02 -3.762729031554161441e-02
2.505000000000000000e+02 5.535543983710420434e+03 6.462371100413650993e+01 -5.584373147828309847e-01 6.442565034675858726e+01 -9.731697264337560993e-01 2.433254974314029262e+00 -3.914616072056113782e-03 4.404521954018367907e-02 3.036415548925156666e-02
2.865000000000000000e+02 4.629112825032765613e+03 1.118192429848482590e+02 7.088233753868220521e-01 1.122195689365620268e+02 7.142542392960005149e-01 6.906071050407549983e+00 1.924078978158636627e-02 2.594347913704335776e-02 -1.072017602862191527e-02
3.225000000000000000e+02 3.239831308749122400e+03 1.148857636020417203e+02 2.676717926339037268e-01 1.127660910972497419e+02 -8.637510271011145102e-03 1.290702460857180967e+01 4.111189242804314664e-02 1.255295879315332375e-03 6.696217983781114699e-05
3.585000000000000000e+02 2.284916507758649459e+03 7.397175784483138727e+01 -1.219629994772863713e+00 7.547227950695557297e+01 1.579213229429852205e-01 1.931900902573554291e+01 1.089768108245807304e-01 1.912600831882832822e-02 -2.001186817403131230e-02
3.945000000000000000e+02 1.833497776996769062e+03 1.071257277843211675e+01 6.507633441752209702e-01 1.299002426511757946e+01 4.778605310417949337e-01 2.094264133655900650e+01 1.116945919764995576e-01 7.645014973639055467e-02 8.610044105103464851e-04
4.305000000000000000e+02 1.816095637795376888e+03 -4.709969138667656807e+01 -1.665382564369368712e+00 -5.006278269373965628e+01 5.486143746070534233e-01 1.899837319856396078e+01 3.717649434686810112e-02 3.334217566805446065e-02 9.903016923313337494e-02
4.665000000000000000e+02 2.052944877439592346e+03 -7.254341465090298868e+01 1.247613312195229085e+00 -7.026626836631312756e+01 -5.735027927023927941e-02 1.332848605671620135e+01 3.957215114642702314e-02 1.557252918917820250e-02 5.974871194414894948e-02
5.025000000000000000e+02 2.421039574593477482e+03 -5.159141173541431158e+01 3.659122055799701734e-02 -5.496107155733450611e+01 -6.103126837628747303e-01 7.888919345901998170e+00 9.114823176694904217e-02 3.913969055691764870e-02 7.612338435034729511e-02
5.385000000000000000e+02 2.588018923651631667e+03 -1.249114849455788878e+01 1.114855345335057368e+00 -1.088923731886798407e+01 3.966431869394848042e-01 7.546250120799676608e+00 4.726951806685310287e-02 2.360735744346794188e-02 6.643067528051513349e-02
5.745000000000000000e+02 2.463455728913441817e+03 1.976591811444464852e+01 -2.953690008388489385e+00 1.949738216209561159e+01 5.885492412679810270e-02 1.277967374534598122e+01 8.973893303407874666e-02 3.437332125139298811e-02 6.350921262099520903e-02
6.105000000000000000e+02 2.139487951126121516e+03 2.850016034109417618e+01 -1.258828301216485368e+00 2.613640549967612614e+01 -4.533368546975874436e-01 2.322313447057037905e+01 -6.177126322808330211e-02 1.904282653505195433e-01 1.191045618166668985e-01
6.465000000000000000e+02 1.902012300503909046e+03 -1.299842714465086146e+01 -1.668215319788323381e+00 -8.979399964725569561e+00 4.691324939601065891e-01 3.312476748808477822e+01 -1.008750124603547405e-01 8.347902581218269447e-02 1.168575761951228392e-01
6.825000000000000000e+02 1.793151934525805018e+03 -6.846227429792065777e+01 1.866927284595852665e+00 -6.882544767585818590e+01 6.913488726092119618e-01 3.728399334783495789e+01 -8.138082591508129238e-02 -3.605908208628756662e-02 6.036300469069851016e-02
7.185000000000000000e+02 1.963000186399747690e+03 -1.148568447899626079e+02 9.954453067309838588e-01 -1.175636727393674050e+02 6.302825108279285216e-01 3.470226812665823957e+01 -1.435908060359891159e-01 -4.353686108916225705e-02 1.096748730242780995e-01
7.545000000000000000e+02 2.270208073532627623e+03 -1.289805080383879954e+02 9.732116680702502798e-01 -1.307505299984956650e+02 -1.873665132638851483e-01 2.672675833453300598e+01 -3.144560045723047703e-01 8.262421066374259215e-02 6.482098370568538381e-02
7.905000000000000000e+02 2.550379463832620331e+03 -1.033443535707891101e+02 -2.015732549553911124e+00 -1.018469797588509635e+02 -2.122852877481416767e-01 1.753779702870903279e+01 1.709846913294496284e-01 4.932289843207030705e-02 1.822398065706676284e-01
8.265000000000000000e+02 2.517535911731526539e+03 -3.922783619879646722e+01 2.187546317533851092e-01 -4.225099826181857310e+01 1.581693116690993661e-02 1.266558768041069882e+01 -8.415024594387969514e-02 9.888396071969969559e-02 3.616199313638468471e-02
8.625000000000000000e+02 2.309693160935356900e+03 1.664090784947477175e+01 -9.822928048450794147e-01 1.632397162732121387e+01 -1.723356575006970981e-01 1.506518065041443677e+01 1.718866805628499472e-01 -1.245323763768349523e-01 1.098262504498615788e-01
8.985000000000000000e+02 1.917649391326127216e+03 5.522189680651512589e+01 -6.146155786957607781e-02 5.443113756936813274e+01 6.605057636717448499e-01 2.315370982749461604e+01 5.966597879343994715e-02 4.652823459013382540e-02 -1.545515627258547409e-01
9.345000000000000000e+02 1.510316147294810889e+03 4.950827267005801957e+01 3.804778954850121520e-01 4.923183654793487563e+01 2.140464752792416159e-02 3.359009722435119727e+01 -5.481767397436729250e-02 -1.573521541662304402e-01 1.608913016705051102e-01
9.705000000000000000e+02 1.225017660667941527e+03 1.368126743299839276e+01 -1.180858008641920920e+00 1.703732442771611488e+01 -1.084738787965225937e+00 4.201513343487636121e+01 -6.306704411579333591e-02 -3.284965397277901655e-02 5.553570734002354070e-02
1.006500000000000000e+03 1.059263725429953183e+03 -3.073754799349616107e+01 -8.385159154840621243e-02 -3.408540470915963283e+01 2.863299338624645807e-01 4.102056717458545876e+01 1.640151384039920113e-01 8.640237530087357953e-02 1.852986848694008482e-01
1.042500000000000000e+03 1.080233521402717997e+03 -6.793502706243840805e+01 1.335138860734027821e-01 -6.658160076684606565e+01 -2.126050982310538906e-01 3.540826371622746649e+01 -2.681010131693237764e-01 3.454091407842567463e-02 3.413809390939339522e-02
1.078500000000000000e+03 1.181423155922950173e+03 -7.676796781170139639e+01 3.635847420907193372e-01 -7.607614991838394758e+01 5.229144174741391371e-01 2.522766577522417109e+01 -6.738669510824529807e-02 5.298955173707967092e-02 8.038106737615345609e-02
1.114500000000000000e+03 1.258154214145895821e+03 -6.142295373192582986e+01 -1.438172806047011698e-01 -6.092575960508878552e+01 -1.936435773195891163e-01 1.733301675256331009e+01 -5.077837267319732645e-02 -3.548568840023111348e-02 1.263341407419103779e-01
1.150500000000000000e+03 1.246773777383925790e+03 -3.003540770493226830e+01 4.281626854043499297e-01 -3.039269268782357614e+01 8.962439741677202809e-02 1.287976194676880581e+01 2.920441666797134878e-02 -1.314208887629447764e-01 1.176329583394055273e-01
1.186500000000000000e+03 1.118217447396992156e+03 -3.385994968900707391e-01 -1.251216386185866947e+00 -2.184003155032212540e+00 -1.454179450500126536e-01 1.556047099226667996e+01 -4.360185874639289638e-01 2.704702822777318300e-02 2.803350833304950052e-01
1.222500000000000000e+03 9.498005943317346009e+02 5.919239330783650388e+00 -4.388784309056843469e-01 5.334934488633377825e+00 1.009627747995381908e-01 2.111681466739385371e+01 1.139873424051194711e-01 1.954505375052011107e-02 -6.717788500622903086e-03
1.258500000000000000e+03 8.208433920876038883e+02 -3.585468061724527367e+00 1.654666338755539146e+00 -3.196503320456882236e+00 1.164433000707897348e-01 2.724372570091855295e+01 -4.720158261281262035e-01 -1.405806124397031009e-01 7.855767086679130151e-02
1.294500000000000000e+03 7.531197757020321433e+02 -3.057862159761284460e+01 5.602438708896909092e-02 -2.951787595668846365e+01 1.756063580479600983e-01 3.045154066378819380e+01 7.301540427617801698e-02 -9.867473225110953705e-02 6.469492214863445390e-02
1.330500000000000000e+03 7.357531076808509169e+02 -5.013828617014226552e+01 2.510088795930380257e-01 -4.963231586976075960e+01 -7.403868129081545013e-02 2.895614064298361967e+01 -3.405918497265574274e-01 -9.140007815138961877e-03 -2.980779264784597440e-02
1.366500000000000000e+03 7.967205776894611517e+02 -6.150002089315547948e+01 1.092157688928918402e+00 -6.069232856786867103e+01 -1.778032297937024442e-01 2.355712822745349655e+01 -2.563127694216346675e-02 -1.350276041121625248e-01 7.834506511221549230e-02
1.402500000000000000e+03 8.222447720194426211e+02 -5.405944343795405871e+01 1.744132058930445872e+00 -5.327661503283260913e+01 8.922062471887820534e-02 1.738384300909996583e+01 -3.831219499354546199e-01 -3.265871689977887377e-03 1.126445508503003401e-01
1.438500000000000000e+03 8.278317456093034252e+02 -3.254120931688221674e+01 -7.086472359165272294e-01 -3.422064093922891459e+01 -7.621789295533731856e-02 1.223607936665043283e+01 -1.214647053702416074e-01 -1.243927922336113406e-01 1.467412556990458361e-01
1.474500000000000000e+03 7.702722562623165459e+02 -1.353077818501603247e+01 1.093908549699745270e-01 -1.348940960053510452e+01 -5.005368024122319737e-01 1.142533099549235232e+01 1.352459033395307098e-01 -5.589804329556736368e-02 7.788365246839124012e-04
1.510500000000000000e+03 6.717498707019113908e+02 2.787702822790148360e+00 1.377620420138266355e-01 2.814784159380927520e+00 -1.206674774832535990e-01 1.382473285023988652e+01 2.524696161641338046e-02 -7.311459928048200108e-02 -7.187198775220900171e-02
1.546500000000000000e+03 5.599139594472037516e+02 5.800794764226214539e+00 -2.796713825302885037e-01 6.142092735642963319e+00 -4.352025325313517712e-01 1.727782045958187140e+01 1.400842452295263107e-01 2.984839073307125543e-03 -2.784796924427279108e-01
1.582500000000000000e+03 4.704638080330531693e+02 -7.492974704130626051e-01 -1.756954448294095195e-01 -1.966724685830857355e+00 1.208433039790449692e+00 2.005476076197844293e+01 -5.993849505663517707e-02 -9.733788441149160420e-02 1.240826689826842466e-01
1.618500000000000000e+03 4.174461180747999265e+02 -1.472303155788660511e+01 1.647696162675647003e-01 -1.447985945692939680e+01 2.254926886129873242e-01 2.066611627312820332e+01 5.236056986135588509e-02 2.381766948428936936e-01 9.182051673062666119e-02
1.654500000000000000e+03 4.025459394080652373e+02 -2.460370787471345722e+01 -7.560392335986695356e-01 -2.524767279817400123e+01 -2.516217076364341554e-01 1.851518335209338773e+01 -1.999393484749193220e-02 1.042189963449609291e-01 3.501247346626852330e-01
1.690500000000000000e+03 4.135801268910045110e+02 -3.087629802231428044e+01 -2.063881239467527107e-01 -2.896499300967987622e+01 -1.015751323857248867e+00 1.482829860534929090e+01 3.464639885690024013e-02 1.875054175999760764e-01 2.679387850623961009e-01
1.726500000000000000e+03 4.097780129275467971e+02 -2.638718142948260947e+01 -5.873705190038256418e-01 -2.759477432870254177e+01 -4.096201165406828104e-01 1.084037110262092440e+01 3.550860499982774754e-01 1.800322376591501627e-01 8.191011229054577514e-02
1.762500000000000000e+03 4.101504642842758130e+02 -1.837037614375901740e+01 -1.038585000518673862e+00 -1.934175588819608294e+01 -2.422422108925975648e-01 8.861277583438681660e+00 2.585386508363841651e-01 3.453577371180667488e-02 -2.917409476414792868e-01
1.798500000000000000e+03 3.753144581260206678e+02 -9.953479019493041591e+00 -1.257011763839067098e-01 -9.476902494337945626e+00 6.668855397096202786e-01 7.354591845311352571e+00 3.514125490020215681e-01 -1.676560963233822976e-01 5.328765184873901495e-02
1.834500000000000000e+03 3.350010810412593969e+02 -5.270885987856975596e+00 -6.631447249002335731e-01 -4.770481923683158598e+00 -4.711128149881506078e-01 9.326226131045373791e+00 -1.328926860209101168e-01 -1.268440607094888373e-01 -1.091424527486586776e-01
1.870500000000000000e+03 2.982419038901588806e+02 -5.072787172598916428e+00 -3.794334979416307263e-01 -5.108432447701906298e+00 3.918400574468867970e-02 1.009297937372942755e+01 1.658143739424686736e-01 1.664835993338896758e-01 1.722960116363621841e-01
1.906500000000000000e+03 2.709682539916732367e+02 -1.023307677374868874e+01 -9.469912722455552379e-01 -9.802832330368424607e+00 -6.373795144097291754e-01 1.143110509291717136e+01 3.352023013754937830e-01 -3.811497487465920209e-02 -3.532172471679322079e-02
1.942500000000000000e+03 2.566194188659499105e+02 -1.431931475682051058e+01 -5.088606723081752214e-01 -1.406979181443018412e+01 2.819277857790956632e-01 1.075675598309966929e+01 3.350795547285507214e-01 2.514287279070022141e-01 -4.658479782032808048e-02
1.978500000000000000e+03 2.528830245488680930e+02 -1.851713880024855641e+01 -1.176493088550595978e+00 -1.728539213576272715e+01 2.412029423395191663e-01 9.919651426618038670e+00 5.845319064193342518e-02 2.133607831976569447e-02 2.377617642601670134e-01
2.014500000000000000e+03 2.527970220892870827e+02 -1.759883215313446669e+01 -4.858972716419435178e-01 -1.747100773981256694e+01 6.114406244256176404e-01 7.727872695221267740e+00 1.268553628289899871e-01 -6.366564521773394880e-02 -2.280804866107586648e-01
2.050500000000000000e+03 2.538178189347499938e+02 -1.435796598058719553e+01 -6.397807856740744814e-01 -1.462911689929899239e+01 -4.370028796181546493e-02 6.238169080688171775e+00 -1.074293119877454961e-01 -1.564891564060061357e-03 1.032222543729942148e-02
2.086500000000000000e+03 2.371737987468373206e+02 -1.009548587016341337e+01 -3.751924559067243425e-01 -1.018683479090589472e+01 5.348012337007675976e-01 5.139635357374723768e+00 -3.236475599623137023e-01 1.464081460180321481e-01 6.881640648774331459e-02
2.122500000000000000e+03 2.220511476420846861e+02 -5.206356141522565650e+00 -2.721338453421312531e-01 -4.521832119615496026e+00 -8.047988069621074825e-01 4.902321969327864792e+00 -7.101202484525231950e-02 -1.108897574215502307e-01 1.038374476616998748e-01
2.158500000000000000e+03 1.943087404137464773e+02 -2.430587057067732815e+00 2.996473453933363729e-01 -3.426898777866914436e+00 3.949518076172010561e-01 5.646594624629122094e+00 3.950268945623259809e-01 -6.158504225121537445e-02 2.646755624218893321e-01
2.207000000000000000e+03 1.669503288187262910e+02 -4.280379771713152870e+00 2.329071013141659485e-01 -3.783137858215389393e+00 -4.961933175433927770e-03 5.833899398750903131e+00 -3.250632699413825155e-01 -1.867610671660430433e-01 7.039349615042969632e-02
2.268000000000000000e+03 1.474126110625867057e+02 -6.275039128939498667e+00 -4.727897706092548669e-02 -6.905089866380800245e+00 -1.753668306135017507e-01 6.041373605782701439e+00 -5.595119601998575776e-02 1.925727787765428300e-01 6.181727956873939861e-02
2.329000000000000000e+03 1.418613057515699722e+02 -7.929657746588548939e+00 4.657820057467173536e-01 -7.963469731955465036e+00 -2.731736927937734039e-01 4.455681437052652072e+00 -4.170867723895341772e-01 1.515018072172536479e-01 5.265773431423605155e-02
2.390000000000000000e+03 1.345678271028749009e+02 -5.969779395456681570e+00 -4.249042047174494963e-01 -4.785591799848111449e+00 -5.178529310095855154e-01 3.124568836904892954e+00 2.371714322684381204e-01 -8.303078237152700103e-02 7.966305979197424447e-02
2.451000000000000000e+03 1.218639049796028075e+02 -3.757648675497887947e+00 1.038085854074867420e+00 -3.409889481088915542e+00 -2.495039749313493482e-01 2.873074353156896965e+00 -1.896102462367093566e-01 5.974004989402476040e-02 1.953343139325215694e-01
2.512000000000000000e+03 1.083842911254409387e+02 -3.867067680007644448e+00 1.010407389513133525e-01 -3.568629892942895232e+00 4.339313387191782723e-01 3.095715465074889483e+00 -7.570959649847809614e-02 -2.508650757655196961e-01 -1.486350224980586832e-01
2.573000000000000000e+03 1.000359072189644110e+02 -4.131927927857615757e+00 -4.654145918118122727e-01 -4.107440957704039164e+00 2.600987857175789952e-01 2.832113183943818946e+00 -1.379855544936560152e-01 -6.521007426544183083e-01 6.802259281984932016e-02
2.634000000000000000e+03 9.694534562485745255e+01 -4.213129136728960944e+00 2.074339399913444071e-01 -4.112659127949809701e+00 2.037132598367712433e-01 2.545983227172627039e+00 7.536591518316337890e-02 -1.038509811604173133e-01 1.513340859680657458e-01
2.695000000000000000e+03 9.278854010107789918e+01 -3.145691166185210275e+00 2.641148128417936114e-01 -3.463683497540926304e+00 -3.956790821476063869e-01 1.980327591116202601e+00 -6.459198781162131531e-02 3.121069811165849694e-02 -1.792080530042737541e-01
2.756000000000000000e+03 8.522823473192360666e+01 -1.955181036029431718e+00 5.018221102576108095e-01 -1.463800809307032047e+00 3.656650160594020482e-01 1.778517225966560034e+00 4.444855700965003042e-01 -1.404804627075837142e-01 8.539108169070763754e-02
2.817000000000000000e+03 7.949678203954138667e+01 -1.469916267244141261e+00 -5.158848504863422502e-01 -1.406266297896559436e+00 -3.437242050666052817e-01 1.601455271113426448e+00 1.171375372315447833e-01 -1.700081451671517363e-02 2.021757398138931960e-01
2.878000000000000000e+03 7.308342980727162796e+01 -2.027377168029634191e+00 -1.021188822876218510e-01 -1.276819253071261873e+00 -4.014433646968784131e-01 1.147538107810476493e+00 4.849203654309765521e-01 -2.836415141757722136e-01 -4.511342970243343298e-01
2.939000000000000000e+03 7.012782219875211354e+01 -1.855129489339270243e+00 5.269529034375423082e-01 -2.287935983317372468e+00 3.184381376545981079e-01 7.994991159550901560e-01 1.518830197002705162e-01 -4.215216727843396072e-01 3.435753809403150338e-01
3.000000000000000000e+03 6.862821391641983837e+01 -1.723744989855204635e+00 1.460697933029589946e-01 -1.375608690669838374e+00 1.083392765012710646e-01 4.928287823470178242e-01 -1.404658212983698751e-01 -3.937730206898848451e-01 1.247706366006172130e-01
3.061000000000000000e+03 6.886108600091895937e+01 -1.844475118167072880e+00 4.347219683779752764e-01 -1.389263993585911461e+00 1.624883386294674603e-02 4.993069897271475988e-01 -3.772246965675306596e-01 4.004127837342748575e-01 -7.612353237938428163e-02
3.122000000000000000e+03 6.557794026080527772e+01 -1.478085543321321804e+00 6.392259051383081259e-02 -1.304320432574119115e+00 -6.701624195253279570e-01 5.654091008210584413e-01 3.771896704426987990e-01 2.884946251727346089e-01 -1.134075906602807077e-01
3.183000000000000000e+03 6.420663504170421731e+01 -8.224493206823788594e-01 -5.753747260571128175e-01 -1.303103646505288538e+00 -2.427780882168813492e-01 5.664240856889561915e-01 -1.833034414157175274e-02 -5.029267893184979910e-01 3.717823632482314400e-01
3.244000000000000000e+03 6.410532995575209725e+01 -1.307385195721538107e+00 2.426567293846145501e-01 -8.458600713670154647e-01 -2.166768247506262457e-01 5.905397872944376791e-01 3.253349635892116010e-01 -8.637424775056451454e-02 3.736186215700683655e-01
3.305000000000000000e+03 6.358844781878091368e+01 -8.706916540543216954e-01 4.003462233715985308e-01 -1.559155508535942314e+00 -4.987001932003459204e-01 8.027955994576081722e-02 -3.884554184897583973e-01 -4.613190063498148197e-01 -9.598299470378397757e-02
3.366000000000000000e+03 6.261493641521141740e+01 -7.924939201258495158e-01 -1.985548677413986329e-01 -4.894418868078067031e-01 -7.310546694007677981e-01 2.009135673346961193e-01 -4.532356460209830545e-02 2.137800100774670808e-01 -4.474916648232723504e-01
3.447000000000000000e+03 6.245983089828143875e+01 -6.135704337185700075e-01 6.279440868555777877e-01 -1.760526675062106250e-01 -1.733610623423792463e-01 -1.537435873699279920e-01 -2.096934898453484131e-02 4.410478231961582063e-01 -6.980273265755693179e-01
3.548000000000000000e+03 6.231252988014654193e+01 -2.711747898703958937e-01 3.505483444979857754e-01 -1.144560919140171773e-01 -4.089817819116889908e-01 1.212228959077932267e-01 -8.522379304544645817e-02 -1.885350167590316706e-01 3.110026161532941646e-03
3.649000000000000000e+03 6.298693033367185024e+01 -7.008009296796804399e-01 1.471678963694689202e-01 -1.973860087428885302e-01 2.334777563892054542e-01 7.169286445618681114e-01 -7.281556449491793925e-02 2.086763276539508882e-01 -2.771854266830444669e-01
3.750000000000000000e+03 6.409645248133377038e+01 -4.507877261184149997e-01 9.096461279130806099e-02 -4.796817130459418155e-01 -4.732093359924384179e-01 -3.032472781746606283e-02 -4.215446751441915274e-01 -9.679817386582009742e-03 2.719325352156808928e-01
3.851000000000000000e+03 6.603257176310737009e+01 -1.972667607315456983e-01 -6.234384837198523460e-02 -4.607743861724972190e-01 7.702586597341563868e-02 -9.887966956791063855e-02 6.497873159390143982e-01 3.717884381461183940e-01 -2.369477667789878506e-01
3.952000000000000000e+03 6.801009507600738857e+01 -3.245372485994460487e-02 1.015424963996488239e-01 -4.583129184325143157e-01 -4.602284284232938116e-01 3.011840898252998722e-01 2.469413499093826569e-01 2.539168457899531051e-01 -1.818661433435855568e-01
4.053000000000000000e+03 7.041626867760575692e+01 2.679124119215407496e-01 -2.690052047805026603e-01 -3.756491607756430318e-01 -6.713575146419203943e-02 -8.067443429304057556e-01 1.622594962986973754e-01 4.474258098258504512e-02 -4.415855707998978530e-01
4.154000000000000000e+03 7.159820255283224810e+01 -5.229387688753580621e-01 1.313107343670154026e-01 -7.894791207394666332e-02 -5.924987716520926928e-02 -5.634458963367521001e-02 -2.038429112007420774e-01 -1.935884615989346969e-01 5.938188925374685567e-01
4.255000000000000000e+03 7.400321782550224725e+01 -1.168101711469060611e-02 -2.284461931442369753e-01 -2.926702230987782705e-01 8.117629540367085617e-02 1.442389848107201167e-01 -1.255902834918442568e-01 5.205521984732748297e-01 -5.055316958738157451e-01
4.356000000000000000e+03 7.647562304962386293e+01 -3.144255297632692625e-01 -1.244088404808679077e-01 6.102452805582257028e-02 5.034241586006235059e-01 -8.281603827875985702e-02 5.671377800451343765e-01 -7.222342642564119619e-02 -5.076388810486370806e-02
4.457000000000000000e+03 7.980506962070356280e+01 -2.402695767560794060e-01 3.765491681082646647e-01 -1.502962730466826657e-02 5.137735084600317803e-01 -2.973553300783392528e-01 -2.302993854717482192e-01 -1.106801022145765589e+00 5.861142072167999650e-01
4.558000000000000000e+03 8.169581123003518996e+01 -3.690464467212442590e-01 6.609269126613317447e-01 -7.907300799921628265e-01 -1.622284091282645724e+00 -5.251814547621023177e-01 1.142847077230373376e-01 -1.658272483817488929e-01 -4.746572750572844446e-01
4.659000000000000000e+03 8.318109491574762160e+01 3.981875861443723297e-01 -4.269977106984321757e-01 2.593117221545362949e-01 1.032594740497662755e+00 -5.083672485991000967e-01 3.498059581126308215e-01 8.391437197581530505e-02 8.357290772580635574e-01
4.760000000000000000e+03 8.735089655370583728e+01 1.762027047675165659e-01 2.609466447926277466e-01 -1.259109645585253234e-01 -8.616159356277737214e-01 -2.268136996209024203e-01 8.749683971739785626e-02 3.274923761193164196e-01 4.215956307744309073e-01
4.861000000000000000e+03 8.983073292897209683e+01 -2.782267915929970137e-01 -6.956805367398233297e-01 7.872355780473095921e-01 6.634196788582635840e-01 5.228685484565963604e-01 -1.453785299965818789e-01 4.230553547049710206e-01 1.242938026803314111e-01
4.962000000000000000e+03 9.314366786390016273e+01 -1.520262812790846851e+00 5.529663531542318156e-01 -8.247803413640786285e-01 1.313744595426022399e-01 -1.978424494938442746e-01 7.501190007282299010e-02 9.159280680103587535e-01 6.760850368619821804e-01
5.063000000000000000e+03 9.497238559197651853e+01 5.397102663478984264e-01 9.995147326191722303e-02 6.437017560916319381e-01 -9.591532936605340343e-02 4.486621549846531165e-02 -7.586581815768099757e-01 3.412865875797430615e-01 5.596444843344868803e-01
5.164000000000000000e+03 9.902646353267260793e+01 -1.567332141052568240e+00 -3.145837993077935657e-01 -5.137745875855135314e-01 -2.776900220810603059e-01 7.154780549753355645e-01 6.325055609986480754e-01 1.011143525233774154e-01 3.897989601688707784e-01
5.265000000000000000e+03 1.014240805453998746e+02 3.068868902083413674e-01 1.881614667281720221e-01 1.258273840532657950e-01 -5.351136924074380019e-01 1.035494440668971228e+00 -1.405834352941812249e+00 7.363793721892968325e-01 -1.811476150201184743e-01
5.366000000000000000e+03 1.045952937858494920e+02 -6.281106282454795853e-01 2.527764956634844240e-01 5.300616815709291441e-01 4.411700375684637354e-01 2.575258550715277650e+00 1.487880273703624745e+00 -5.516325845248490900e-01 5.394846457391612171e-01
5.467000000000000000e+03 1.079050912791791035e+02 9.407910578083943376e-01 3.332785644014023552e-01 7.325797401059920277e-01 -5.319169158285941279e-01 2.704174065846443042e-02 2.647901928611223754e-01 -5.812558717794680252e-01 -2.249961449934281266e+00
5.568000000000000000e+03 1.121867800800909265e+02 7.497327344614923561e-01 -1.150983610962035941e+00 -7.402027913562191364e-01 -8.680813249084047278e-01 1.899244372279564441e+00 -9.719207000110782757e-02 -6.610589376575961573e-01 8.404172358898656103e-01
5.669000000000000000e+03 1.149226043413528089e+02 -1.281065228207104667e+00 -1.835872239080458268e-01 -3.951889423924815903e-01 -1.067020858820851847e+00 -8.105769603936193723e-01 -8.097101774211912240e-01 -6.384187577354037968e-01 4.584796378253129800e-01
5.770000000000000000e+03 1.186473841168360224e+02 -9.461732525445776254e-01 -2.097136985724783187e-01 4.948115035243206838e-01 -4.944297481083129164e-01 8.462834789455716544e-01 -1.772659507989214678e+00 1.317604548510849849e+00 1.141781751863510275e+00
5.871000000000000000e+03 1.241108982549016986e+02 -7.458707201678730359e-01 7.838319883526656540e-01 1.074668667104752284e-01 5.279338526873502691e-01 3.346303493716877298e-01 9.688801628041397995e-01 -4.805835835449818183e-01 6.253703601351516816e-01
