# l Dl_TT Dl_TE Dl_TB Dl_ET Dl_BT Dl_EE Dl_EB Dl_BE Dl_BB
7.050000000000000000e+01 1.799201490593200106e+03 -8.034636808029661736e+00 -1.454088634873463182e+00 -6.634776709750998869e+00 -1.973986734987909220e+00 3.794424305058672342e-01 1.920691657253208173e-02 -7.725656111307519641e-03 -1.475824953711264709e-02
1.065000000000000000e+02 2.897101360748236402e+03 -2.908253556001915641e+01 -1.145154864568058928e+00 -2.592951144571833311e+01 3.992985646919074982e-01 8.280658413958790209e-01 2.510109684325449730e-02 3.481645618875932324e-02 1.328336214053290124e-02
1.425000000000000000e+02 4.202117444584414443e+03 -4.405160830872740974e+01 2.700589632875865842e+00 -4.277746000605949916e+01 -1.809640215159875054e-01 1.098679939466594480e+00 3.753243541106316729e-03 -2.382533265111298412e-03 -5.219911681405705467e-02
1.785000000000000000e+02 5.069250269378979283e+03 -3.632186937959944828e+01 2.730092796929935783e+00 -3.477236534846935712e+01 2.959967477985899542e+00 9.015979697325327002e-01 -2.259113397965995321e-02 2.113797106487535962e-03 3.879258651110038120e-02
2.145000000000000000e+02 5.585322444321761395e+03 5.994380567929328052e+00 -2.937807149714565913e+00 5.285904781405232455e+00 8.842647496834815657e-01 7.927238312541711185e-01 -2.524198421859799590e-02 3.414411884178914641e-02 -1.138713619021958917e-02
2.505000000000000000e+02 5.406119441095290313e+03 6.264673901087370211e+01 1.207930591052837066e-01 6.255179704507145999e+01 -1.074398267747577185e-01 2.471961675894561949e+00 3.940148836574784708e-02 3.622605564430400084e-03 2.688327044863603188e-02
2.865000000000000000e+02 4.652719525385603447e+03 1.139075899138644132e+02 1.883277397463228642e+00 1.133801938321075937e+02 -1.447078016732346040e-01 7.043970928616396066e+00 1.283062007562699725e-01 4.408629415000311219e-02 1.170411080697400172e-02
3.225000000000000000e+02 3.293701951065132107e+03 1.187745436128784320e+02 -2.678459751915038822e+00 1.169556873496120204e+02 -1.756797118641440392e+00 1.350691752339261953e+01 1.227989225792141571e-02 -3.284719762879143024e-02 9.383992647027116635e-03
3.585000000000000000e+02 2.372603732577945266e+03 7.718684282538868047e+01 9.610138430555916766e-01 8.016397944610274351e+01 -2.166935530904304130e+00 1.882578344970328743e+01 -2.563366188050684724e-01 -7.320188659880517978e-02 6.417802333841163276e-02
3.945000000000000000e+02 1.804556672642008152e+03 8.200473233541396567e+00 -3.021316467194971045e-01 9.552100218459417036e+00 -1.754950987326676648e-01 2.147109471470784570e+01 2.554546356306632016e-02 7.356847893323005538e-03 -2.991257778630672035e-02
4.305000000000000000e+02 1.847629089261243280e+03 -4.924332481408531237e+01 -2.411682548460465370e+00 -5.005658467534813383e+01 3.620433849583672981e-01 1.926240382147699748e+01 -1.316122129084583148e-01 -1.119280034504120669e-02 4.284836253054626065e-02
4.665000000000000000e+02 2.139732160338266112e+03 -7.403680175519471618e+01 -1.807411355705142775e+00 -7.213337839313621203e+01 5.130805044113451174e-01 1.338951527841752842e+01 -6.233442255699483958e-02 -8.125882415578507267e-02 6.789881467114453062e-02
5.025000000000000000e+02 2.426214979100971959e+03 -5.388256532258697007e+01 -2.763432628015354275e-01 -5.504346425748382643e+01 1.163204815921956348e+00 8.146687057519493180e+00 -6.894171301070114999e-02 1.432277701005359345e-02 1.051085060346657607e-01
5.385000000000000000e+02 2.619711696444624522e+03 -1.225071462343198014e+01 -5.364329931806334217e-01 -1.510112462884094953e+01 1.466857962484821032e-01 7.479998302750688666e+00 -3.071557291912024173e-02 -4.298300520073849301e-02 9.947875636141226274e-02
5.745000000000000000e+02 2.447286897680211496e+03 2.536503407230125973e+01 -4.598834095959636326e-01 2.637449984244158330e+01 2.123476390872988118e-01 1.307231612490215689e+01 1.156201634135681222e-01 3.370471529515198239e-02 -3.736506675932227406e-03
6.105000000000000000e+02 2.129262835298245136e+03 2.470922234776989868e+01 6.213569563138414686e-01 2.473838339489535798e+01 5.716716750217865073e-01 2.263147604746506403e+01 -1.917329492852767325e-01 5.073356829199530960e-02 1.235292005629452794e-01
6.465000000000000000e+02 1.845866842312244216e+03 -1.272276946172804379e+01 5.089467114665333636e-01 -1.307825293718333803e+01 -6.163501469806440536e-01 3.322326699618247403e+01 -4.203517742325563189e-02 6.589490947862472470e-02 6.305653861620647005e-02
6.825000000000000000e+02 1.776446969066852034e+03 -6.641959258419709045e+01 -1.009123796961836073e+00 -6.588755843403998824e+01 7.387861630406709068e-01 3.759206564872994250e+01 2.123137988288125722e-01 -6.222290569045185044e-02 1.308687919032983649e-01
7.185000000000000000e+02 1.986814833057733267e+03 -1.146785115098509777e+02 -1.868811880471588305e+00 -1.159613740072883559e+02 9.545118036862667577e-01 3.473943439617563911e+01 1.620052046947888513e-01 -1.378597796242863605e-01 8.133424856830931415e-02
7.545000000000000000e+02 2.273697929403024318e+03 -1.322248859079946328e+02 1.997864522885933969e+00 -1.312172412774694124e+02 9.215114038477496550e-01 2.634204735510500939e+01 -9.056242408462476801e-02 -1.148505423214971066e-01 1.139045917741066116e-01
7.905000000000000000e+02 2.466946879007834468e+03 -1.004389361967888021e+02 2.280916835711962243e+00 -1.010749090160096841e+02 1.003852839532842545e+00 1.773799218235982522e+01 4.979637569329981028e-02 -5.541304506690572507e-02 3.392673557293576780e-02
8.265000000000000000e+02 2.517342772305352810e+03 -3.957226182541378989e+01 -9.247433157421660610e-01 -4.300382375172200256e+01 2.560884356366835979e-01 1.290876701128179249e+01 -2.310719178888840653e-01 1.296445653002480103e-02 7.953586964028057371e-02
8.625000000000000000e+02 2.339110652133780604e+03 1.780657089204864363e+01 1.422506234004085712e+00 1.793510420849440123e+01 9.960265554332436988e-03 1.516216095413411935e+01 1.125299461935501399e-02 -8.205711421470085476e-04 2.519245490174792587e-02
8.985000000000000000e+02 1.936093755597469681e+03 5.485230217915521678e+01 -1.146878837608873880e+00 5.672158251923774941e+01 1.005657023094299329e-01 2.324643486204414700e+01 2.855864027499029068e-02 1.043488314943860351e-01 1.462979349588904576e-01
9.345000000000000000e+02 1.479240337574776277e+03 4.865166335366317441e+01 7.395556417181731179e-01 4.897603529990409754e+01 -5.796353358320439630e-01 3.400581586653888166e+01 1.019680159092622995e-02 -9.428179950668531817e-03 1.131968292407833365e-01
9.705000000000000000e+02 1.188516906775412281e+03 1.491045085439420070e+01 -1.408341274537456167e+00 1.389132165818283227e+01 8.841160520016516644e-02 4.153626265787585936e+01 -2.476012740218207775e-01 1.274042813575203825e-01 6.802638269752228628e-02
1.006500000000000000e+03 1.048775735746660303e+03 -2.983942333708688466e+01 -6.286792885469604242e-01 -3.152290725183972597e+01 -7.177771335792721974e-01 4.096432648919778785e+01 -3.230029623846923381e-01 9.868120177283172534e-02 1.068750404115843267e-01
1.042500000000000000e+03 1.074123033544738746e+03 -6.680113940690182517e+01 4.918592321935267297e-01 -6.495339933931808218e+01 3.727048792691612933e-01 3.511274561359856250e+01 -2.269961386770564804e-01 -5.023796923094436817e-02 1.722843275118909889e-02
1.078500000000000000e+03 1.164222795408709544e+03 -7.804769913205055332e+01 1.738486848353818504e-01 -7.670744921595074572e+01 -8.882184143633925499e-03 2.584458551423604078e+01 1.923878295475748568e-01 -9.770986463928757471e-02 7.566874307527028665e-02
1.114500000000000000e+03 1.234381787890798250e+03 -6.273115841451757291e+01 4.062650368062835637e-01 -6.214579711207600354e+01 -1.738327827775206780e-01 1.727507427926610006e+01 -3.015702850125965284e-01 -2.175708879223818906e-02 -7.437852813338601335e-03
1.150500000000000000e+03 1.222092613893183625e+03 -2.949146630873892150e+01 -1.833367298056476580e+00 -2.790448684020467596e+01 -2.957662712221278967e-01 1.330949810900758123e+01 2.085441927238219917e-01 -2.513105456958295014e-02 -6.425555747972357123e-03
1.186500000000000000e+03 1.101179372777392018e+03 -3.179480648306626023e+00 -9.253847350199944088e-01 -4.015160547425547399e+00 -1.406210369791346393e-01 1.563992102469338263e+01 8.598657379297010295e-02 3.373969542745418326e-02 4.275385679828627716e-02
1.222500000000000000e+03 9.615925775245116256e+02 5.839161661777602319e+00 -4.646478587500983415e-01 6.139170786871689600e+00 1.237179562295856738e-01 2.143667835129994970e+01 -1.533325103572087122e-01 -3.923414254974745552e-02 4.131863324071882032e-02
1.258500000000000000e+03 8.113178961596318004e+02 -6.024971549381532121e+00 1.479696299631127143e+00 -6.652547425037668383e+00 1.216718595083388921e-01 2.700169443432864114e+01 7.810082321998194910e-02 3.527834597525376925e-03 5.279319731461284970e-03
1.294500000000000000e+03 7.414422316559880528e+02 -2.786481706335524677e+01 -5.308673454370230749e-01 -2.735091221750894874e+01 -5.562234471300451233e-01 3.035410031476203940e+01 1.526162972296103149e-01 6.206353369072362125e-02 7.268241149487723873e-02
1.330500000000000000e+03 7.334796353624966514e+02 -5.030947194401275624e+01 -1.858817994292668363e+00 -5.032036197017929169e+01 -2.015829979812198136e-01 2.871123103561189893e+01 2.856387252611530814e-02 -5.002263765786410521e-02 -4.613139545769404104e-03
1.366500000000000000e+03 7.779722169533756642e+02 -6.051827720503624874e+01 1.167468780892172431e-01 -6.019572650063421548e+01 -5.060206137081533218e-01 2.346562313973841896e+01 1.627316259572255397e-01 8.686733725664803896e-02 1.123381150355479419e-01
1.402500000000000000e+03 8.188889474747661552e+02 -5.521187825497155188e+01 2.885848195155832352e-01 -5.435094230754626210e+01 6.885022694760933870e-01 1.694710641891065706e+01 -1.118739276678364647e-01 -3.387714096916695505e-02 1.416304174202513699e-03
1.438500000000000000e+03 8.136290953632881155e+02 -3.522217145537467786e+01 -7.151910410968465026e-01 -3.502387917749260282e+01 -1.713096042959889043e-01 1.242682529922830348e+01 4.713320556804691253e-02 -6.222023737020919432e-02 -4.108984543985563787e-02
1.474500000000000000e+03 7.577448498663718510e+02 -1.337992856275803533e+01 1.404281120627239199e+00 -1.309853801267433226e+01 3.366336256067934407e-01 1.149401754894245187e+01 2.632428698234159925e-01 -4.187183801512848330e-02 -4.782183700743714017e-02
1.510500000000000000e+03 6.588729051031914423e+02 1.808188198582362016e+00 1.342438213231430311e+00 2.571113997179181876e+00 -1.058055913806610349e+00 1.352082605351131761e+01 3.905380901950514794e-01 -8.275506572340915468e-02 1.636970610701330986e-01
1.546500000000000000e+03 5.540813108661543538e+02 5.387117856551736139e+00 -2.086610013480588721e-01 6.882486056034728961e+00 -3.783050752224024205e-01 1.719897652907504693e+01 -1.771828095977368012e-03 -1.379514976184732789e-01 -1.297461115092578277e-01
1.582500000000000000e+03 4.609140693554314794e+02 -2.206552650156489381e+00 5.467004258551876328e-01 -1.571931793541998523e+00 8.764480455138099479e-01 2.010029219103585874e+01 3.607068651621754274e-01 1.728352590343026907e-01 3.503181031100009724e-02
1.618500000000000000e+03 4.085388863150396332e+02 -1.336516843765590501e+01 5.652865675206538709e-01 -1.460187419599246184e+01 -1.748735635868118865e-01 2.100890896699836219e+01 -2.241960889972720583e-01 -1.658333730953658047e-01 1.663857059311749376e-01
1.654500000000000000e+03 4.029201505846444888e+02 -2.516736417343915022e+01 3.028184083776056523e-01 -2.525350629700361083e+01 -4.958770030434749287e-01 1.851432333124986229e+01 9.508200423975862736e-02 1.922860575978263542e-03 4.206931683410689016e-02
1.690500000000000000e+03 4.021672648651731947e+02 -2.890521853944057540e+01 9.373638844801132075e-01 -2.850999311507538536e+01 1.952930229327050904e-01 1.486146250935730251e+01 -1.401479131346248241e-01 -2.888410456827302797e-01 -1.617401917621249380e-02
1.726500000000000000e+03 4.071037181334502293e+02 -2.772069423121700282e+01 2.605475943567894803e-01 -2.639951468836452975e+01 4.274505623299530988e-01 1.091724395526253666e+01 -2.026633469122268993e-01 8.752591791798765286e-02 1.847016055578387939e-01
1.762500000000000000e+03 3.970702357261829434e+02 -1.860474692156989818e+01 6.678997058836779743e-01 -1.760443413950125091e+01 7.563157274912646333e-01 8.554695405709985323e+00 2.457811922285196848e-02 -2.323674024385454645e-02 -1.300144868197705139e-01
1.798500000000000000e+03 3.663057395012444317e+02 -1.058036907277412908e+01 -3.997685198081206148e-01 -1.001776651661575457e+01 1.476939434323715772e-01 7.998560874027371703e+00 -1.247611011539523640e-01 -3.950141055545306479e-01 6.094370123741907341e-02
1.834500000000000000e+03 3.248809630818849428e+02 -6.425001086055720734e+00 -3.275020966458642158e-01 -4.515265224285959889e+00 2.698326241815738880e-01 8.673129414295619455e+00 4.044426093818767609e-02 -3.156034311108512624e-01 7.075122113994308792e-02
1.870500000000000000e+03 2.858159484020957279e+02 -4.556440881409750787e+00 -5.797298759566675841e-01 -4.944358163349761526e+00 1.968820634535016767e-01 9.954063870741928000e+00 3.024691412476760988e-01 8.331074532986569581e-02 3.402233441776637557e-01
1.906500000000000000e+03 2.601665992973222501e+02 -1.061412224004379823e+01 1.813416608764365501e-01 -9.136060114405086807e+00 3.418960468256924123e-01 1.082993144999955604e+01 -7.770233271489555837e-02 -1.443412553942932663e-02 -1.813083524188685569e-02
1.942500000000000000e+03 2.435623521445430697e+02 -1.463962700616437473e+01 3.055101669432794820e-01 -1.488994684530835144e+01 3.564761619827888639e-01 1.060010801267776870e+01 1.490611816867674078e-01 8.519017827719867209e-02 6.495363030759740419e-02
1.978500000000000000e+03 2.415445124770182588e+02 -1.801306162084125972e+01 -1.359284102587841603e-01 -1.779318100832324490e+01 1.149242309947496876e-01 9.747752637312927959e+00 7.920591753771820398e-02 -2.739371174387380745e-02 -1.939836065115053687e-01
2.014500000000000000e+03 2.416651026157027786e+02 -1.711802766469619286e+01 -7.094957892852160608e-01 -1.786178387773767540e+01 2.636790307728217320e-01 7.950552178913217638e+00 -3.612226994615831965e-01 1.662033554818602155e-01 1.437407186998619357e-01
2.050500000000000000e+03 2.375742660036128768e+02 -1.402685555108656246e+01 -6.881039264393935539e-01 -1.402032140865437171e+01 3.568539613926909326e-01 6.381703580101445006e+00 2.750791982010003522e-01 -2.080875992738617231e-01 -6.790491447724004981e-02
2.086500000000000000e+03 2.243525237018036762e+02 -9.426514376840630760e+00 2.455378373431678918e-01 -9.478433320873479673e+00 6.741783429975045649e-01 5.008963608623057340e+00 -4.365407352664332219e-01 -9.636117106606070792e-02 -1.992194769581886460e-01
2.122500000000000000e+03 2.036065915746078758e+02 -4.932071741463804671e+00 4.319724409656587327e-01 -5.100564142251993616e+00 2.559203113495356341e-01 4.717888561543219339e+00 2.736478697169375529e-01 -1.386853055360687259e-01 1.328673824220805155e-01
2.158500000000000000e+03 1.812549790768657374e+02 -3.078613455413165223e+00 -9.390533536008849325e-02 -3.041019161606322907e+00 -2.082341757257815118e-01 5.841843966429263624e+00 1.204154851205108401e-01 8.822350127745109960e-02 2.016420562260451965e-01
2.207000000000000000e+03 1.513358212638734699e+02 -3.724061205242183981e+00 2.372715476502876009e-01 -4.104810665519564417e+00 -4.246251925728808385e-02 5.887590039746939397e+00 -2.915225509309277152e-02 3.993364094426496425e-02 1.555787349581616574e-01
2.268000000000000000e+03 1.317237192409722297e+02 -6.920527842024017495e+00 2.908114496877746147e-01 -7.356779597569339302e+00 -4.487338084944932914e-01 6.010550254854742036e+00 -2.185343483261670827e-01 5.258143925513369954e-02 2.115709494714019534e-01
2.329000000000000000e+03 1.265691394936806233e+02 -7.545888251430943328e+00 -1.817625645731792972e-01 -8.934157733108492039e+00 2.258497827920934176e-01 4.031111265524815579e+00 -2.621994545688473011e-01 2.174971744513652661e-02 1.515970618662014768e-01
2.390000000000000000e+03 1.183796045210518315e+02 -5.903718783606858977e+00 -7.604150886199519122e-02 -6.063585860389109072e+00 2.705003333492558490e-02 3.241782570267892183e+00 3.297795390018258832e-01 6.134725427276575827e-02 1.788854583186003100e-01
2.451000000000000000e+03 1.038939858935359268e+02 -3.988980748666381970e+00 -4.236646904814881376e-01 -3.527854989457625212e+00 3.196844561719415778e-01 2.901687622999883143e+00 -2.198190209463627975e-01 2.268376923122226163e-01 1.364017023698364528e-01
2.512000000000000000e+03 9.083446496971248507e+01 -2.878266939183606432e+00 -3.151223049884796512e-01 -2.833238536756848003e+00 -1.028212907082003136e-02 2.736261871450103023e+00 -1.332042191005537446e-01 -4.156041800096493821e-01 -6.572354618118655956e-02
2.573000000000000000e+03 8.154129952518437108e+01 -4.184472101815286393e+00 4.777435467868795804e-03 -3.910762097675883453e+00 -3.430808345985558172e-01 2.736532930483368098e+00 3.015504119331927635e-01 8.016923439644958738e-02 1.244289631777606708e-01
2.634000000000000000e+03 7.689268628603949196e+01 -4.272610464316619172e+00 2.522224275308038166e-01 -3.881158382159424214e+00 9.829905436102835681e-02 1.955774334507276224e+00 1.352069931976868922e-01 2.823015338376396177e-01 1.945286719874269599e-01
2.695000000000000000e+03 7.256619618022989471e+01 -3.292227004567254589e+00 2.651286097076746562e-01 -2.919170277781576672e+00 1.448367857303065054e-01 1.888489697851438054e+00 8.790345778255292952e-02 -3.402634179105223922e-01 -4.046135242651904829e-02
2.756000000000000000e+03 6.484895435297475785e+01 -1.936600972640109664e+00 -4.002954045279599748e-01 -1.555751189251611155e+00 -8.872574015797561608e-02 1.709623596087306741e+00 2.599343205724966022e-02 1.204096107708285679e-01 -4.845578571828284553e-01
2.817000000000000000e+03 5.819967158795479634e+01 -1.397096168036106256e+00 -3.358620157748486990e-01 -1.223046577709460569e+00 1.815454246705415775e-01 1.380257408747513459e+00 5.098679562469881077e-01 -1.105685554425813732e-01 -7.157450429105928491e-02
2.878000000000000000e+03 5.233344662563864347e+01 -1.241452684412180929e+00 -4.024171203054385249e-01 -1.832612183686819218e+00 2.306776720009370285e-01 1.107848169514469516e+00 7.871748522454147245e-04 -5.083347853438549002e-01 3.305160855192343372e-01
2.939000000000000000e+03 4.910382292114687175e+01 -2.189247606199225871e+00 9.244431422737711679e-02 -1.434783046571156184e+00 -4.057175526706313651e-03 1.653821292828400846e+00 -2.819219390434615780e-02 1.883361057511935832e-01 -3.317782751348136161e-01
3.000000000000000000e+03 4.661724858609970568e+01 -2.048784167152897240e+00 6.438772594416910522e-01 -1.836837456665136425e+00 1.572751084197195059e-01 1.044371077736022446e+00 -2.543575540242000166e-01 -1.732641409855703862e-01 1.007330352648819483e-01
3.061000000000000000e+03 4.436878962272574967e+01 -1.065538014629234809e+00 -1.916775797784143753e-01 -1.411911848895807342e+00 -4.102062499029119902e-01 6.908851170935526032e-01 -4.943049300288254733e-01 -3.402712601151052230e-01 1.012597014633648818e-01
3.122000000000000000e+03 4.078721133364079776e+01 -1.208511081580021518e+00 3.315894335168864671e-03 -1.360995752284132720e+00 2.077736564578286371e-02 6.842195927165304337e-01 -1.570939601130960095e-01 -1.558714086443470925e-01 1.492176154935450638e-01
3.183000000000000000e+03 3.852501016494831987e+01 -1.490155845887081609e+00 -1.426280492771422881e-01 -1.078991988162809168e+00 1.057829569025864613e-01 2.258880382599021408e-01 -2.540300816131315087e-01 1.678132616121618126e-01 -1.809682536011024134e-01
3.244000000000000000e+03 3.769278635312377190e+01 -1.274625014482515528e+00 -2.263439920950877371e-01 -7.775901126090258852e-01 -3.139299996418625782e-01 1.158453238696167453e+00 -3.766817344780657439e-01 3.355781339890259729e-01 1.110766612146533855e-01
3.305000000000000000e+03 3.673649409360217533e+01 -8.495221337240734805e-01 -2.171730655803237320e-01 -1.085733615015848308e+00 -7.805201738026003033e-01 4.850647048766377756e-01 3.222285997764466892e-01 -7.756690725824615384e-01 -1.143420965625441266e-01
3.366000000000000000e+03 3.486526218124594578e+01 -7.980907041902897125e-01 4.329098865042530497e-01 -6.451947909909888645e-01 -2.501549023631322033e-02 9.411514607344384498e-01 -3.017723644942629235e-01 -1.333716913184880559e-01 -2.419437925639725262e-01
3.447000000000000000e+03 3.438448215564276467e+01 -7.901770371156492390e-01 3.288974675093838673e-01 -2.413338720253022374e-01 3.596771716055206514e-01 4.850822930210796913e-01 2.291271672216832478e-01 1.991136709164194329e-01 2.867353581667118068e-01
3.548000000000000000e+03 3.393547766090658513e+01 -2.234323096832451505e-01 1.149578818496236471e-01 -1.367565664586826435e-01 3.625136050960778844e-01 4.946534784484043490e-01 -2.478557493165867431e-01 5.828954091664240167e-01 -4.179672061038196551e-01
3.649000000000000000e+03 3.289149746339566605e+01 -5.289710027260663416e-01 3.743167632255305355e-01 -8.046950200750698778e-01 -1.338283634160516156e-01 5.035762808017560932e-01 2.036170974817897994e-01 -2.040416093637183736e-01 -1.302343259702623823e-01
3.750000000000000000e+03 3.331072964289364791e+01 -4.314615405380350377e-01 1.757056736003061170e-02 -4.541986330003621175e-01 -1.203674102513552779e-01 -1.431972038382290924e-01 -1.715335411781597763e-01 -6.769674901946520773e-02 -6.087532371496880979e-01
3.851000000000000000e+03 3.284111081375039021e+01 -1.218502405166832919e-01 -6.133273938232833289e-02 1.795056662506006318e-01 -5.803398174318876723e-01 3.308162996600350070e-01 5.800951224713096765e-02 3.353546947163503766e-01 7.376685589556848666e-02
3.952000000000000000e+03 3.330084363863879560e+01 -3.993206647448164781e-01 -1.762688608813392233e-01 -2.600677968350308955e-01 -3.599367485400032929e-01 4.445724430680864092e-01 -1.682622456166793790e-01 6.289278878748147950e-01 4.740757873444578774e-04
4.053000000000000000e+03 3.407463382026386967e+01 -8.584216829797960413e-01 4.471950538728891589e-01 -1.001492154250902544e+00 -8.274808171147578495e-01 5.792018140480087451e-01 3.294759842556693741e-02 -2.143154747571789920e-01 -5.018055089714950068e-01
4.154000000000000000e+03 3.472034248960734715e+01 -1.991058746753408548e-01 4.502785865018962830e-01 4.909578654776063367e-01 -9.638269628387310384e-01 4.988091615618683305e-01 7.596408462294776398e-02 -5.291144928256237279e-01 1.343619804112752281e-01
4.255000000000000000e+03 3.552554613534339012e+01 -1.745725913180320998e-01 1.142276521536779027e-01 -3.745079318575868510e-01 4.266685788344665164e-01 -3.879348639680855748e-01 -3.228197443796121391e-01 -8.893828010090993885e-01 -4.229356790738393324e-01
4.356000000000000000e+03 3.691334749707169038e+01 -6.963163215721873689e-02 3.339029943504668863e-01 -2.399998373674915308e-01 6.648452595608370652e-01 2.820199072633608472e-01 -1.043532042535850746e+00 6.412151699969134144e-01 -1.304841524644166084e-01
4.457000000000000000e+03 3.699898370720710261e+01 -4.892209646096168929e-01 -5.912446822928958401e-01 1.963275571694590715e-01 5.933161355987740526e-01 -1.335653592565167802e+00 -1.543882899827296318e-01 6.188331139031526540e-01 -5.641053042953135810e-01
4.558000000000000000e+03 3.822154800571152578e+01 1.470003320982146700e-01 6.909873514272998341e-01 5.233362459686039525e-01 -1.409723981842361029e+00 -4.162829151549074513e-01 -7.148403915067748082e-01 -5.959571126863849599e-01 5.123167447936975982e-01
4.659000000000000000e+03 3.939771185595288472e+01 -1.247339153167169173e-01 8.801633372370353259e-01 5.337784513593319957e-01 2.061924381816757190e+00 9.996530634254909842e-01 1.036619223988552996e-01 -2.042559786884039497e+00 1.261333710884691595e+00
4.760000000000000000e+03 4.121432584125679455e+01 -4.928027593185625999e-01 8.009633905597228765e-01 -3.536845560457705373e-01 -1.543361082286086372e+00 -6.434442232205921097e-02 4.147151869298700277e-01 2.149707865834295240e-01 7.789421203211903677e-01
4.861000000000000000e+03 4.337684430910478284e+01 -2.522014408418476461e-01 -8.286474300243681368e-01 -1.447130738065304012e+00 7.910097387897251364e-01 -8.792047525652595397e-01 2.077598425019169248e-01 4.550345791998322564e-01 2.040173548997145370e-01
4.962000000000000000e+03 4.422831345618692467e+01 -3.623778908504489693e-01 -3.527556736481084476e-01 -3.318053363558605140e-01 4.347530919961322127e-01 -8.637113994644287640e-01 -2.639372829851187041e-01 -4.186320076785325361e-01 -1.098898504499980777e-01
5.063000000000000000e+03 4.551125663406115507e+01 -5.727415454276199025e-01 -6.636511251474130901e-03 8.001629033310562189e-01 -4.303235978372778048e-01 1.250308589296080131e+00 4.971404266839803410e-01 1.162373635082460499e+00 -3.464040986563649005e-02
5.164000000000000000e+03 4.747394083513053431e+01 8.718158726485945031e-01 -9.137368379009489505e-01 4.901861538030385379e-01 -8.165820373954937317e-01 -7.845276460551825481e-01 -1.125320493579637038e+00 -2.246924930898851702e+00 1.210535078062096259e+00
5.265000000000000000e+03 4.902887274680291796e+01 -4.989346996058501293e-01 -4.477599681817874266e-01 -1.279181118917060989e-01 1.806742529975739586e+00 -1.261774763898227070e+00 3.520430250404177341e-02 -6.723572177901360192e-01 -7.374527542192349516e-02
5.366000000000000000e+03 5.096541842274208989e+01 1.530884064877127360e+00 7.798959173985157145e-01 -5.399346485275564600e-01 -4.105701067205976829e-01 -1.390304813191728606e+00 1.703762442351147710e-01 1.336308901341991817e-01 -1.313544300800580933e+00
5.467000000000000000e+03 4.897833654443536489e+01 -1.056761589261134171e+00 -4.827633575107694863e-01 -1.846548172381066610e+00 -1.695306400504796862e+00 -1.030012852743897422e+00 -6.817892737621246146e-01 -7.945599512331079639e-01 -5.705219525986996443e-01
5.568000000000000000e+03 5.305492884127944819e+01 1.323201979562919073e+00 -3.796266533276562161e-01 8.727407757478544692e-02 6.362378196908122785e-01 -6.714410055120593190e-01 -1.256069649780766628e+00 1.097500772366477140e+00 6.521425920218890671e-01
5.669000000000000000e+03 5.378784280769996684e+01 -1.103172388139689097e+00 8.973046798948309810e-01 1.561767866991277787e+00 -1.572305506191873148e+00 1.983881387070070446e+00 1.450238787971025012e+00 -1.925938358807603112e+00 -1.965880112607159558e-01
5.770000000000000000e+03 5.699427965876743940e+01 2.053226917262736262e-01 6.296553681229898336e-01 -8.536557649738160114e-01 -8.595595968394936781e-01 5.973354981864590352e-01 2.561161958498602509e+00 9.996342065340613203e-02 -8.661998582600254348e-01
5.871000000000000000e+03 5.713704559169894281e+01 -6.830606989271335028e-01 7.331495289059452025e-01 -9.302322396809767358e-02 -2.160396480943106212e+00 -2.123122015955998254e+00 -2.269226403354856814e+00 1.699971705112578224e+00 -3.639252737324891296e+00
