# l Dl_TT Dl_TE Dl_TB Dl_ET Dl_BT Dl_EE Dl_EB Dl_BE Dl_BB
2.700000000000000000e+01 1.107814737854207578e+03 1.399415912740830326e+00 5.727901783304458622e-02 1.399415912740830326e+00 5.727901783304458622e-02 3.167500091408432389e-02 1.191383177454429908e-03 1.191383177454430559e-03 -2.434682301848598279e-03
7.050000000000000000e+01 1.866918717778609107e+03 -8.066337321497899282e+00 -5.336089702807906843e-01 -8.066337321497899282e+00 -5.336089702807906843e-01 3.622560006883640549e-01 -2.846653584288263809e-03 -2.846653584288263809e-03 -6.531312840871183502e-03
1.065000000000000000e+02 3.025751601518462849e+03 -2.869458173957869107e+01 8.039000297477033596e-02 -2.869458173957869107e+01 8.039000297477033596e-02 8.681549630000792162e-01 -1.261634698326643449e-03 -1.261634698326642582e-03 2.009249519735782641e-02
1.425000000000000000e+02 4.055945551420577431e+03 -4.272114919060895488e+01 -2.653087913431512179e-02 -4.272114919060895488e+01 -2.653087913431512179e-02 1.061982866957726923e+00 1.396512927868135551e-03 1.396512927868132081e-03 4.446458418030275681e-03
1.785000000000000000e+02 5.190639005216157784e+03 -3.610908774132984433e+01 -3.354028339078612975e-01 -3.610908774132984433e+01 -3.354028339078612975e-01 8.289436791746163102e-01 -3.997897769163764187e-03 -3.997897769163763319e-03 -7.635429744917003082e-04
2.145000000000000000e+02 5.740655709539144482e+03 7.292465141451136112e+00 -4.423807262991654721e-01 7.292465141451136112e+00 -4.423807262991654721e-01 8.189357767681537670e-01 6.234097425454887542e-04 6.234097425454991626e-04 3.563898092577444214e-03
2.505000000000000000e+02 5.628081969138820568e+03 6.705227286359522054e+01 4.642955360466805015e-01 6.705227286359522054e+01 4.642955360466805015e-01 2.543139934537320013e+00 2.173750586555660974e-02 2.173750586555660974e-02 2.641935364692185248e-02
2.865000000000000000e+02 4.527686899822119813e+03 1.118855367795192706e+02 -2.500119853423048433e-01 1.118855367795192706e+02 -2.500119853423048433e-01 7.055850851426547443e+00 -1.515202032653221662e-02 -1.515202032653221488e-02 3.810357180394112475e-02
3.225000000000000000e+02 3.307091999991615467e+03 1.157333297865266246e+02 5.298572887034445900e-02 1.157333297865266246e+02 5.298572887034445900e-02 1.318202493190525182e+01 -2.185679047783615006e-02 -2.185679047783614659e-02 2.710504683680705837e-02
3.585000000000000000e+02 2.338785921886872075e+03 7.583839130344185264e+01 -3.047089882143407258e-01 7.583839130344185264e+01 -3.047089882143407258e-01 1.870677274600892659e+01 -3.190450618497020496e-02 -3.190450618497018415e-02 6.565230325457299676e-02
3.945000000000000000e+02 1.775822251896241369e+03 1.078121874633770894e+01 2.423624758444404281e-01 1.078121874633770894e+01 2.423624758444404281e-01 2.141004826980756803e+01 -7.722773217846159999e-02 -7.722773217846164162e-02 3.516538936174428559e-02
4.305000000000000000e+02 1.779096707123947908e+03 -4.911724133251763647e+01 -1.319390594385391746e-01 -4.911724133251763647e+01 -1.319390594385391746e-01 1.926605410362480697e+01 -3.474325644115665301e-02 -3.474325644115665301e-02 2.383910485178479879e-02
4.665000000000000000e+02 2.070835055800066584e+03 -7.197432434849739025e+01 9.072398788951571702e-02 -7.197432434849739025e+01 9.072398788951571702e-02 1.367305159295912453e+01 -2.502532196928387506e-02 -2.502532196928387159e-02 3.154711925387877064e-02
5.025000000000000000e+02 2.408166277471892499e+03 -5.639293010271860851e+01 -7.355842918020164545e-01 -5.639293010271860851e+01 -7.355842918020164545e-01 8.020976954895189692e+00 4.629767754666147539e-02 4.629767754666147539e-02 7.599062420854789390e-02
5.385000000000000000e+02 2.589108519300371427e+03 -1.251872952961992880e+01 5.607583150350807788e-01 -1.251872952961992880e+01 5.607583150350807788e-01 7.583815914999624930e+00 -2.072562375243874183e-03 -2.072562375243874183e-03 7.211127039454268139e-02
5.745000000000000000e+02 2.449135003501577103e+03 1.996458155359940179e+01 8.338914347329330345e-01 1.996458155359940179e+01 8.338914347329330345e-01 1.256588987793778500e+01 3.562009504968650236e-02 3.562009504968650236e-02 6.619902766939676775e-02
6.105000000000000000e+02 2.142595629369273865e+03 2.299519395362786867e+01 -3.664204240557923375e-01 2.299519395362786867e+01 -3.664204240557923375e-01 2.272325023385650411e+01 -1.021354731755842044e-01 -1.021354731755842044e-01 6.614834577217250378e-02
6.465000000000000000e+02 1.853260051041110955e+03 -8.861846278248846076e+00 -2.844769008213078321e-01 -8.861846278248846076e+00 -2.844769008213078321e-01 3.248749478562807269e+01 2.902012973860708389e-02 2.902012973860707001e-02 1.297939320106100969e-01
6.825000000000000000e+02 1.841450387410185158e+03 -7.131718845824278219e+01 1.102143055868918808e-01 -7.131718845824278219e+01 1.102143055868918808e-01 3.773154951441048155e+01 -4.001666318499991215e-02 -4.001666318499993297e-02 1.010074167604637640e-01
7.185000000000000000e+02 1.991760896462311848e+03 -1.192230802676912731e+02 3.937553189565022316e-01 -1.192230802676912731e+02 3.937553189565022316e-01 3.513487998788092881e+01 -8.061780878973490161e-02 -8.061780878973492936e-02 1.140198656895282936e-01
7.545000000000000000e+02 2.233622257379321127e+03 -1.277177693282889379e+02 -6.821291350664108188e-01 -1.277177693282889379e+02 -6.821291350664108188e-01 2.669273547160616644e+01 1.023182084853466733e-01 1.023182084853466595e-01 8.506286515955933936e-02
7.905000000000000000e+02 2.514483143652996660e+03 -1.021439698394344475e+02 -9.811720475767782279e-02 -1.021439698394344475e+02 -9.811720475767782279e-02 1.755914344703092311e+01 4.569038657735607217e-02 4.569038657735605830e-02 7.819703167973605928e-02
8.265000000000000000e+02 2.517857855938404100e+03 -4.417555257028523386e+01 2.774328691556257054e-01 -4.417555257028523386e+01 2.774328691556257054e-01 1.307335659614142287e+01 2.193985094838912797e-02 2.193985094838911409e-02 1.188214247802659440e-01
8.625000000000000000e+02 2.286697014143310753e+03 1.896629209722102516e+01 5.102992347467008027e-01 1.896629209722102516e+01 5.102992347467008027e-01 1.514703520417282512e+01 -4.006666418257814194e-02 -4.006666418257816276e-02 7.444164016136943507e-02
8.985000000000000000e+02 1.919300499587513514e+03 5.304702013049376319e+01 -3.680869025318683763e-02 5.304702013049376319e+01 -3.680869025318683763e-02 2.279585524256867757e+01 2.227802509053899982e-02 2.227802509053902758e-02 8.172576059568942286e-02
9.345000000000000000e+02 1.510488968958133682e+03 5.196384752650801175e+01 -4.200814627436271209e-01 5.196384752650801175e+01 -4.200814627436271209e-01 3.399386007156058298e+01 1.216022478536023937e-02 1.216022478536024631e-02 9.822424768435317199e-02
9.705000000000000000e+02 1.209130099839568857e+03 1.487399600109305098e+01 -3.499312242969142284e-02 1.487399600109305098e+01 -3.499312242969142284e-02 4.126927078655084813e+01 -1.334300241657845609e-01 -1.334300241657845332e-01 9.671023457534534684e-02
1.006500000000000000e+03 1.061124588596889453e+03 -3.199021886418906746e+01 8.632057364681174072e-02 -3.199021886418906746e+01 8.632057364681174072e-02 4.118569458117404025e+01 5.695786186099076331e-02 5.695786186099077025e-02 1.163540923114429332e-01
1.042500000000000000e+03 1.071203738135006688e+03 -6.603437298370914732e+01 5.956251866575495990e-01 -6.603437298370914732e+01 5.956251866575495990e-01 3.481158582781703359e+01 -4.773638431424536560e-02 -4.773638431424533785e-02 9.937775493971479079e-02
1.078500000000000000e+03 1.164472900549655606e+03 -7.805414671230975898e+01 -1.874793410897646062e-01 -7.805414671230975898e+01 -1.874793410897646062e-01 2.533626759621974500e+01 5.265842075972309438e-02 5.265842075972309438e-02 3.882578543532227977e-02
1.114500000000000000e+03 1.240805045656790298e+03 -5.946036438210558117e+01 8.625826728700880519e-02 -5.946036438210558117e+01 8.625826728700880519e-02 1.677901686344613807e+01 -6.996857125769330443e-02 -6.996857125769333219e-02 3.355474338913358445e-02
1.150500000000000000e+03 1.225833856401087587e+03 -3.038869467886062381e+01 -3.288333292852911316e-01 -3.038869467886062381e+01 -3.288333292852911316e-01 1.335591005539495946e+01 2.025401205890602352e-01 2.025401205890602907e-01 7.854942075401967483e-02
1.186500000000000000e+03 1.113209743869418617e+03 -3.257396405364485936e+00 2.574381971838053396e-01 -3.257396405364485936e+00 2.574381971838053396e-01 1.542069111760107347e+01 -1.385965052043053314e-02 -1.385965052043050538e-02 1.471797336134997580e-01
1.222500000000000000e+03 9.617908370388654475e+02 5.452422492058483172e+00 -4.096078443863691160e-02 5.452422492058483172e+00 -4.096078443863691160e-02 2.119684611658559348e+01 -4.614918610659005105e-03 -4.614918610659005105e-03 5.958984823518970880e-02
1.258500000000000000e+03 8.150598267362585148e+02 -2.986911646214704064e+00 -9.551822976741068671e-02 -2.986911646214704064e+00 -9.551822976741068671e-02 2.755140500810366788e+01 -1.274149438050263539e-01 -1.274149438050264094e-01 -8.134839336411733152e-03
1.294500000000000000e+03 7.482651939163379211e+02 -2.901641699473568181e+01 1.832560752329132625e-01 -2.901641699473568181e+01 1.832560752329132625e-01 3.021210201060785394e+01 1.228715479636494218e-01 1.228715479636493940e-01 1.145954807861598312e-01
1.330500000000000000e+03 7.413660801605236657e+02 -4.944502231976286311e+01 1.206736556657215242e-01 -4.944502231976286311e+01 1.206736556657215242e-01 2.886638909233806416e+01 1.266287255724189015e-02 1.266287255724191096e-02 1.205031777728859804e-01
1.366500000000000000e+03 7.859978169274629636e+02 -6.168201539452837068e+01 -9.771634428954100171e-01 -6.168201539452837068e+01 -9.771634428954101281e-01 2.336862889809833277e+01 1.649296753582171204e-01 1.649296753582171204e-01 1.284207795051009737e-01
1.402500000000000000e+03 8.218326540078065818e+02 -5.433233234543489232e+01 -3.581977602110502090e-01 -5.433233234543489232e+01 -3.581977602110502090e-01 1.698172173767082072e+01 3.040113351364058525e-02 3.040113351364058525e-02 7.126098061746675982e-02
1.438500000000000000e+03 8.231278026720995058e+02 -3.428154975896009660e+01 -1.089855502872743909e+00 -3.428154975896009660e+01 -1.089855502872743909e+00 1.271595964327576489e+01 1.553606960978129448e-01 1.553606960978129448e-01 1.216532896965072524e-01
1.474500000000000000e+03 7.728944266827489855e+02 -1.351837696188691496e+01 -3.312678636311916502e-01 -1.351837696188691496e+01 -3.312678636311916502e-01 1.136117576940020513e+01 -3.092146247507243303e-02 -3.092146247507241222e-02 1.276718383394419565e-01
1.510500000000000000e+03 6.723321484276544879e+02 1.734457295013299705e+00 -9.502062369956709720e-02 1.734457295013299705e+00 -9.502062369956709720e-02 1.372439904325612225e+01 -4.281260848403205602e-03 -4.281260848403212541e-03 3.347964995785562836e-02
1.546500000000000000e+03 5.527299454588203389e+02 6.089479246732500961e+00 1.026264253557877398e-01 6.089479246732500961e+00 1.026264253557877398e-01 1.737379474048675831e+01 -2.052930058724635951e-02 -2.052930058724635604e-02 7.757220738850752195e-02
1.582500000000000000e+03 4.704640598044504145e+02 -1.152851686074878312e+00 -2.494928089688353001e-01 -1.152851686074878312e+00 -2.494928089688353001e-01 2.042233592163765721e+01 3.444473437872827559e-02 3.444473437872828947e-02 4.400479499847601700e-02
1.618500000000000000e+03 4.175283659421642142e+02 -1.403924303521222683e+01 1.920704095063884287e-01 -1.403924303521222683e+01 1.920704095063884287e-01 2.057974219589599585e+01 -1.133051047607075146e-01 -1.133051047607075146e-01 -4.283205316111782929e-02
1.654500000000000000e+03 3.967425305430401181e+02 -2.527889696521165774e+01 -5.684424364988059919e-01 -2.527889696521165774e+01 -5.684424364988059919e-01 1.854102397027455496e+01 1.143987074969145812e-01 1.143987074969146089e-01 1.969978265175622578e-01
1.690500000000000000e+03 4.028674054267170845e+02 -3.018691380709083916e+01 2.853650311958964569e-01 -3.018691380709083916e+01 2.853650311958964569e-01 1.490666572495484488e+01 9.946990039536047351e-03 9.946990039536043882e-03 1.047726696632794025e-01
1.726500000000000000e+03 4.089228089676430500e+02 -2.621046909420758553e+01 1.527719960721201642e-01 -2.621046909420758553e+01 1.527719960721201642e-01 1.114224176255940435e+01 1.610435733733889263e-02 1.610435733733888569e-02 1.409679108921398777e-02
1.762500000000000000e+03 4.020184275126426314e+02 -1.850658418599355315e+01 -2.979519755091436517e-01 -1.850658418599355315e+01 -2.979519755091436517e-01 8.505455533643113242e+00 2.479537254264378016e-02 2.479537254264380097e-02 1.972210183530314076e-01
1.798500000000000000e+03 3.741076307341676284e+02 -9.925213768049362173e+00 -2.079461289828289372e-01 -9.925213768049362173e+00 -2.079461289828289372e-01 7.793057994397861066e+00 -2.977875014093605416e-02 -2.977875014093606110e-02 -1.121755924074591994e-02
1.834500000000000000e+03 3.297551083788605411e+02 -4.856239160772965135e+00 -3.024412102409451131e-01 -4.856239160772965135e+00 -3.024412102409451131e-01 8.814813260444820386e+00 5.719482348964340102e-02 5.719482348964340102e-02 1.524853975323058608e-01
1.870500000000000000e+03 2.980107386241978702e+02 -5.298257908115501458e+00 2.197806604837169719e-01 -5.298257908115501458e+00 2.197806604837169719e-01 1.034085859571124999e+01 -1.799088228826496716e-02 -1.799088228826496022e-02 9.507928821977999767e-02
1.906500000000000000e+03 2.652860129196527623e+02 -9.509368171673427739e+00 -1.872856943680108466e-01 -9.509368171673427739e+00 -1.872856943680108743e-01 1.098623997034539634e+01 -8.964713586784107957e-02 -8.964713586784105182e-02 3.952496898675228465e-02
1.942500000000000000e+03 2.507788251260666357e+02 -1.466900876081527016e+01 -6.441880856878122452e-02 -1.466900876081527016e+01 -6.441880856878122452e-02 1.102601968184576897e+01 -6.846127236908527980e-03 -6.846127236908500224e-03 1.406647356741896893e-01
1.978500000000000000e+03 2.473235728248403120e+02 -1.808505242176666172e+01 7.547238323947776106e-02 -1.808505242176666172e+01 7.547238323947776106e-02 9.632571500815682697e+00 -1.324095612759973450e-01 -1.324095612759973728e-01 8.700595347968556950e-03
2.014500000000000000e+03 2.499335855964631889e+02 -1.748269146780533845e+01 2.237245637745720606e-01 -1.748269146780533845e+01 2.237245637745720606e-01 7.726010101614273040e+00 1.054265140025695269e-02 1.054265140025696657e-02 -2.243160729418107110e-02
2.050500000000000000e+03 2.461782802587109416e+02 -1.398114223595893435e+01 1.938011634272300554e-02 -1.398114223595893435e+01 1.938011634272300554e-02 6.053291917999167104e+00 9.422617372002156655e-02 9.422617372002156655e-02 6.552767088288731501e-02
2.086500000000000000e+03 2.350596281177743947e+02 -9.782461074650404598e+00 2.011994352584457468e-01 -9.782461074650404598e+00 2.011994352584457468e-01 5.351317534638591056e+00 1.707565213545995664e-01 1.707565213545995664e-01 -6.193376586838107191e-03
2.122500000000000000e+03 2.140413159066941660e+02 -5.190372720121660066e+00 -1.550416929164665503e-01 -5.190372720121660066e+00 -1.550416929164665503e-01 4.892593063251712060e+00 1.305944532904022293e-01 1.305944532904022570e-01 5.370035654025338834e-02
2.158500000000000000e+03 1.865300288783343774e+02 -2.834961705397716081e+00 6.595605022578970855e-03 -2.834961705397716081e+00 6.595605022578970855e-03 5.375759024267980024e+00 -2.971651132976671841e-02 -2.971651132976669760e-02 6.330783028612742280e-02
2.194500000000000000e+03 1.644970442623256304e+02 -3.176517931979457643e+00 1.904212042266731075e-01 -3.176517931979457643e+00 1.904212042266731075e-01 6.379299895273050858e+00 -1.717778136167524561e-01 -1.717778136167523728e-01 4.817880111089882164e-03
2.230500000000000000e+03 1.475577269364318340e+02 -4.886662895563015141e+00 -6.573671778802142596e-02 -4.886662895563015141e+00 -6.573671778802142596e-02 5.791647934190116587e+00 5.331840260853695779e-02 5.331840260853695085e-02 -9.056970852445457576e-02
2.266500000000000000e+03 1.401521697106389297e+02 -7.033660376873055675e+00 -3.925556123954093701e-01 -7.033660376873055675e+00 -3.925556123954093701e-01 5.662489888868241117e+00 2.314699924444839352e-01 2.314699924444839629e-01 2.376493909957562711e-01
2.302500000000000000e+03 1.363670157557849336e+02 -7.926503330119898827e+00 1.925539748609113311e-02 -7.926503330119898827e+00 1.925539748609113311e-02 5.255884529486275270e+00 -8.532948953023117289e-02 -8.532948953023117289e-02 -9.396574808395348477e-03
2.338500000000000000e+03 1.327996507806875854e+02 -7.623226951644445748e+00 8.571494028193799020e-02 -7.623226951644445748e+00 8.571494028193799020e-02 4.154637098346349866e+00 -2.648750157720332343e-02 -2.648750157720334425e-02 2.065829275222455519e-01
2.374500000000000000e+03 1.287581369598349852e+02 -6.631591018349971556e+00 2.478248699656806220e-01 -6.631591018349971556e+00 2.478248699656806220e-01 3.673301419099956000e+00 4.884131534159203564e-02 4.884131534159203564e-02 6.278607572139804915e-02
2.410500000000000000e+03 1.246710228179206013e+02 -4.888779385456173188e+00 -1.732423202214311841e-01 -4.888779385456173188e+00 -1.732423202214311841e-01 2.801416535978500821e+00 -1.102973480553174068e-01 -1.102973480553174346e-01 -5.434960631925708774e-02
2.446500000000000000e+03 1.140096768607577076e+02 -4.060273739506699009e+00 3.521895867518831102e-01 -4.060273739506699009e+00 3.521895867518831102e-01 2.634319316688183310e+00 1.839420305026194802e-01 1.839420305026193969e-01 2.300816878571466939e-01
2.482500000000000000e+03 1.061682210823870918e+02 -3.038016021261050081e+00 5.312858041342638504e-02 -3.038016021261050081e+00 5.312858041342638504e-02 2.633880856211603394e+00 -4.666261212368899569e-02 -4.666261212368899569e-02 3.500815009959984403e-01
2.518500000000000000e+03 9.770427151234807184e+01 -2.935449320962025155e+00 3.823968514869906243e-02 -2.935449320962025155e+00 3.823968514869907631e-02 2.844118103228423511e+00 1.396733034908340665e-01 1.396733034908339832e-01 -1.478925218827253363e-01
2.554500000000000000e+03 9.247428314465091148e+01 -3.832116299592878139e+00 -1.434401223953630233e-01 -3.832116299592878139e+00 -1.434401223953630233e-01 3.039367227027751639e+00 -5.926837079524627239e-02 -5.926837079524624463e-02 -1.052829394290876047e-01
2.590500000000000000e+03 8.897902522275957438e+01 -4.143356250760160897e+00 1.961514227775754127e-01 -4.143356250760160897e+00 1.961514227775753849e-01 2.953418784635954530e+00 -1.246706562517942152e-02 -1.246706562517939376e-02 1.626143239367487392e-01
2.626500000000000000e+03 8.683181209902598141e+01 -4.207324443531176072e+00 -1.084904374626989576e-01 -4.207324443531176072e+00 -1.084904374626989576e-01 2.806612943212507538e+00 8.165575038701071431e-02 8.165575038701070043e-02 -1.094976905088362040e-01
2.662500000000000000e+03 8.590461547972257961e+01 -4.028884476771933620e+00 1.609980658088038807e-01 -4.028884476771933620e+00 1.609980658088038807e-01 2.285221874764234329e+00 -2.619956991941051888e-02 -2.619956991941052582e-02 6.288650754436204970e-02
2.698500000000000000e+03 8.258715013303029195e+01 -3.286080451291347071e+00 -2.155680423883160335e-01 -3.286080451291347071e+00 -2.155680423883160335e-01 2.136615358489094341e+00 -9.630766256919106455e-03 -9.630766256919109924e-03 -4.885147534093999683e-02
2.734500000000000000e+03 7.734623275896156258e+01 -2.328714472996576301e+00 -1.545083131902955653e-01 -2.328714472996576301e+00 -1.545083131902955653e-01 1.653805310082203439e+00 2.520750547340003811e-01 2.520750547340002701e-01 2.145066016012816268e-01
2.770500000000000000e+03 7.362411360426304441e+01 -1.717587625724148026e+00 2.266965579927543994e-01 -1.717587625724148026e+00 2.266965579927543994e-01 1.460161891090510755e+00 -1.777063555496389557e-01 -1.777063555496389557e-01 3.292144137131381987e-01
2.806500000000000000e+03 6.942822835464814091e+01 -1.235171040950229671e+00 -1.833399994701588043e-01 -1.235171040950229671e+00 -1.833399994701588043e-01 1.693729814662206623e+00 -2.381296242968421878e-02 -2.381296242968421184e-02 -4.257395809920702656e-01
2.842500000000000000e+03 6.549773751177352210e+01 -1.385825017936293868e+00 -4.128327228118475190e-02 -1.385825017936293868e+00 -4.128327228118475190e-02 1.441666228133714922e+00 -2.240918424552815758e-01 -2.240918424552815758e-01 1.849350499150854699e-01
2.878500000000000000e+03 6.202276712830912686e+01 -1.830381765078207490e+00 -2.070522765726011682e-01 -1.830381765078207490e+00 -2.070522765726011682e-01 1.075212207004718978e+00 -2.804028576748325285e-01 -2.804028576748324175e-01 -1.180159042880975784e-01
2.927000000000000000e+03 5.950937111406140900e+01 -2.227733364141363026e+00 2.605165669663497829e-01 -2.227733364141363026e+00 2.605165669663497829e-01 1.255776860379467452e+00 -2.157982722072321335e-02 -2.157982722072319948e-02 1.222611592704925809e-01
2.988000000000000000e+03 5.749070365189979270e+01 -1.814479494164999984e+00 -1.301206424095102954e-01 -1.814479494164999984e+00 -1.301206424095102954e-01 1.033573811421875543e+00 -1.765961195296757436e-01 -1.765961195296758268e-01 -5.414667558913063145e-02
3.049000000000000000e+03 5.537963715526919373e+01 -1.381462900907208580e+00 8.697664393662590809e-02 -1.381462900907208580e+00 8.697664393662590809e-02 7.502887961772315428e-01 7.284997863685092889e-02 7.284997863685094277e-02 -1.729556258171267846e-01
3.110000000000000000e+03 5.256749959985398135e+01 -9.028749603462236095e-01 1.626441554179045568e-01 -9.028749603462236095e-01 1.626441554179045568e-01 4.734233938703705791e-01 -1.717659118374941646e-02 -1.717659118374942340e-02 -1.950388873830094794e-01
3.171000000000000000e+03 5.048019825375778424e+01 -8.746809399846977584e-01 -2.688689614642881809e-01 -8.746809399846977584e-01 -2.688689614642881809e-01 8.377714989883725538e-01 -5.789547184797855239e-02 -5.789547184797852464e-02 2.029464541060780475e-02
3.232000000000000000e+03 4.962331493185865838e+01 -8.982168909970057458e-01 9.985203044226223512e-02 -8.982168909970057458e-01 9.985203044226223512e-02 5.206712569602083285e-01 5.010931668708548670e-02 5.010931668708554221e-02 -1.184204996646107469e-02
3.293000000000000000e+03 4.790398472855338241e+01 -7.213426849464523727e-01 2.753130402243171293e-01 -7.213426849464523727e-01 2.753130402243171293e-01 6.044583489580841462e-01 9.454422108208525299e-02 9.454422108208529463e-02 -1.511407010181130273e-01
3.354000000000000000e+03 4.729641998705421457e+01 -6.626818071643623131e-01 5.266464458129984511e-02 -6.626818071643623131e-01 5.266464458129984511e-02 8.087477707890506906e-01 -7.733854476696494507e-02 -7.733854476696494507e-02 -1.612614935015064532e-01
3.415000000000000000e+03 4.633787067511273250e+01 -1.578757253324805376e-01 4.267690938468560180e-02 -1.578757253324805376e-01 4.267690938468558792e-02 6.404426218732696130e-01 1.360081679068402827e-01 1.360081679068402272e-01 1.791328807707856519e-01
3.476000000000000000e+03 4.602731744325772922e+01 -5.181746648844745007e-01 -3.582269354907197112e-01 -5.181746648844745007e-01 -3.582269354907197112e-01 3.022246009452623783e-01 2.484211350894489079e-01 2.484211350894490189e-01 3.692262796041417272e-01
3.537000000000000000e+03 4.484346051312635950e+01 -4.448452269485168031e-01 4.426246015368250075e-03 -4.448452269485168031e-01 4.426246015368250075e-03 1.903005956831231305e-01 -2.193174242605650803e-01 -2.193174242605651914e-01 -3.752278612248822337e-02
3.598000000000000000e+03 4.527811355495851586e+01 -4.305745010483867374e-01 -1.321630318808638405e-01 -4.305745010483867374e-01 -1.321630318808638405e-01 2.540149927030837529e-01 2.707202250649038966e-01 2.707202250649038966e-01 2.601859143234457328e-01
3.659000000000000000e+03 4.535959397646780644e+01 -3.230749593872058595e-02 2.301859308242495961e-01 -3.230749593872058595e-02 2.301859308242495961e-01 -2.024212385531024561e-01 1.908190080139355593e-01 1.908190080139357259e-01 -3.950629299456909771e-01
3.720000000000000000e+03 4.484756225880408209e+01 -5.604639695022348711e-01 2.185883528918756979e-01 -5.604639695022348711e-01 2.185883528918756979e-01 -2.873792876137747920e-01 -2.474860989975144476e-01 -2.474860989975145031e-01 -2.246991031648722936e-01
3.781000000000000000e+03 4.506167875505339282e+01 -5.121087879066424930e-01 -3.191346082446540611e-01 -5.121087879066424930e-01 -3.191346082446540611e-01 1.464630615242353273e-01 3.861500873563051828e-01 3.861500873563049607e-01 -2.282268943204248668e-01
3.842000000000000000e+03 4.640146385450383804e+01 -1.591015763974280850e-03 5.688999717515408339e-01 -1.591015763974280850e-03 5.688999717515408339e-01 7.835122294667071774e-01 -5.296134486667748442e-01 -5.296134486667749552e-01 1.227380177092019242e-01
3.903000000000000000e+03 4.641827722746016605e+01 -1.984699888715278082e-01 2.923741485526976103e-01 -1.984699888715278082e-01 2.923741485526976103e-01 2.199546122167737872e-01 4.129704230107534846e-01 4.129704230107534846e-01 -4.888189575623587413e-02
3.964000000000000000e+03 4.701160781348583839e+01 -2.942649244889253835e-01 -1.415302781708588920e-01 -2.942649244889253835e-01 -1.415302781708588920e-01 2.846979436404706992e-02 -3.566925651557542598e-02 -3.566925651557542598e-02 -5.656869805824765035e-02
4.025000000000000000e+03 4.760275181854600390e+01 3.432374951239037797e-01 1.911037823637085076e-01 3.432374951239037797e-01 1.911037823637085076e-01 9.607418491084676049e-01 6.183057174342532214e-02 6.183057174342540541e-02 -1.014253564975386435e-01
4.086000000000000000e+03 4.759865220142170728e+01 -5.552786397540206975e-01 -9.331616646855114827e-02 -5.552786397540206975e-01 -9.331616646855114827e-02 -2.571800607759352694e-02 8.293337284368565432e-02 8.293337284368566820e-02 3.512387331761723797e-02
4.167000000000000000e+03 4.920267973326643585e+01 1.273029867843574747e-01 2.785293237759137175e-02 1.273029867843574747e-01 2.785293237759137175e-02 -3.647257538029511914e-01 -2.950738094655973587e-01 -2.950738094655974142e-01 -4.130665420943937516e-01
4.268000000000000000e+03 5.002054239303217997e+01 1.819769132594633854e-01 -4.802451795842338500e-02 1.819769132594633854e-01 -4.802451795842338500e-02 -5.212136309166639503e-01 5.253548945973471884e-01 5.253548945973470774e-01 1.403149068522548393e-01
4.369000000000000000e+03 5.155250072966146746e+01 3.817909092933907678e-01 -5.760900949382383729e-01 3.817909092933907678e-01 -5.760900949382383729e-01 5.685057101499626508e-01 -4.691933102613622675e-02 -4.691933102613622675e-02 4.033723890650869892e-01
4.470000000000000000e+03 5.399046608951351089e+01 9.319065355853946298e-02 5.698821617836113962e-02 9.319065355853946298e-02 5.698821617836111186e-02 -4.057397239897579944e-01 3.100563965099029651e-01 3.100563965099029651e-01 -1.611999086416023574e-01
4.571000000000000000e+03 5.468139713574232985e+01 1.083178297989007832e-01 1.361073074663606830e-01 1.083178297989007555e-01 1.361073074663606830e-01 -8.556695050539322445e-01 -1.149515750737423320e-01 -1.149515750737423458e-01 -2.181612351063743488e-02
4.672000000000000000e+03 5.634987371819914870e+01 3.591399548578108614e-02 3.314203523308667521e-01 3.591399548578108614e-02 3.314203523308667521e-01 8.720998258471386322e-01 1.835967544735478407e-01 1.835967544735478407e-01 -1.458735617420100772e-01
4.773000000000000000e+03 5.831319561662202489e+01 -1.026519050394199967e-01 -2.592510915212933309e-01 -1.026519050394199967e-01 -2.592510915212933309e-01 4.545968878158874182e-01 8.986899326333896987e-03 8.986899326333785964e-03 -4.852726649869500974e-01
4.874000000000000000e+03 5.950586313172001951e+01 -4.270818782354050547e-01 -7.090188825227011771e-01 -4.270818782354050547e-01 -7.090188825227011771e-01 2.872105512050186493e-01 1.202196117310661450e+00 1.202196117310661450e+00 8.268601341748356148e-01
4.975000000000000000e+03 6.183318512338608741e+01 4.960331526608608987e-01 6.611695872348783976e-01 4.960331526608608987e-01 6.611695872348783976e-01 -1.699373255648027881e-01 -9.043673190449493804e-01 -9.043673190449492694e-01 4.019679104525016866e-01
5.076000000000000000e+03 6.365908055950515632e+01 2.673988500507590294e-01 -6.710503785510891772e-01 2.673988500507590294e-01 -6.710503785510891772e-01 -1.848602087828513374e-01 -1.828893983102750642e-01 -1.828893983102750365e-01 -1.171358417443061573e+00
5.177000000000000000e+03 6.620383337811432511e+01 -1.467697590139074304e+00 4.498775831368314049e-01 -1.467697590139074304e+00 4.498775831368314049e-01 -4.908491841443658465e-01 6.173613552509644720e-01 6.173613552509648050e-01 -1.638885265089009335e+00
5.278000000000000000e+03 6.901759410232195080e+01 -1.894530501271211032e-01 1.228070122082799642e+00 -1.894530501271211032e-01 1.228070122082799642e+00 -1.423200452504534086e+00 9.965857003980307383e-01 9.965857003980309603e-01 -1.177052645077215492e-01
5.379000000000000000e+03 6.874589735152181902e+01 -5.329321093852238400e-01 5.795812598414242789e-01 -5.329321093852238400e-01 5.795812598414242789e-01 1.122634173664489032e-01 -1.037135985948112626e+00 -1.037135985948112404e+00 2.442291215930055159e+00
5.480000000000000000e+03 7.104993408002431465e+01 4.765255490389226911e-01 4.439256987718935843e-01 4.765255490389226911e-01 4.439256987718935843e-01 8.624911816613931581e-01 7.750321429486362046e-01 7.750321429486364266e-01 -2.990511971341151543e-01
5.581000000000000000e+03 7.221649856885017016e+01 3.930760252237058272e-01 9.276140871327573922e-01 3.930760252237058272e-01 9.276140871327573922e-01 8.295643057290317257e-01 -8.303591238472272096e-01 -8.303591238472273206e-01 -2.064716508752293844e+00
5.682000000000000000e+03 7.485011801033910217e+01 4.231999343904158106e-01 -5.124890585474878302e-02 4.231999343904158106e-01 -5.124890585474878302e-02 2.058662187806970856e+00 -1.433890495726662273e+00 -1.433890495726662717e+00 2.554304784968175479e+00
5.783000000000000000e+03 8.011427597320358984e+01 -1.138786213377353196e+00 2.056311831645747379e-01 -1.138786213377353196e+00 2.056311831645747379e-01 3.279027695771759898e+00 -6.784642305981164467e-01 -6.784642305981164467e-01 2.760597404873277760e+00
5.884000000000000000e+03 8.022981973805130451e+01 -3.510448740453088190e-01 8.224504637696032905e-01 -3.510448740453088190e-01 8.224504637696032905e-01 -1.555879162149608863e+00 3.189178996777181752e+00 3.189178996777181752e+00 -2.646902685857547066e+00
