# l Dl_TT Dl_TE Dl_TB Dl_ET Dl_BT Dl_EE Dl_EB Dl_BE Dl_BB
7.050000000000000000e+01 1.858212231879542969e+03 -5.161511464076625089e+00 -6.578531438104351370e-01 -5.161511464076625089e+00 -6.578531438104351370e-01 3.741626792260321355e-01 4.981157393155088292e-03 4.981157393155090027e-03 -2.108628104249111058e-03
1.065000000000000000e+02 2.808366437902848702e+03 -2.707699341423201389e+01 -6.291633595138529378e-01 -2.707699341423201389e+01 -6.291633595138529378e-01 8.450523254689173980e-01 -6.509815243192981771e-03 -6.509815243192979169e-03 1.357336821894843289e-02
1.425000000000000000e+02 4.203699742561125277e+03 -4.767644603933139535e+01 2.282263520743358365e-01 -4.767644603933139535e+01 2.282263520743358365e-01 1.146912774701112525e+00 -3.082572583447930337e-02 -3.082572583447928949e-02 3.046431135000242374e-02
1.785000000000000000e+02 5.184279464247681062e+03 -3.625412475655711830e+01 -1.347614811177830996e+00 -3.625412475655711830e+01 -1.347614811177830996e+00 8.183224631523888792e-01 2.670276176150755947e-03 2.670276176150755947e-03 1.431641930916391359e-02
2.145000000000000000e+02 5.594144998107187348e+03 6.291310820849956187e+00 -1.168510366410837609e-01 6.291310820849956187e+00 -1.168510366410837609e-01 8.078521633747858255e-01 -5.075254754274830492e-03 -5.075254754274831359e-03 -2.725515829255537471e-03
2.505000000000000000e+02 5.415954796871013059e+03 6.514643664956477664e+01 2.045924613798106306e-01 6.514643664956477664e+01 2.045924613798106306e-01 2.545196314791533965e+00 -6.810402850334231102e-03 -6.810402850334231102e-03 1.142050808713682662e-02
2.865000000000000000e+02 4.558809060449105345e+03 1.104846685469823342e+02 9.439359547742756096e-01 1.104846685469823342e+02 9.439359547742756096e-01 6.718555401363922819e+00 -2.227770578971486649e-03 -2.227770578971486649e-03 2.027538783546986925e-02
3.225000000000000000e+02 3.383003654339899640e+03 1.192471256748649182e+02 1.150286973853964501e+00 1.192471256748649182e+02 1.150286973853964501e+00 1.321720528998960376e+01 1.478646121934577840e-02 1.478646121934577840e-02 4.032835146290909140e-02
3.585000000000000000e+02 2.349721401636867085e+03 7.787844178081462587e+01 4.436959249845685571e-01 7.787844178081462587e+01 4.436959249845685571e-01 1.906231911669547330e+01 2.584122692311613054e-02 2.584122692311613054e-02 5.353875902825601385e-02
3.945000000000000000e+02 1.838511582339182723e+03 1.039796071828559043e+01 -2.951330297502864908e-01 1.039796071828559043e+01 -2.951330297502864908e-01 2.228225074370534387e+01 -1.170963382536034658e-02 -1.170963382536035005e-02 4.399373576488677801e-02
4.305000000000000000e+02 1.818802252437146080e+03 -4.890756352342971525e+01 3.401968331338455775e-01 -4.890756352342971525e+01 3.401968331338455775e-01 1.904768643592822031e+01 3.456954167101510683e-02 3.456954167101510683e-02 7.120420340378169621e-02
4.665000000000000000e+02 2.138529823714819486e+03 -7.517126731766882131e+01 1.622495883190830726e-02 -7.517126731766882131e+01 1.622495883190830726e-02 1.366889344987996324e+01 -4.123654872973904484e-02 -4.123654872973903790e-02 5.752544834454695333e-02
5.025000000000000000e+02 2.420622129148887780e+03 -5.174887131415786712e+01 3.969570046851272904e-02 -5.174887131415786712e+01 3.969570046851272904e-02 8.009452229112541843e+00 9.723338425669480339e-03 9.723338425669478605e-03 5.823784607927456891e-02
5.385000000000000000e+02 2.589781928675621657e+03 -1.428825273922503669e+01 -4.110782457804118550e-01 -1.428825273922503669e+01 -4.110782457804118550e-01 7.333557508644996226e+00 -2.700845323580815249e-02 -2.700845323580814555e-02 1.117424931747533767e-01
5.745000000000000000e+02 2.461211913440624812e+03 2.231684379862233314e+01 -1.067186264471295942e+00 2.231684379862233314e+01 -1.067186264471295942e+00 1.320173087077820995e+01 -1.101302401557755217e-01 -1.101302401557755772e-01 9.057245016752948907e-02
6.105000000000000000e+02 2.168014031682001587e+03 2.510954320088018932e+01 1.045884167886955290e-01 2.510954320088018932e+01 1.045884167886955290e-01 2.279933678415700626e+01 4.136876949694558853e-02 4.136876949694557465e-02 9.910699885569297651e-02
6.465000000000000000e+02 1.882901500551428171e+03 -1.504462468680033105e+01 9.745503199195781896e-01 -1.504462468680033105e+01 9.745503199195781896e-01 3.277240309344352198e+01 -5.251834743840146959e-03 -5.251834743840144357e-03 4.623735922829274453e-02
6.825000000000000000e+02 1.818159824232052870e+03 -6.967214574241822334e+01 4.529667777615934976e-01 -6.967214574241822334e+01 4.529667777615934976e-01 3.755774481296076317e+01 -4.227627411208620400e-03 -4.227627411208620400e-03 6.396474524456999267e-02
7.185000000000000000e+02 1.995155458772007478e+03 -1.187557535966765840e+02 3.052037662026528819e-01 -1.187557535966765840e+02 3.052037662026528819e-01 3.459859934127482717e+01 -3.287017257279751387e-02 -3.287017257279751387e-02 1.031285257437957736e-01
7.545000000000000000e+02 2.236234449479113209e+03 -1.307590646559163190e+02 -1.226731563262666025e-01 -1.307590646559163190e+02 -1.226731563262666025e-01 2.664580724429867686e+01 7.621890215469354080e-02 7.621890215469361018e-02 6.138793141453977031e-02
7.905000000000000000e+02 2.466565133769716795e+03 -1.035075120796900450e+02 -9.089297511887859393e-01 -1.035075120796900450e+02 -9.089297511887859393e-01 1.774560603347971011e+01 8.536086146094459814e-02 8.536086146094451488e-02 9.781939849192881897e-02
8.265000000000000000e+02 2.513679450338404422e+03 -4.195562468013865498e+01 4.608884215216869640e-01 -4.195562468013865498e+01 4.608884215216869640e-01 1.256827393470666898e+01 -8.029780356814517420e-03 -8.029780356814520889e-03 1.035112130664021385e-01
8.625000000000000000e+02 2.310326387443491512e+03 1.761509668242184290e+01 7.369070689812858843e-01 1.761509668242184290e+01 7.369070689812858843e-01 1.493732034185840085e+01 6.121234407905035146e-02 6.121234407905032371e-02 7.691922866184970620e-02
8.985000000000000000e+02 1.936070615550335560e+03 5.663768437903043207e+01 -3.273263419114969541e-01 5.663768437903043207e+01 -3.273263419114969541e-01 2.390125781692261953e+01 -1.865057611756052586e-02 -1.865057611756052586e-02 9.426562210663914920e-02
9.345000000000000000e+02 1.506437006411802258e+03 5.386241177897589694e+01 1.058259013981299457e-01 5.386241177897589694e+01 1.058259013981299457e-01 3.391875817489813016e+01 -9.311320277734732448e-03 -9.311320277734732448e-03 6.945189301122071945e-02
9.705000000000000000e+02 1.194911898865816511e+03 1.677292514574064342e+01 -6.975511615265930221e-01 1.677292514574064342e+01 -6.975511615265930221e-01 4.124779501326806752e+01 -9.576606970180925882e-02 -9.576606970180925882e-02 9.173516160920856810e-02
1.006500000000000000e+03 1.050448191657797906e+03 -3.147061587896055457e+01 -2.008266147285664438e-02 -3.147061587896055457e+01 -2.008266147285664438e-02 4.173786570276828911e+01 -1.008805620880686149e-01 -1.008805620880686565e-01 6.309769535875726920e-02
1.042500000000000000e+03 1.073758324090483711e+03 -6.857207654545760533e+01 -4.398271254823227228e-01 -6.857207654545760533e+01 -4.398271254823227228e-01 3.478629031025656815e+01 -2.859158628988743567e-02 -2.859158628988743220e-02 9.391762531002756376e-02
1.078500000000000000e+03 1.171415381362359994e+03 -7.791723110383057360e+01 5.432396336746644350e-01 -7.791723110383057360e+01 5.432396336746644350e-01 2.556128068940175524e+01 -7.464019891213007594e-03 -7.464019891213006727e-03 1.348437709108291915e-01
1.114500000000000000e+03 1.256138387256227361e+03 -6.070921919231473396e+01 -1.377999056196456129e-01 -6.070921919231473396e+01 -1.377999056196456129e-01 1.690393075526764122e+01 -2.630427385913888111e-02 -2.630427385913887417e-02 1.668653700437029153e-01
1.150500000000000000e+03 1.223075840814768526e+03 -2.830324377922258350e+01 4.872317923612911467e-02 -2.830324377922258350e+01 4.872317923612911467e-02 1.318761567546770941e+01 1.294010879042346157e-02 1.294010879042346504e-02 1.040782583326701205e-01
1.186500000000000000e+03 1.117404747715526128e+03 -2.594040974933069510e+00 1.491863418990129753e-01 -2.594040974933069510e+00 1.491863418990129753e-01 1.525994735187573959e+01 5.198891117315251886e-03 5.198891117315279642e-03 1.760878441157795460e-01
1.222500000000000000e+03 9.725570391104222381e+02 5.022256476953932847e+00 3.505005673324107507e-01 5.022256476953932847e+00 3.505005673324107507e-01 2.168922786974247074e+01 6.050752435030448684e-03 6.050752435030445214e-03 7.494894531593788989e-02
1.258500000000000000e+03 8.220914902040242396e+02 -5.681832821220140772e+00 4.069166967278610159e-01 -5.681832821220140772e+00 4.069166967278610159e-01 2.733278996224252921e+01 -5.994919534524899285e-02 -5.994919534524897897e-02 7.153423905912882630e-02
1.294500000000000000e+03 7.501605021658680243e+02 -2.663743906404459949e+01 -1.981097975247164689e-01 -2.663743906404459949e+01 -1.981097975247164689e-01 3.037723710495941987e+01 6.198651595735827496e-02 6.198651595735825415e-02 8.426867076172481208e-02
1.330500000000000000e+03 7.408209877808692454e+02 -4.979522065362866101e+01 2.443416563175329070e-01 -4.979522065362866101e+01 2.443416563175329070e-01 2.877595432537057718e+01 4.731041224788279376e-02 4.731041224788281457e-02 1.710924971338005085e-01
1.366500000000000000e+03 7.856019682698319002e+02 -5.938171098166414197e+01 -2.948673080563335436e-01 -5.938171098166414197e+01 -2.948673080563335436e-01 2.305694496834184548e+01 -1.970480671503963346e-02 -1.970480671503964387e-02 1.046182509730978483e-01
1.402500000000000000e+03 8.201286223593886007e+02 -5.343690723380918683e+01 -2.872307153454325968e-01 -5.343690723380918683e+01 -2.872307153454325968e-01 1.699227220575598452e+01 7.536018171805473898e-02 7.536018171805475285e-02 1.273448603024255887e-01
1.438500000000000000e+03 8.264298994061356325e+02 -3.453448654964304865e+01 5.680366568363074409e-01 -3.453448654964304865e+01 5.680366568363074409e-01 1.243780481519943493e+01 2.593736626987951793e-02 2.593736626987952140e-02 8.078468918387170239e-02
1.474500000000000000e+03 7.687446397030986418e+02 -1.290215212578232595e+01 -2.414520573042511220e-01 -1.290215212578232595e+01 -2.414520573042511220e-01 1.154793847740782375e+01 5.202615223929531185e-02 5.202615223929531185e-02 1.590600715438372226e-01
1.510500000000000000e+03 6.693689352851245076e+02 3.547717641861765969e+00 2.617427537376151858e-02 3.547717641861765969e+00 2.617427537376151858e-02 1.365134640346570727e+01 2.394064136121432790e-02 2.394064136121432096e-02 1.067088143637329317e-01
1.546500000000000000e+03 5.594450446652348319e+02 5.420972455814118796e+00 1.402748452198986084e-01 5.420972455814118796e+00 1.402748452198986084e-01 1.749722922376308887e+01 -5.639475158554271145e-02 -5.639475158554272533e-02 7.560551817044336431e-02
1.582500000000000000e+03 4.705357876832609918e+02 -9.033736857167034007e-01 -3.257773468320801502e-01 -9.033736857167034007e-01 -3.257773468320801502e-01 2.011041279099671542e+01 1.764922543167440072e-01 1.764922543167439517e-01 8.751769828371061544e-02
1.618500000000000000e+03 4.139031766132005146e+02 -1.415583207553866885e+01 9.221669902381340878e-02 -1.415583207553866885e+01 9.221669902381340878e-02 2.042549565666848821e+01 -8.619785908119026452e-02 -8.619785908119022289e-02 1.299007243276237011e-01
1.654500000000000000e+03 3.993375358980002829e+02 -2.475813085230707244e+01 -4.007744690332360610e-02 -2.475813085230707244e+01 -4.007744690332360610e-02 1.853104307102376680e+01 -2.538563455876841068e-02 -2.538563455876835517e-02 3.639040988523391945e-02
1.690500000000000000e+03 4.064658996534222979e+02 -2.996745262625950090e+01 -2.948126625193911998e-01 -2.996745262625950090e+01 -2.948126625193911998e-01 1.476147219150431056e+01 -1.021312367040729495e-02 -1.021312367040730709e-02 -4.162619571657181355e-02
1.726500000000000000e+03 4.148745993075852994e+02 -2.610829362806625298e+01 2.144372832140023846e-02 -2.610829362806625298e+01 2.144372832140023846e-02 1.071080621224733420e+01 4.020726370678558668e-03 4.020726370678559536e-03 2.480273263962323033e-02
1.762500000000000000e+03 4.011757063637308534e+02 -1.922227277171989357e+01 -8.696231370992013598e-03 -1.922227277171989357e+01 -8.696231370992013598e-03 8.596197124644492149e+00 4.930376688408248664e-02 4.930376688408249358e-02 7.685948292989927544e-02
1.798500000000000000e+03 3.733800318358463528e+02 -9.510737023799642031e+00 -1.196178249897171114e-01 -9.510737023799642031e+00 -1.196178249897171114e-01 8.077680605155654447e+00 -8.668737358611151855e-02 -8.668737358611156019e-02 2.090986968087638065e-02
1.834500000000000000e+03 3.351249616450363078e+02 -5.232374814624295212e+00 -2.224140239728336077e-01 -5.232374814624295212e+00 -2.224140239728336077e-01 8.985139193442394756e+00 -1.542782670060539596e-01 -1.542782670060539596e-01 7.658450257831435348e-02
1.870500000000000000e+03 2.915475034815412982e+02 -5.392899155919969267e+00 4.316439890488973918e-01 -5.392899155919969267e+00 4.316439890488973918e-01 9.929008865323137201e+00 6.555318594382186781e-03 6.555318594382193720e-03 5.863479277904932313e-02
1.906500000000000000e+03 2.643257169739852657e+02 -9.367640486952495849e+00 -3.172188923652741882e-02 -9.367640486952495849e+00 -3.172188923652741882e-02 1.098795256508154239e+01 6.067582322153600854e-02 6.067582322153600161e-02 2.205500418198769186e-02
1.942500000000000000e+03 2.497835302208608255e+02 -1.433442476865184112e+01 -1.163642090918309835e-01 -1.433442476865184112e+01 -1.163642090918309835e-01 1.089543629130958280e+01 -6.882254201971216290e-02 -6.882254201971219065e-02 -5.157860164780413842e-02
1.978500000000000000e+03 2.493798903693207194e+02 -1.755989055623118844e+01 -5.176334657722022614e-01 -1.755989055623118844e+01 -5.176334657722022614e-01 9.816807474129184641e+00 6.543668763591825588e-02 6.543668763591825588e-02 6.673095436066885100e-02
2.014500000000000000e+03 2.471665655220605231e+02 -1.748167639303517262e+01 1.298305713289948926e-01 -1.748167639303517262e+01 1.298305713289948926e-01 7.843578737492274300e+00 1.232154152251232690e-02 1.232154152251232343e-02 1.876397843388257769e-01
2.050500000000000000e+03 2.430386682151586513e+02 -1.416821616252353166e+01 3.412942095045918833e-01 -1.416821616252353166e+01 3.412942095045918833e-01 6.426385538058356772e+00 3.288162345362630884e-02 3.288162345362631578e-02 -7.319343175573829463e-02
2.086500000000000000e+03 2.301438018602979128e+02 -9.512821939162053653e+00 -4.146395511528783162e-01 -9.512821939162053653e+00 -4.146395511528783162e-01 5.227852723199698737e+00 3.875198852654913872e-02 3.875198852654913872e-02 -1.337069819253303704e-01
2.122500000000000000e+03 2.113866076405458330e+02 -4.924240920106397468e+00 3.436750026187345153e-01 -4.924240920106397468e+00 3.436750026187345153e-01 4.779134369783750280e+00 -4.376762895759215427e-02 -4.376762895759216815e-02 9.509749273814125520e-03
2.158500000000000000e+03 1.856939233400902936e+02 -3.046053585699076027e+00 -2.742569362813956357e-01 -3.046053585699076027e+00 -2.742569362813956357e-01 5.421577976343083805e+00 1.407766808348939053e-02 1.407766808348939053e-02 -8.605674757357489879e-03
2.207000000000000000e+03 1.595659223664167428e+02 -3.472960597681683748e+00 -2.006886020175940866e-01 -3.472960597681683748e+00 -2.006886020175940866e-01 6.222721443464861224e+00 1.580612539214780177e-01 1.580612539214780454e-01 7.140570277812786915e-02
2.268000000000000000e+03 1.392251088467564841e+02 -6.845229992058753155e+00 -1.341900183625421850e-01 -6.845229992058753155e+00 -1.341900183625421850e-01 5.747144552917160532e+00 3.031636307983426662e-02 3.031636307983427356e-02 9.462394874592654215e-03
2.329000000000000000e+03 1.348197390296328138e+02 -7.833818679892988968e+00 -1.797856391528130510e-02 -7.833818679892988968e+00 -1.797856391528130510e-02 4.576977961101453829e+00 6.751771323915557732e-03 6.751771323915578549e-03 -5.900225043660035223e-02
2.390000000000000000e+03 1.263386885215072937e+02 -5.924032469179756788e+00 -3.870963046337467378e-02 -5.924032469179756788e+00 -3.870963046337467378e-02 3.172356881330172573e+00 5.450569181554490439e-02 5.450569181554493214e-02 1.893388395569178262e-01
2.451000000000000000e+03 1.132784713042119193e+02 -3.457094808443388789e+00 -1.272688911718005966e-01 -3.457094808443388789e+00 -1.272688911718005966e-01 2.636810999793191890e+00 1.488521006483920495e-01 1.488521006483920217e-01 -1.050178038844362394e-01
2.512000000000000000e+03 9.993962848707900548e+01 -3.082295449441364799e+00 -3.131771037150332115e-01 -3.082295449441364799e+00 -3.131771037150332115e-01 2.842298348928358198e+00 -5.325417663289402914e-02 -5.325417663289398751e-02 8.959931539984350435e-02
2.573000000000000000e+03 9.034050281417239603e+01 -3.972903251509639855e+00 3.123908056005707951e-02 -3.972903251509639855e+00 3.123908056005707951e-02 2.804944329895465494e+00 -6.567351619019361209e-02 -6.567351619019359821e-02 -1.202886251234074610e-01
2.634000000000000000e+03 8.718146369052703903e+01 -4.374035258320854602e+00 1.061104808304686870e-01 -4.374035258320854602e+00 1.061104808304686870e-01 2.437890642415109443e+00 2.063842627617163417e-01 2.063842627617162861e-01 -1.440663823674329103e-02
2.695000000000000000e+03 8.243648449710683224e+01 -3.433015407807062491e+00 2.930707747249115119e-02 -3.433015407807062491e+00 2.930707747249115119e-02 1.789237756753807806e+00 4.611837359670431513e-02 4.611837359670430125e-02 -1.042545851015435204e-01
2.756000000000000000e+03 7.524726881770202169e+01 -1.811885216245390007e+00 3.408595575238686226e-02 -1.811885216245390007e+00 3.408595575238686226e-02 1.306117076060244742e+00 -6.091301403423921706e-02 -6.091301403423918931e-02 9.689436169487336548e-02
2.817000000000000000e+03 6.833123248448175957e+01 -1.643061707055600618e+00 -8.790446153067259238e-02 -1.643061707055600618e+00 -8.790446153067259238e-02 1.540435929831922790e+00 3.240299481716026331e-01 3.240299481716024665e-01 -1.227419650902062814e-01
2.878000000000000000e+03 6.137009620168953461e+01 -1.755285639354613458e+00 1.251362782751115343e-01 -1.755285639354613458e+00 1.251362782751115343e-01 1.546728173790791416e+00 -5.169615494074569773e-02 -5.169615494074569773e-02 8.107135307466603602e-02
2.939000000000000000e+03 5.918905375234410116e+01 -1.687149317810518356e+00 1.392406966057831985e-01 -1.687149317810518356e+00 1.392406966057831985e-01 1.548865129202477098e+00 6.459392653559260788e-02 6.459392653559263564e-02 1.255482131184056972e-02
3.000000000000000000e+03 5.700716766980783490e+01 -1.499984956642333112e+00 2.212066729420628097e-01 -1.499984956642333112e+00 2.212066729420628097e-01 8.580218725814712233e-01 -1.398997169709127741e-02 -1.398997169709129129e-02 -7.984245220423719092e-02
3.061000000000000000e+03 5.471553919937532839e+01 -1.292677585612442392e+00 2.005727020080322331e-01 -1.292677585612442392e+00 2.005727020080322331e-01 6.553428612876838200e-01 -1.402472406229851587e-01 -1.402472406229851587e-01 1.097870033140449925e-01
3.122000000000000000e+03 5.190762518547133908e+01 -8.731505263552532536e-01 -9.617222608777800663e-02 -8.731505263552532536e-01 -9.617222608777800663e-02 4.342581600394307961e-01 1.062232567653158127e-01 1.062232567653158266e-01 4.826898082486294483e-02
3.183000000000000000e+03 5.047905738870878167e+01 -7.239092081275086965e-01 8.818092826358496505e-02 -7.239092081275086965e-01 8.818092826358496505e-02 8.224415828791753480e-01 1.014219536118831505e-01 1.014219536118831783e-01 1.997966558783337010e-01
3.244000000000000000e+03 4.898548875327880125e+01 -1.120640091400572302e+00 9.518470784567665405e-03 -1.120640091400572302e+00 9.518470784567665405e-03 3.701224686179515055e-01 -6.516295767639512793e-02 -6.516295767639512793e-02 4.742549791163009898e-01
3.305000000000000000e+03 4.820078686425156889e+01 -6.575154195942869428e-01 -2.264028838304058683e-02 -6.575154195942869428e-01 -2.264028838304058683e-02 1.235012798316012850e+00 -5.071047534589685768e-02 -5.071047534589685768e-02 -1.231901568858151733e-02
3.366000000000000000e+03 4.735250762166496941e+01 -6.881627669719320162e-01 -2.078438622507855493e-01 -6.881627669719320162e-01 -2.078438622507855493e-01 -3.827524046419170708e-03 9.981450836857316822e-02 9.981450836857316822e-02 -1.703495542472226454e-01
3.447000000000000000e+03 4.630410912217080721e+01 -4.934759469503327001e-01 5.677965394480967432e-02 -4.934759469503327001e-01 5.677965394480967432e-02 3.164955624703947312e-01 -1.075745542036167512e-01 -1.075745542036167096e-01 1.582171877008456407e-01
3.548000000000000000e+03 4.488455318005877359e+01 -2.622763776714106543e-01 -3.063843325050968347e-01 -2.622763776714106543e-01 -3.063843325050968347e-01 2.157899963492432571e-01 -1.260976493700856071e-01 -1.260976493700856071e-01 1.605502660082947786e-01
3.649000000000000000e+03 4.548282061990397551e+01 -3.368569371644770105e-01 -2.319167420023708903e-01 -3.368569371644770105e-01 -2.319167420023708903e-01 3.148545213937009035e-01 -1.634393808542771720e-01 -1.634393808542771165e-01 1.010288564863244393e-01
3.750000000000000000e+03 4.573266089482599028e+01 -5.010259151120334264e-01 -6.584259711241861705e-03 -5.010259151120334264e-01 -6.584259711241861705e-03 3.753644549719447610e-01 1.596828187708612123e-01 1.596828187708612123e-01 -4.940973020111758159e-03
3.851000000000000000e+03 4.623644467160450233e+01 1.825670032172695412e-01 -1.316071496438211141e-01 1.825670032172695412e-01 -1.316071496438211141e-01 1.273444959512094743e-01 1.472638374576429876e-01 1.472638374576427656e-01 4.407573993605227725e-01
3.952000000000000000e+03 4.666820606034735164e+01 -3.286737116222605559e-01 -2.039334235335388823e-01 -3.286737116222605559e-01 -2.039334235335388823e-01 4.056977484332648792e-02 -4.068471566522564586e-01 -4.068471566522564586e-01 -4.729019022266837680e-01
4.053000000000000000e+03 4.785817931418793592e+01 -5.459449270023692957e-01 -2.693349638471204677e-01 -5.459449270023692957e-01 -2.693349638471204677e-01 4.906124774094446916e-01 7.136666811821474887e-01 7.136666811821474887e-01 5.895116629981946854e-01
4.154000000000000000e+03 4.856043081183192101e+01 -1.214730727827417478e-01 -1.461880610501374855e-01 -1.214730727827417478e-01 -1.461880610501374855e-01 1.452597510250584062e-02 -1.264895953956568786e-01 -1.264895953956568508e-01 -1.565279736709081215e-01
4.255000000000000000e+03 4.953076509278529471e+01 -2.460068291688731201e-01 1.087607396225092060e-01 -2.460068291688731201e-01 1.087607396225092060e-01 3.724863685431079041e-01 5.820133695623779246e-01 5.820133695623780357e-01 5.221611521562389280e-01
4.356000000000000000e+03 5.184404475162377679e+01 -6.360035834828590140e-01 1.333008559372732826e-01 -6.360035834828590140e-01 1.333008559372732826e-01 4.064937406202262168e-03 -7.242841337943586311e-01 -7.242841337943584090e-01 6.878390221540883198e-01
4.457000000000000000e+03 5.347954688050275251e+01 8.718317313144807734e-02 3.444615572775656942e-02 8.718317313144807734e-02 3.444615572775656942e-02 -8.121407785427768589e-02 1.283658521057357838e-01 1.283658521057357838e-01 3.906377587590961209e-01
4.558000000000000000e+03 5.455632875186029196e+01 3.015830895858160887e-01 1.672759049011206534e-01 3.015830895858160887e-01 1.672759049011206534e-01 -6.686287628737982436e-01 -4.917237424006326574e-02 -4.917237424006326574e-02 5.501180730804242636e-01
4.659000000000000000e+03 5.581692409226380391e+01 3.596505672705778700e-01 5.524347091607515470e-01 3.596505672705778700e-01 5.524347091607515470e-01 -6.789141180169063761e-01 -4.264854903745848164e-02 -4.264854903745846776e-02 -6.317395572190233066e-01
4.760000000000000000e+03 5.910584209853961113e+01 -2.356219298524871719e-01 -4.871994003460346501e-01 -2.356219298524871719e-01 -4.871994003460346501e-01 -3.684367473973598206e-01 1.222808220234869736e-01 1.222808220234869875e-01 -4.336862188105830573e-01
4.861000000000000000e+03 5.942746993036789149e+01 -6.641911622627958423e-01 8.173855343634982562e-01 -6.641911622627958423e-01 8.173855343634982562e-01 7.288528780155356657e-01 7.170466065604370609e-01 7.170466065604372830e-01 9.079289576346486479e-01
4.962000000000000000e+03 6.095014330893836529e+01 -5.507739356844766621e-02 5.554662120885689447e-01 -5.507739356844766621e-02 5.554662120885689447e-01 7.543608145936941956e-02 -4.981120502771795855e-01 -4.981120502771796410e-01 -8.335903807287501355e-01
5.063000000000000000e+03 6.347027561245981531e+01 -7.805147804607168172e-02 -5.742864215418607143e-01 -7.805147804607168172e-02 -5.742864215418607143e-01 2.770214061739161848e-01 2.204308877746615769e-01 2.204308877746614104e-01 5.431925133240150805e-01
5.164000000000000000e+03 6.601962786521085036e+01 -5.436901955050466029e-02 -2.863066281191422036e-01 -5.436901955050466029e-02 -2.863066281191422036e-01 -4.430013272815132019e-01 -5.271829881425780240e-01 -5.271829881425780240e-01 3.867495011870473176e-01
5.265000000000000000e+03 6.696721439402055864e+01 -2.055518813038839376e-01 2.174801719610845174e-01 -2.055518813038839376e-01 2.174801719610845174e-01 1.173816704188107851e-01 2.969234322269559967e-01 2.969234322269562187e-01 -1.222417457009846498e+00
5.366000000000000000e+03 6.920588018637583616e+01 -1.159787572266482769e+00 2.951396865085640364e-01 -1.159787572266482769e+00 2.951396865085640364e-01 -1.557983430972190053e+00 4.151582790326563410e-02 4.151582790326563410e-02 6.927126446502553936e-01
5.467000000000000000e+03 7.041743651667910342e+01 -2.921212848969367837e-01 3.545140695713406287e-01 -2.921212848969367837e-01 3.545140695713406287e-01 -2.758426744246372575e+00 4.329666371750230947e-01 4.329666371750229836e-01 -1.760209940175755036e-02
5.568000000000000000e+03 7.228342673330769230e+01 -7.419577648254338520e-02 3.811723837159439188e-02 -7.419577648254338520e-02 3.811723837159439188e-02 -3.563538590040520870e-01 -1.737882925320481386e-01 -1.737882925320482219e-01 7.293944547945511170e-01
5.669000000000000000e+03 7.496258799903752390e+01 -5.955426969598189846e-01 8.140773919784134449e-01 -5.955426969598189846e-01 8.140773919784134449e-01 -3.195316963687357070e+00 2.780559823317301227e+00 2.780559823317302559e+00 -1.489351943119496147e+00
5.770000000000000000e+03 7.861537833335385983e+01 -4.658473188156397882e-01 -3.611604319360459669e-01 -4.658473188156397882e-01 -3.611604319360459669e-01 3.700509064236245038e+00 -7.361181779617345100e-01 -7.361181779617346210e-01 4.025694931371232244e+00
5.871000000000000000e+03 7.991174433467837446e+01 8.125451884392752566e-01 -4.407374639839900521e-02 8.125451884392752566e-01 -4.407374639839900521e-02 4.347309852158089960e+00 -8.572450420123193249e-01 -8.572450420123192139e-01 9.378416439505667945e-01
