# l Dl_TT Dl_TE Dl_TB Dl_ET Dl_BT Dl_EE Dl_EB Dl_BE Dl_BB
7.050000000000000000e+01 1.911526741417988205e+03 -6.106441558266107350e+00 -1.075552249252085701e+00 -6.106441558266107350e+00 -1.075552249252085701e+00 3.498823339027917756e-01 -5.936039576885390745e-03 -5.936039576885392480e-03 1.252947501077015906e-02
1.065000000000000000e+02 2.866786248008591429e+03 -2.598984174617802267e+01 3.145717669009173711e-02 -2.598984174617802267e+01 3.145717669009173711e-02 8.120163664848789598e-01 1.076792232580377900e-02 1.076792232580377554e-02 9.233666466379552131e-04
1.425000000000000000e+02 4.055000464649096102e+03 -4.225813129056301420e+01 3.122915435628640934e-01 -4.225813129056301420e+01 3.122915435628640934e-01 1.078074274114104725e+00 9.391509663418107917e-03 9.391509663418113121e-03 2.124995845701617078e-02
1.785000000000000000e+02 5.058842909942415645e+03 -3.669405639620259763e+01 6.339850842277761078e-01 -3.669405639620259763e+01 6.339850842277761078e-01 8.617596210627231912e-01 -1.987425939876534195e-02 -1.987425939876535236e-02 2.436011022699798370e-02
2.145000000000000000e+02 5.730166967025010308e+03 5.176393536669117168e+00 -5.800239817003447484e-01 5.176393536669117168e+00 -5.800239817003447484e-01 8.545555801174109511e-01 -6.674447775185343885e-03 -6.674447775185343885e-03 3.464506702771735346e-03
2.505000000000000000e+02 5.424404383017493274e+03 6.418110752579221412e+01 -7.647745531655820717e-01 6.418110752579221412e+01 -7.647745531655820717e-01 2.573510920954494186e+00 -9.467211196782650620e-03 -9.467211196782650620e-03 3.744829575464333343e-02
2.865000000000000000e+02 4.565753222066728085e+03 1.093518395020465448e+02 -1.635152941623294609e-01 1.093518395020465448e+02 -1.635152941623294609e-01 6.828798259816307059e+00 -3.180697965928713788e-02 -3.180697965928713788e-02 1.367907328101936569e-02
3.225000000000000000e+02 3.280995899849810485e+03 1.169529875287502421e+02 -3.477302667422453308e-01 1.169529875287502421e+02 -3.477302667422453308e-01 1.309726409477223363e+01 -1.461834943176779783e-02 -1.461834943176781171e-02 4.672852012638479408e-02
3.585000000000000000e+02 2.323083965882744906e+03 7.816240377167420661e+01 4.397182576038650148e-01 7.816240377167420661e+01 4.397182576038650148e-01 1.928355568541872955e+01 5.827494649134103144e-02 5.827494649134103144e-02 3.183021613396285615e-02
3.945000000000000000e+02 1.771505547917757667e+03 7.747625070234702704e+00 2.037009942023622622e-01 7.747625070234702704e+00 2.037009942023622622e-01 2.135808555307961498e+01 6.101190525969958645e-02 6.101190525969961420e-02 4.096905384224373836e-02
4.305000000000000000e+02 1.778405706719491036e+03 -4.596643701559716533e+01 4.322229077685182386e-01 -4.596643701559716533e+01 4.322229077685182386e-01 1.898022118287800453e+01 4.625740022266883189e-02 4.625740022266882495e-02 9.381750394667848214e-02
4.665000000000000000e+02 2.117720572896835620e+03 -7.310168754014699743e+01 1.345726030927999251e+00 -7.310168754014699743e+01 1.345726030927999251e+00 1.336101482495718074e+01 -4.094944193601920968e-02 -4.094944193601922355e-02 1.137325475878843070e-02
5.025000000000000000e+02 2.435997756302238486e+03 -5.507982942796435566e+01 -5.408553295173740283e-01 -5.507982942796435566e+01 -5.408553295173740283e-01 8.211888939822653555e+00 -1.436934672267704133e-03 -1.436934672267704133e-03 8.828861996972545145e-02
5.385000000000000000e+02 2.569024902195967570e+03 -1.244532473801004357e+01 -1.743774271586833180e-01 -1.244532473801004357e+01 -1.743774271586833180e-01 7.406320601333924003e+00 -5.853506526802628937e-03 -5.853506526802625468e-03 5.072759566472660048e-02
5.745000000000000000e+02 2.425777839478446822e+03 1.843411274496351382e+01 -1.130794204841506917e-01 1.843411274496351382e+01 -1.130794204841506917e-01 1.287928213696159041e+01 -4.472795517777373997e-02 -4.472795517777373997e-02 8.284596722159065507e-02
6.105000000000000000e+02 2.153721933934916251e+03 2.489968726024576995e+01 -3.750673807989005626e-01 2.489968726024576995e+01 -3.750673807989005626e-01 2.298323367398013417e+01 -7.348195752706153383e-02 -7.348195752706151995e-02 1.040750380866627828e-01
6.465000000000000000e+02 1.918720234939853754e+03 -1.055841535748733762e+01 5.965759232485776109e-02 -1.055841535748733762e+01 5.965759232485776109e-02 3.194604168036998360e+01 -1.655727267280134377e-02 -1.655727267280132989e-02 1.024686444004155733e-01
6.825000000000000000e+02 1.794638700503576956e+03 -6.687928411988336563e+01 4.743830343557561280e-01 -6.687928411988336563e+01 4.743830343557561280e-01 3.746921804922801869e+01 1.277833724458248520e-02 1.277833724458248520e-02 7.433984540542197539e-02
7.185000000000000000e+02 1.992708041696457258e+03 -1.202558702900880689e+02 3.326432064535411737e-01 -1.202558702900880689e+02 3.326432064535411737e-01 3.492619143891192124e+01 -4.000696317550164749e-02 -4.000696317550163361e-02 7.527822343970597130e-02
7.545000000000000000e+02 2.314908227466730750e+03 -1.354459090904724974e+02 8.085298505960092363e-02 -1.354459090904724974e+02 8.085298505960092363e-02 2.695938014606488764e+01 -4.429281058788317460e-02 -4.429281058788320236e-02 9.393108450062818970e-02
7.905000000000000000e+02 2.514718670341695542e+03 -1.049200302115159644e+02 -2.982215458737720870e-01 -1.049200302115159644e+02 -2.982215458737720870e-01 1.775578606642186585e+01 5.681611363138955317e-02 5.681611363138951848e-02 9.073453839566941737e-02
8.265000000000000000e+02 2.499850625959379613e+03 -4.146186363684496712e+01 4.422840681133125007e-01 -4.146186363684496712e+01 4.422840681133125007e-01 1.281759877332433106e+01 -4.954578755003384571e-02 -4.954578755003382490e-02 8.817390363199083259e-02
8.625000000000000000e+02 2.288788483970544348e+03 1.882318798065012544e+01 -3.412569151467751971e-01 1.882318798065012544e+01 -3.412569151467751971e-01 1.487899259141527963e+01 2.640498943184473035e-03 2.640498943184466096e-03 1.511051817638719152e-01
8.985000000000000000e+02 1.932048138522241743e+03 5.610699011937653324e+01 7.693160788514666892e-01 5.610699011937653324e+01 7.693160788514666892e-01 2.360078937307310909e+01 1.086597952049584564e-02 1.086597952049584564e-02 7.300096891638017949e-02
9.345000000000000000e+02 1.505469231811664940e+03 5.052497837018286475e+01 3.824848098682795960e-01 5.052497837018286475e+01 3.824848098682795960e-01 3.368920862799358673e+01 1.640659455856464249e-02 1.640659455856462862e-02 8.292979273404862961e-02
9.705000000000000000e+02 1.203368260287580142e+03 1.667851657535877052e+01 1.355485282882786524e-01 1.667851657535877052e+01 1.355485282882786524e-01 4.140107281902041336e+01 1.339980138508775620e-02 1.339980138508774232e-02 1.382162734315430797e-01
1.006500000000000000e+03 1.053997137834124942e+03 -3.326636452195985783e+01 -3.040338583671995942e-01 -3.326636452195985783e+01 -3.040338583671995942e-01 4.192502698679482620e+01 1.149089701610898628e-01 1.149089701610899461e-01 9.424621910818108128e-02
1.042500000000000000e+03 1.099212881912504145e+03 -6.804275828428593798e+01 1.594647492603450400e-01 -6.804275828428593798e+01 1.594647492603450400e-01 3.496662393604989916e+01 1.245716115840603266e-02 1.245716115840605348e-02 5.509875718839702535e-02
1.078500000000000000e+03 1.181804108945587814e+03 -7.937700283537799351e+01 2.696707426736421054e-01 -7.937700283537799351e+01 2.696707426736421054e-01 2.535967572812819171e+01 -4.424059871060440075e-02 -4.424059871060444238e-02 6.438644328237934367e-02
1.114500000000000000e+03 1.242475273198626155e+03 -5.966386574439194135e+01 4.190375211976885006e-02 -5.966386574439194135e+01 4.190375211976885006e-02 1.699308296711181754e+01 4.328933604593365042e-02 4.328933604593363654e-02 1.492362935160203852e-01
1.150500000000000000e+03 1.222089957156844548e+03 -2.959760755164929691e+01 -1.427558781639238494e-01 -2.959760755164929691e+01 -1.427558781639238494e-01 1.329496661500343713e+01 -3.155145100432080185e-02 -3.155145100432081573e-02 1.135587804627235103e-01
1.186500000000000000e+03 1.114552754122583792e+03 -3.198485138999601851e+00 -1.540976053554065084e-01 -3.198485138999601851e+00 -1.540976053554065084e-01 1.562069056127915978e+01 5.555647214391053884e-03 5.555647214391067762e-03 6.776874318436305888e-02
1.222500000000000000e+03 9.390004259793811343e+02 3.734560659462994980e+00 5.108863791406537125e-02 3.734560659462994980e+00 5.108863791406537125e-02 2.125760505339774653e+01 5.428310194083710294e-02 5.428310194083710988e-02 1.153711056756941966e-01
1.258500000000000000e+03 8.225957852047689585e+02 -5.107410061492072550e+00 -2.016339870835961723e-01 -5.107410061492072550e+00 -2.016339870835961723e-01 2.755603489388768423e+01 -1.372069493923226170e-03 -1.372069493923227471e-03 5.408576049324632234e-02
1.294500000000000000e+03 7.403658454750684541e+02 -2.844883900015502576e+01 -8.554898954957815271e-02 -2.844883900015502576e+01 -8.554898954957815271e-02 3.018820679706414722e+01 -2.297911912256545008e-02 -2.297911912256543621e-02 -8.848431974070772310e-02
1.330500000000000000e+03 7.292318389787735669e+02 -4.801213895260963227e+01 -2.498108688182955617e-01 -4.801213895260963227e+01 -2.498108688182955617e-01 2.862337927100841384e+01 2.681140839980682838e-02 2.681140839980683532e-02 1.018237806442395393e-01
1.366500000000000000e+03 7.778814752522034723e+02 -6.005642992368585453e+01 -5.896469835925338687e-02 -6.005642992368585453e+01 -5.896469835925338687e-02 2.326911713196145470e+01 1.842859707441395212e-02 1.842859707441395906e-02 5.674217999746785507e-02
1.402500000000000000e+03 8.162803196599701323e+02 -5.252391055926425167e+01 1.938394919011471040e-01 -5.252391055926425167e+01 1.938394919011471040e-01 1.682247306959839861e+01 4.561644104946361439e-02 4.561644104946363520e-02 8.537071119875930258e-02
1.438500000000000000e+03 8.242616602486248212e+02 -3.389234270631191492e+01 1.623121795737453021e-01 -3.389234270631191492e+01 1.623121795737453021e-01 1.247967297681582899e+01 -1.763493364739674996e-01 -1.763493364739674441e-01 2.953597125816866467e-02
1.474500000000000000e+03 7.743479995993984630e+02 -1.332802436360313614e+01 -4.625804836547621202e-01 -1.332802436360313614e+01 -4.625804836547621202e-01 1.143001895415130953e+01 1.177503742793838959e-01 1.177503742793838959e-01 1.536212975260223268e-01
1.510500000000000000e+03 6.685883794617263902e+02 2.375056199762844322e+00 -1.963005752856581410e-01 2.375056199762844322e+00 -1.963005752856581410e-01 1.386317763524829694e+01 -5.542002233877532658e-02 -5.542002233877532658e-02 6.548640422981243103e-02
1.546500000000000000e+03 5.576977875443764106e+02 5.698453859234377639e+00 3.016268935273189733e-01 5.698453859234377639e+00 3.016268935273189733e-01 1.696273895700743140e+01 -2.145002596936158856e-02 -2.145002596936157468e-02 2.730277082271791861e-02
1.582500000000000000e+03 4.666170101889031798e+02 -1.782609148395010168e+00 3.429860346292543660e-01 -1.782609148395010168e+00 3.429860346292543660e-01 1.994070079391095263e+01 -1.572473483636872005e-01 -1.572473483636872005e-01 5.464436479603440588e-02
1.618500000000000000e+03 4.196894014100707295e+02 -1.528816853651567342e+01 3.664874679262708490e-01 -1.528816853651567342e+01 3.664874679262708490e-01 2.053180987071297281e+01 -3.175798168684164369e-03 -3.175798168684157430e-03 3.442189702725038936e-02
1.654500000000000000e+03 4.020734587744183273e+02 -2.484930244751730299e+01 -1.587523625140300765e-01 -2.484930244751730299e+01 -1.587523625140300765e-01 1.868759664890283645e+01 7.014439034087859015e-02 7.014439034087854852e-02 9.713924537794035863e-02
1.690500000000000000e+03 4.071429174619921696e+02 -2.996873014236043886e+01 -1.494140980798824292e-01 -2.996873014236043886e+01 -1.494140980798824292e-01 1.477170957253738059e+01 -9.982420635277277493e-03 -9.982420635277274024e-03 -5.919372115317790561e-02
1.726500000000000000e+03 4.085024696551558350e+02 -2.669188009044496823e+01 -9.695310520047600855e-02 -2.669188009044496823e+01 -9.695310520047600855e-02 1.108126123285043896e+01 1.278949451978164120e-01 1.278949451978164675e-01 2.800998841712394258e-02
1.762500000000000000e+03 4.029185347324630584e+02 -1.882030205025037617e+01 -1.618774797508970020e-01 -1.882030205025037617e+01 -1.618774797508970020e-01 8.500843956888529007e+00 -1.032365180593853848e-01 -1.032365180593853848e-01 3.043554502574629880e-03
1.798500000000000000e+03 3.708790498526419697e+02 -9.760540475103347546e+00 -9.233282279826313110e-02 -9.760540475103347546e+00 -9.233282279826313110e-02 7.896974856566071566e+00 -4.243086368206945569e-02 -4.243086368206946957e-02 1.826311351614415615e-02
1.834500000000000000e+03 3.306533694171699267e+02 -5.486130382473938027e+00 7.733631270783337952e-02 -5.486130382473938027e+00 7.733631270783337952e-02 8.824968554345536731e+00 7.112321650042806483e-03 7.112321650042804748e-03 5.877408009974405614e-03
1.870500000000000000e+03 2.964655152699330642e+02 -6.189761222304285937e+00 -1.666216347015984089e-01 -6.189761222304285937e+00 -1.666216347015984089e-01 1.006024860476836658e+01 -8.615143322710162865e-02 -8.615143322710161478e-02 5.586370787008050620e-02
1.906500000000000000e+03 2.639505166419171474e+02 -9.534719357191690392e+00 1.045267775778847830e-01 -9.534719357191690392e+00 1.045267775778847830e-01 1.073583998787283278e+01 1.146231164960096194e-01 1.146231164960095916e-01 2.571935555065339440e-01
1.942500000000000000e+03 2.508297229648109976e+02 -1.450846623138218661e+01 8.930056871775056415e-02 -1.450846623138218661e+01 8.930056871775056415e-02 1.099342584313065174e+01 1.007198087867982039e-01 1.007198087867982317e-01 -1.300818401644991129e-01
1.978500000000000000e+03 2.488354441807051103e+02 -1.781328105942336038e+01 -2.790179850664051275e-01 -1.781328105942336038e+01 -2.790179850664051275e-01 9.703564154987343926e+00 7.597963360413939604e-02 7.597963360413942380e-02 -3.011510718144586670e-04
2.014500000000000000e+03 2.458188301711025190e+02 -1.722131837420055689e+01 -1.114955099080180700e-01 -1.722131837420055689e+01 -1.114955099080180700e-01 7.655841603469658807e+00 1.382627663545834273e-01 1.382627663545834551e-01 1.926393828322509397e-02
2.050500000000000000e+03 2.462936492973405791e+02 -1.412624860589327724e+01 2.331506175762468880e-01 -1.412624860589327724e+01 2.331506175762468880e-01 6.050405473626499386e+00 -4.997005056412781587e-02 -4.997005056412781587e-02 2.021603812177581450e-01
2.086500000000000000e+03 2.309806252572530809e+02 -9.070041043811814419e+00 -4.412322840002758095e-01 -9.070041043811814419e+00 -4.412322840002758095e-01 4.961557938706564919e+00 2.082901326501660627e-02 2.082901326501665484e-02 1.979070278263202198e-02
2.122500000000000000e+03 2.116200297361493199e+02 -5.493335532286053535e+00 1.140556118047777456e-01 -5.493335532286053535e+00 1.140556118047777456e-01 5.182351772477454155e+00 -1.336369771527017372e-02 -1.336369771527017025e-02 2.682517118928967950e-02
2.158500000000000000e+03 1.883500510167948221e+02 -2.891128468112075467e+00 2.260991878491909746e-01 -2.891128468112075467e+00 2.260991878491909746e-01 5.483553644218254419e+00 6.877445065365869747e-02 6.877445065365869747e-02 2.701659787715672278e-01
2.207000000000000000e+03 1.607376918707734603e+02 -3.563305895337815166e+00 -7.203110472515354690e-02 -3.563305895337815166e+00 -7.203110472515354690e-02 6.007951231754554478e+00 4.843060954732265194e-03 4.843060954732247847e-03 1.123904013636642801e-01
2.268000000000000000e+03 1.390258892658480647e+02 -6.666947978468895641e+00 6.094564636310504518e-02 -6.666947978468895641e+00 6.094564636310504518e-02 5.814421209338885177e+00 -2.264022855089448810e-02 -2.264022855089448116e-02 -3.621813245521848107e-02
2.329000000000000000e+03 1.337900386995418671e+02 -8.061859662960156214e+00 1.869435002394215783e-01 -8.061859662960156214e+00 1.869435002394215783e-01 4.561114334268734360e+00 -1.355251510407686488e-01 -1.355251510407687043e-01 2.194366244743383432e-01
2.390000000000000000e+03 1.270615817229617903e+02 -6.004169843746787194e+00 2.676907540706410238e-01 -6.004169843746787194e+00 2.676907540706410238e-01 3.253767508509050277e+00 5.102254446568681157e-02 5.102254446568680463e-02 4.346222984890260599e-02
2.451000000000000000e+03 1.123558925642546882e+02 -3.737541656067632445e+00 -1.615232730163835007e-01 -3.737541656067632445e+00 -1.615232730163835007e-01 2.843468289742612232e+00 -1.381811401338984002e-01 -1.381811401338984280e-01 -4.352423381754001730e-02
2.512000000000000000e+03 9.986037957570549395e+01 -3.419037776339194146e+00 2.236032974952707475e-01 -3.419037776339194146e+00 2.236032974952707475e-01 2.802060463570489102e+00 1.156549966019984332e-01 1.156549966019984055e-01 -1.004718906799315081e-01
2.573000000000000000e+03 9.123667600913150011e+01 -3.845647950790117342e+00 1.711053127451462597e-01 -3.845647950790117342e+00 1.711053127451462597e-01 2.992481808426460610e+00 -6.719794321486244337e-02 -6.719794321486241562e-02 -1.932075408458668042e-01
2.634000000000000000e+03 8.725587738937812787e+01 -4.299679782213075896e+00 -1.605153433409416408e-01 -4.299679782213075896e+00 -1.605153433409416408e-01 2.085685065466764243e+00 -3.193808732074390755e-02 -3.193808732074394918e-02 1.073290312371487920e-01
2.695000000000000000e+03 8.268057452762924697e+01 -3.230224882951461041e+00 2.942977423194315101e-02 -3.230224882951461041e+00 2.942977423194315101e-02 1.703668364598875939e+00 -1.158584981188928859e-01 -1.158584981188929552e-01 -2.372335954174102299e-02
2.756000000000000000e+03 7.504437045717736510e+01 -1.826118597104882557e+00 -1.242139983566261097e-01 -1.826118597104882557e+00 -1.242139983566261097e-01 1.711494607984460181e+00 2.031203386633347596e-01 2.031203386633347041e-01 2.911904006230579545e-01
2.817000000000000000e+03 6.812317957857698048e+01 -1.497716739551261167e+00 1.078702728955259621e-01 -1.497716739551261167e+00 1.078702728955259621e-01 1.315517216893671515e+00 -1.881090803491101415e-01 -1.881090803491100583e-01 -7.513242186943099032e-02
2.878000000000000000e+03 6.183958295361658486e+01 -2.067229495107253179e+00 -2.105380758106911721e-01 -2.067229495107253179e+00 -2.105380758106911721e-01 1.265431436560425116e+00 -2.219103721569209431e-01 -2.219103721569210264e-01 -3.251830154956931174e-01
2.939000000000000000e+03 5.907067163498294349e+01 -1.840558514518427335e+00 -2.030436806631807367e-01 -1.840558514518427335e+00 -2.030436806631807367e-01 1.125821019883892493e+00 1.700794365858307455e-03 1.700794365858293578e-03 -5.389681464048484694e-02
3.000000000000000000e+03 5.726637445892141187e+01 -1.704532651513002151e+00 2.328603956183521451e-01 -1.704532651513002151e+00 2.328603956183521451e-01 6.762622167562764020e-01 -1.266214056413743350e-01 -1.266214056413741962e-01 1.845038478476356339e-02
3.061000000000000000e+03 5.488866270578573392e+01 -1.475019781454670831e+00 2.912621069147178776e-01 -1.475019781454670831e+00 2.912621069147178776e-01 9.921727945105687230e-01 1.206109594168069399e-01 1.206109594168069121e-01 3.917036715395658120e-01
3.122000000000000000e+03 5.224564730529561984e+01 -1.019524954630944613e+00 -2.028768180862115800e-02 -1.019524954630944613e+00 -2.028768180862115800e-02 7.500837479240659578e-01 -1.507887523992294254e-01 -1.507887523992294532e-01 1.562125130169077780e-01
3.183000000000000000e+03 5.020742754187820367e+01 -1.161396474620984831e+00 -2.909513617559806864e-01 -1.161396474620984831e+00 -2.909513617559806864e-01 7.479196974197324099e-01 -2.496426510451023595e-01 -2.496426510451023595e-01 -2.258195771854687728e-01
3.244000000000000000e+03 4.896348500677975579e+01 -1.094754509135531517e+00 7.650523647792670245e-02 -1.094754509135531517e+00 7.650523647792670245e-02 7.870221939312419535e-01 2.518887286385050883e-01 2.518887286385050328e-01 1.059846846896056322e-01
3.305000000000000000e+03 4.836076339467397389e+01 -5.549433596213994013e-01 -1.709102121920760553e-01 -5.549433596213994013e-01 -1.709102121920760553e-01 3.649182413832471883e-01 3.228553920498986041e-01 3.228553920498984375e-01 1.875875348483687158e-02
3.366000000000000000e+03 4.657051380380236338e+01 -6.737080951824965247e-01 5.267146850964751215e-01 -6.737080951824965247e-01 5.267146850964751215e-01 4.662866514954080999e-02 2.576418148348513792e-01 2.576418148348514348e-01 -2.267015117952967673e-01
3.447000000000000000e+03 4.595649001723823091e+01 -3.506175873090292550e-01 1.761432849410397850e-02 -3.506175873090292550e-01 1.761432849410397850e-02 1.500833378075249469e-01 -7.395177401130932637e-02 -7.395177401130931250e-02 1.666079272690594026e-01
3.548000000000000000e+03 4.536900055632952444e+01 -3.066671249957713119e-01 1.099268926043850542e-01 -3.066671249957713119e-01 1.099268926043850542e-01 2.616763072649861965e-01 -8.702279216907624071e-03 -8.702279216907596315e-03 -1.066115030688484372e-01
3.649000000000000000e+03 4.583122534349406152e+01 -2.364407238973298686e-01 7.624008670613761918e-02 -2.364407238973298686e-01 7.624008670613761918e-02 3.137942467757833254e-01 -5.687481171491712284e-02 -5.687481171491712284e-02 3.354448093631674510e-01
3.750000000000000000e+03 4.601205532823289701e+01 -2.684355492170194535e-01 1.132315985270867555e-02 -2.684355492170194535e-01 1.132315985270867555e-02 6.563202210664952074e-02 -3.500123776754600069e-01 -3.500123776754600624e-01 1.122757969405247247e-01
3.851000000000000000e+03 4.625354330805959080e+01 -6.791634012594968683e-02 7.521553972837755064e-02 -6.791634012594968683e-02 7.521553972837755064e-02 2.719246468447052978e-01 1.241365223920198879e-01 1.241365223920198602e-01 4.683806267532565348e-01
3.952000000000000000e+03 4.697098822218059411e+01 -3.434607350127034664e-01 -1.724080751758821362e-01 -3.434607350127034664e-01 -1.724080751758821362e-01 4.999377365621216485e-01 -1.880520064143373915e-01 -1.880520064143373915e-01 1.905433285616487671e-01
4.053000000000000000e+03 4.784360525949811915e+01 4.858265968648946276e-02 -3.795638063077866331e-03 4.858265968648946276e-02 -3.795638063077866331e-03 4.034185756105354015e-01 -1.821113529005580767e-01 -1.821113529005580767e-01 -5.074584476885076745e-01
4.154000000000000000e+03 4.850462341219900253e+01 -7.027390081632327590e-01 2.472289743969794673e-01 -7.027390081632327590e-01 2.472289743969794673e-01 1.187783027092681187e-01 -3.663698019464052547e-02 -3.663698019464055322e-02 7.013240035590737054e-02
4.255000000000000000e+03 4.956182126878020000e+01 -7.634381819829262616e-02 -1.299351357549831110e-01 -7.634381819829262616e-02 -1.299351357549831110e-01 6.895224484584557834e-01 2.296770635817786677e-01 2.296770635817785566e-01 2.653834162401280672e-01
4.356000000000000000e+03 5.169867476743171864e+01 -1.484537227466164455e-01 1.172152320842582696e-01 -1.484537227466164455e-01 1.172152320842582696e-01 -5.077932545874892512e-01 3.016475634554902641e-01 3.016475634554902641e-01 1.089355204535796373e+00
4.457000000000000000e+03 5.267497453081089986e+01 7.777787582705192326e-01 6.464974161015954457e-02 7.777787582705192326e-01 6.464974161015954457e-02 6.995534103604237330e-01 -2.133430441629796670e-02 -2.133430441629796670e-02 2.164954128916031506e-01
4.558000000000000000e+03 5.366847401248988092e+01 -1.785112801296909468e-01 -5.102698849460864938e-01 -1.785112801296909468e-01 -5.102698849460864938e-01 8.485851024488469951e-01 4.465974716249931920e-01 4.465974716249931920e-01 5.717061203583325701e-01
4.659000000000000000e+03 5.594445181812248080e+01 2.994226580758980183e-01 1.593563875198650837e-01 2.994226580758980183e-01 1.593563875198650837e-01 3.439672927112715217e-01 6.368196738816175317e-01 6.368196738816174207e-01 8.641840005212997333e-02
4.760000000000000000e+03 5.799027107683715343e+01 -3.823827715464517274e-01 -9.777761058202522060e-02 -3.823827715464517274e-01 -9.777761058202522060e-02 -5.407567660391432440e-01 -8.496014986009658987e-01 -8.496014986009657877e-01 -1.703274653788616977e+00
4.861000000000000000e+03 5.936866740788639873e+01 -3.900351028025865752e-01 -4.600684832837937943e-01 -3.900351028025865752e-01 -4.600684832837937943e-01 9.997963790080326152e-02 -8.159998363594537230e-01 -8.159998363594539450e-01 1.579607581686356677e-01
4.962000000000000000e+03 6.218080743766464025e+01 -4.318954231717910819e-01 -7.196546341184545392e-02 -4.318954231717910819e-01 -7.196546341184545392e-02 4.453442772911176961e-01 -7.620723364458896754e-01 -7.620723364458897864e-01 3.843862405018094730e-01
5.063000000000000000e+03 6.298871775315659249e+01 -5.654967344713888178e-01 6.074799145533470446e-01 -5.654967344713888178e-01 6.074799145533470446e-01 -4.428195495660393055e-01 -2.458809350388246884e-01 -2.458809350388248549e-01 1.572311639414806450e+00
5.164000000000000000e+03 6.473765438976603548e+01 5.164139484887668718e-01 -1.516856531460246127e-01 5.164139484887668718e-01 -1.516856531460246127e-01 5.535511185376541105e-02 3.847470482188816709e-02 3.847470482188811158e-02 -1.244357225108829734e+00
5.265000000000000000e+03 6.579112905928532484e+01 -3.960902955318982843e-01 -3.753037588843452510e-02 -3.960902955318982843e-01 -3.753037588843452510e-02 -1.083670007549593528e+00 -1.126968791321140362e+00 -1.126968791321140584e+00 1.084579196049466621e+00
5.366000000000000000e+03 7.036507585615798632e+01 1.195476538317570503e+00 1.305297834700064996e+00 1.195476538317570503e+00 1.305297834700064996e+00 -1.163523450211900068e+00 8.373412922102341227e-02 8.373412922102341227e-02 -8.863542505001796856e-01
5.467000000000000000e+03 7.134984230694506380e+01 -5.076830253680899574e-01 -2.086707519143595202e-01 -5.076830253680899574e-01 -2.086707519143595202e-01 2.204002054154723111e-01 6.698744904786557708e-01 6.698744904786558818e-01 1.395384211501331517e+00
5.568000000000000000e+03 7.335438555583665732e+01 1.829633681932484102e+00 -2.056092019850440100e-01 1.829633681932484102e+00 -2.056092019850440100e-01 3.015217107928852003e-01 -2.084988922468314243e+00 -2.084988922468314687e+00 1.969841280663102434e-01
5.669000000000000000e+03 7.475349568780644915e+01 7.476486060936738953e-01 -1.065987063114401945e-01 7.476486060936738953e-01 -1.065987063114401945e-01 7.352067785257952737e-02 1.331071657219301319e+00 1.331071657219300874e+00 4.408573564639336695e+00
5.770000000000000000e+03 7.788136717096639927e+01 -1.035587830238863472e+00 1.300274561062046974e+00 -1.035587830238863472e+00 1.300274561062046974e+00 1.269554924184641276e-01 -2.226409731880171439e+00 -2.226409731880170551e+00 1.165408456597832432e+00
5.871000000000000000e+03 8.155628368784195459e+01 1.957209657048013529e+00 1.692336959842690725e+00 1.957209657048013529e+00 1.692336959842690725e+00 1.825970352510209782e+00 -2.086113083560326320e+00 -2.086113083560326320e+00 1.093437587378444320e+00
