# l Dl_TT Dl_TE Dl_TB Dl_ET Dl_BT Dl_EE Dl_EB Dl_BE Dl_BB
7.050000000000000000e+01 2.056407151269881069e+03 -7.915169426106876571e+00 1.974733977562997955e-01 -8.490848048636697953e+00 4.051873957017523842e-01 3.653080284022297564e-01 -4.662891505738098706e-03 -1.785705794415805119e-03 5.701533097754665422e-03
1.065000000000000000e+02 2.717936182149105207e+03 -2.628609428746409549e+01 7.654945033431137524e-01 -2.579296810924385497e+01 3.810823036738753000e-01 8.583389561572585258e-01 -4.372805190579634113e-03 -1.069379228899307657e-02 1.118052680479393341e-03
1.425000000000000000e+02 4.176319031045833071e+03 -4.278358044755502476e+01 -2.890911011953315457e-01 -4.419297692942154754e+01 -4.216384848854347056e-01 1.059606746917782782e+00 3.561989760317689491e-02 2.623817204632772696e-02 2.695296619458367043e-02
1.785000000000000000e+02 5.266441647823706262e+03 -3.827296727861543957e+01 5.709829631772773695e-01 -3.854254286224224302e+01 7.502255060995308700e-01 8.631964603827926297e-01 -2.579942530659540267e-02 -2.090768662207903930e-02 1.284352324704179579e-02
2.145000000000000000e+02 5.886670269974982148e+03 5.615404560787528254e+00 -1.301856247629985530e+00 5.686737289563588149e+00 -7.449718473283944986e-01 8.424699890631284216e-01 -2.397886260479206375e-02 4.683633105263880492e-03 3.918448211661479386e-02
2.505000000000000000e+02 5.394355732832786089e+03 6.157105667194772280e+01 -3.312036338539583458e-01 6.104593352134236994e+01 -6.837754991026475659e-01 2.382536867009177328e+00 -2.380065051106428423e-02 -2.963666576231725400e-02 1.138137247719836660e-02
2.865000000000000000e+02 4.564690561013765546e+03 1.105461495353962675e+02 7.671606606134948603e-01 1.113967978027085337e+02 3.067676632122720015e-01 6.847252310022887478e+00 3.080133689564495958e-02 -8.893597636875309048e-04 1.992054923764828914e-02
3.225000000000000000e+02 3.303901546591884653e+03 1.166989669479136467e+02 -8.388413307816300346e-01 1.155633209893181856e+02 -1.495569234733487574e-01 1.342628476667701420e+01 -3.299865402583381652e-02 5.370833036247976700e-02 3.023248430830112118e-02
3.585000000000000000e+02 2.322811372724911962e+03 7.378442530295956203e+01 -1.355996945099241069e+00 7.357796910845917182e+01 -8.964855711363366453e-01 1.902303762361219341e+01 3.003636853492547276e-02 5.134252294812637757e-02 4.558745637885656260e-02
3.945000000000000000e+02 1.749741141555000695e+03 1.133678620900175105e+01 -4.148780464373728605e-01 1.080003161523647037e+01 2.261971747444527781e-01 2.164294081115048485e+01 2.644799121059505584e-02 6.224234787503738799e-03 5.317610670195817291e-02
4.305000000000000000e+02 1.833612087540151151e+03 -5.031227988937232709e+01 -4.403935202117575942e-02 -5.057747932463625062e+01 -5.646747641957658992e-01 1.874160087245717321e+01 3.657506010780629119e-02 6.240411019079895871e-02 5.236649027690210012e-02
4.665000000000000000e+02 2.100451082164519448e+03 -7.189434247603325900e+01 -6.028662388291016194e-01 -7.187937545321366883e+01 -4.905813011348590935e-01 1.325029375422293754e+01 -1.371900864258248504e-02 -2.128338026353590248e-02 7.697432628534603416e-02
5.025000000000000000e+02 2.445259629553562263e+03 -5.784403670824433874e+01 -1.340313943170626576e+00 -5.789255565839413009e+01 -9.396843354691939432e-01 8.270235158700609546e+00 3.487254353069172558e-02 7.872617144138153999e-02 9.971805316897132399e-02
5.385000000000000000e+02 2.556830235502902269e+03 -1.507768276264913254e+01 -1.236377005019145409e-01 -1.520177170825997948e+01 -5.103850373316600741e-01 7.457005509135121279e+00 -9.946500063825327448e-03 8.149946257021402352e-03 8.862663000598403062e-02
5.745000000000000000e+02 2.486096403191688296e+03 2.548334083461556787e+01 -2.320298364923051582e-01 2.522965225258030131e+01 -4.648479540658525533e-01 1.322057803866615622e+01 3.065652270800480958e-02 -1.141108762466077134e-02 6.692215019509195617e-02
6.105000000000000000e+02 2.102781023375809127e+03 2.601785352694456321e+01 -2.669885176350924039e-01 2.498439818931072054e+01 1.109342917916061322e-01 2.302850311095987479e+01 6.300721522896831316e-03 5.303682580416769349e-02 7.271785070977987431e-02
6.465000000000000000e+02 1.862517905860842120e+03 -9.074378642166589515e+00 -1.147996241193209588e-02 -9.916030700908248008e+00 6.845661270274556731e-01 3.280268748520401800e+01 -3.725908685394084541e-02 -1.105205944816143177e-01 4.699668280475875759e-02
6.825000000000000000e+02 1.839808854986753431e+03 -6.985801228445473043e+01 3.672323223777861356e-01 -7.014569979818682555e+01 1.966391919068998795e-01 3.733077297012228968e+01 1.362266161705489101e-02 5.149082058434420461e-02 7.049975469514668802e-02
7.185000000000000000e+02 1.968564438216371173e+03 -1.171633290408495327e+02 -4.212368178892911263e-02 -1.174482001986573607e+02 -6.106922779607790730e-01 3.505417834066437166e+01 -9.295018197335257887e-03 -4.735147685616855617e-02 1.339486964147373615e-01
7.545000000000000000e+02 2.262027716750870241e+03 -1.330524558034223617e+02 -7.747219238188443047e-01 -1.333370361051814825e+02 2.019117560367075792e-01 2.650498628655594047e+01 -1.145007753977421439e-02 -1.864806146543651622e-02 7.381885377980214324e-02
7.905000000000000000e+02 2.511171159253708083e+03 -1.031601278750371193e+02 -3.093794325832299741e-01 -1.046719529094972359e+02 -3.687877142055410173e-01 1.755752500490488899e+01 5.054273597691213982e-02 -2.727348623288822910e-02 9.339369799531127558e-02
8.265000000000000000e+02 2.513758651176412968e+03 -4.271203080494161952e+01 1.063505546103069133e+00 -4.289216098282835787e+01 8.880785890202249622e-01 1.282244774842637547e+01 -2.113631647301413008e-02 -3.457200776846248297e-02 5.476093888626985817e-02
8.625000000000000000e+02 2.301003101383887042e+03 1.868371467752690407e+01 -2.584335050412293541e-02 1.856657215381049042e+01 -4.616422827925338590e-02 1.505655996720852485e+01 8.028722503960644685e-02 3.724853441940963183e-03 1.193879709186731336e-01
8.985000000000000000e+02 1.910897511636155286e+03 5.524720721218386643e+01 -3.089263517220838251e-01 5.528001212373044382e+01 -4.146800076652066847e-01 2.377425463705131037e+01 -1.464743866361519209e-01 -2.394594522787349411e-02 6.378768937226914071e-02
9.345000000000000000e+02 1.520378840231505819e+03 5.459242180154910784e+01 4.112894618378456491e-01 5.388221223666752735e+01 3.271283339706570342e-02 3.452502660203575147e+01 -9.548030544093144556e-02 -4.607880141840531990e-02 5.846364401614158324e-02
9.705000000000000000e+02 1.207333219532908515e+03 1.578201623030508927e+01 -7.355805818033923638e-01 1.559408272196098011e+01 5.829876544512652137e-02 4.075663823503414562e+01 6.104964208623487459e-02 1.173407665785017873e-01 9.182367962915467807e-02
1.006500000000000000e+03 1.053480668206946348e+03 -3.403106861091893620e+01 -3.905597145133575809e-01 -3.372045577936648186e+01 -5.905470910986909683e-01 4.145563702522991889e+01 -4.057430707344954202e-03 -3.008732363390750897e-02 1.519634002517458726e-01
1.042500000000000000e+03 1.075692951494266026e+03 -6.925635245603960755e+01 -3.455220444794858681e-01 -6.944592914276759643e+01 -1.712206511546790488e-02 3.598152757854681738e+01 1.460104387080456978e-01 1.251940949939584213e-01 9.702653909636219098e-02
1.078500000000000000e+03 1.173808975359023407e+03 -7.665220369240971365e+01 -6.073088305694918088e-03 -7.643336670162562996e+01 -5.675345629789152468e-01 2.518934791647170002e+01 5.937302428222358819e-02 3.859211355918694408e-02 8.933611476906194726e-02
1.114500000000000000e+03 1.246998661470637671e+03 -6.081667701906660284e+01 6.813804222180568360e-01 -6.171690496012259075e+01 -1.896226258213996041e-01 1.684008579623980495e+01 -4.435053432022323383e-02 3.535324717067909323e-02 1.424299110053041106e-01
1.150500000000000000e+03 1.221529746422848348e+03 -2.986427475766197759e+01 -1.739207862643800950e-01 -2.983470275947186678e+01 3.044359765623166347e-01 1.351553140476209691e+01 -1.344000225077831290e-01 -8.350539494503428362e-02 7.269011479142872822e-02
1.186500000000000000e+03 1.111328758753353213e+03 -2.806512821811360858e+00 -7.002391973294834759e-01 -3.630772476873755483e+00 1.586024926232509624e-01 1.553468271047678684e+01 -2.353568941600622105e-02 -3.631160983917712526e-02 5.760235504785942567e-02
1.222500000000000000e+03 9.588698161736698466e+02 7.043044792055264125e+00 -1.199271063944008786e-01 6.233311462527707292e+00 5.034826696387938449e-01 2.125514872873712591e+01 1.084178676436598626e-01 -9.493179080226635258e-03 1.411682686284974064e-01
1.258500000000000000e+03 8.173914270335949368e+02 -5.068241250667579578e+00 -2.725925137971655365e-01 -4.877815061180079681e+00 1.170451184250954763e-01 2.766342491952488203e+01 -1.850580497450706186e-01 -9.159389217666394356e-02 1.125304905231359620e-01
1.294500000000000000e+03 7.468427159612767809e+02 -2.779427967345598205e+01 7.957186246190655066e-01 -2.832807067026687520e+01 3.688413513338869576e-01 2.999242008992143838e+01 -1.069419259582021775e-01 3.158267320867405581e-02 1.358127428886550803e-01
1.330500000000000000e+03 7.377708993438823200e+02 -5.000554849426175963e+01 -8.229074303861450002e-02 -5.004805878050747481e+01 -2.109187172724132642e-01 2.871273081845886210e+01 9.512177926590441313e-02 2.253159660802046479e-02 5.891355114765937928e-02
1.366500000000000000e+03 7.899694243132480551e+02 -6.122860689145213087e+01 -2.451495262767743044e-01 -6.093551379528877732e+01 -1.906087989649335457e-01 2.343767676650107745e+01 -3.995088862459202778e-02 9.039156291930638965e-03 5.277087226823638788e-02
1.402500000000000000e+03 8.095839521255984437e+02 -5.387368448205282334e+01 3.793428354027420513e-01 -5.290699279079970552e+01 -2.762876263950159172e-01 1.736462672909332383e+01 -7.066199637253837984e-02 1.778662563694129450e-01 3.557519194894481068e-02
1.438500000000000000e+03 8.171605797449145712e+02 -3.514274178141303651e+01 -1.474638528502466017e-01 -3.507104770611790912e+01 -3.176521282396450041e-01 1.252284297597149454e+01 1.289702851214666879e-01 6.930570389100901285e-02 1.966866640375466435e-01
1.474500000000000000e+03 7.637410336039611138e+02 -1.316488392186310818e+01 -4.625002411913368139e-01 -1.320290742052278787e+01 -2.949566123302120868e-01 1.133204071580537331e+01 -6.523592603663472267e-02 2.536741153794198900e-02 1.374835564573431007e-03
1.510500000000000000e+03 6.688131442740581178e+02 2.440409849196942815e+00 4.620102801950599081e-01 2.334106163885155460e+00 3.775066628399420532e-01 1.372466335860620035e+01 3.089366209059921445e-02 -4.620821200378535942e-02 8.384564537575521503e-02
1.546500000000000000e+03 5.527938143394767394e+02 5.846308893483850966e+00 -3.573148077329599270e-02 6.062379579210395164e+00 -6.782593760404984629e-01 1.702322907478535541e+01 7.568071679101964766e-02 -3.397251883046542575e-03 1.204372209156856360e-01
1.582500000000000000e+03 4.649092076663235957e+02 -2.049244917337691874e+00 1.055358969590257240e-01 -2.366601541813002640e+00 4.288128119627551693e-02 1.999430355948373972e+01 4.188083729770038233e-03 -1.013975681274869034e-01 1.549266647071632919e-01
1.618500000000000000e+03 4.081780327315440218e+02 -1.427020284398033212e+01 2.014577762927347027e-01 -1.385423247265167390e+01 4.264140827858042826e-02 2.031114923313629106e+01 1.210793199935714798e-02 -2.603449011540046043e-02 1.958369812334049415e-02
1.654500000000000000e+03 3.947400794940971309e+02 -2.547053969409029150e+01 -3.182899996043723756e-01 -2.518924748934247049e+01 1.042567284262561067e-01 1.862058443769333138e+01 1.423400814059695707e-01 1.988478866553418378e-02 9.764676244652491233e-02
1.690500000000000000e+03 4.039298542041867108e+02 -3.028549250705749074e+01 -1.386082028647686593e-02 -3.030521145839001207e+01 -1.287216130449310714e-01 1.483492754053409612e+01 1.726855049335336845e-01 1.012209731768811821e-01 1.565037637738592169e-01
1.726500000000000000e+03 4.030632562565970147e+02 -2.519124971845750594e+01 -5.502104449525710428e-02 -2.590737398015247805e+01 1.710658829222032051e-01 1.098016175026060992e+01 7.350635471884785915e-03 2.343115074453293138e-03 4.873512756165331028e-02
1.762500000000000000e+03 3.946778072028030238e+02 -1.845703509219964644e+01 -8.505108568896444510e-01 -1.814410756001212377e+01 -5.694893804747547944e-02 8.458713141519396572e+00 -2.624040442943389659e-02 1.198399695388505451e-02 6.759159017289459448e-02
1.798500000000000000e+03 3.676881838978460451e+02 -9.858601884480343358e+00 -1.375369382008231056e-01 -9.646794736102661361e+00 6.554407799290232206e-02 7.745285203284599795e+00 -1.431504588550523982e-01 -7.865266743506882374e-02 1.035562602204040672e-01
1.834500000000000000e+03 3.291065081801615406e+02 -5.738005818170343275e+00 9.447222782049571888e-02 -4.921926366989603174e+00 1.079216172773475590e-02 8.725321023048172364e+00 -1.178004229044502665e-01 -1.242088370034632322e-02 8.323818701795981934e-02
1.870500000000000000e+03 2.877057188331025941e+02 -5.619718753119427035e+00 3.404969081328090841e-01 -5.127680469906184868e+00 1.830753838527795496e-01 1.037014665158693738e+01 9.637991884327322401e-02 6.022127757986930896e-02 -6.881716520157808714e-03
1.906500000000000000e+03 2.603292899446465753e+02 -9.804659051934617509e+00 -1.762461464523776278e-01 -9.125045301472047399e+00 2.606598518067699266e-01 1.104650165269757878e+01 -4.151889395724887855e-02 -8.703577057832746072e-03 -2.815019355483606989e-02
1.942500000000000000e+03 2.432535285004729815e+02 -1.378273522141826035e+01 1.779481520294485808e-01 -1.424702390433211363e+01 8.592440465976858288e-02 1.093468763921998388e+01 1.083087186769331189e-01 8.490654821137250119e-02 8.093510241118381798e-02
1.978500000000000000e+03 2.428794009918479446e+02 -1.770924506402785070e+01 -5.759447974171131301e-01 -1.788890116948546805e+01 -3.941340789946031764e-01 9.572055563311213433e+00 -1.908959965750505750e-01 1.322488877188232326e-01 -3.041377982665402838e-02
2.014500000000000000e+03 2.445042411900144259e+02 -1.758454262524074707e+01 -2.506938243443400383e-02 -1.738095676242009802e+01 -5.498227454154840377e-01 7.747806243432185269e+00 6.998531221256290569e-02 -3.380296727175184646e-02 9.070133114657982776e-02
2.050500000000000000e+03 2.388619100382952638e+02 -1.438699667844793417e+01 3.289592613638592788e-01 -1.448649598160467278e+01 1.858959290174529433e-01 6.219246508009364405e+00 4.808392053969545721e-02 2.079228546248690357e-02 4.108676420807597096e-02
2.086500000000000000e+03 2.246740035557247666e+02 -9.304493101349931905e+00 -6.098694094049778025e-01 -9.952174715142207972e+00 -5.111203215831668922e-01 5.165003716157704261e+00 -6.628998177912827361e-02 1.064751309774043531e-01 4.957275319295498944e-02
2.122500000000000000e+03 2.035906499940119829e+02 -5.045647682285615332e+00 3.063533217781700957e-01 -5.078779375615657621e+00 2.650274043893063869e-01 5.011034362786949359e+00 2.071407317753583277e-02 -1.103907596633561528e-01 -4.454097856812294642e-02
2.158500000000000000e+03 1.802767032075205407e+02 -3.034024466879083448e+00 8.030131125973258288e-02 -3.000932351171737622e+00 4.163442735011889662e-01 5.283321450923109452e+00 1.193656037644331980e-02 -1.504423994227427896e-01 6.064707464450765084e-02
2.207000000000000000e+03 1.534615834157531822e+02 -3.871480996893317261e+00 -4.898750233431614642e-03 -3.397409402535026324e+00 -6.757015348454223358e-02 5.981481108013738002e+00 -1.112657608965953171e-01 -9.190575298023390127e-02 1.456300520902417406e-01
2.268000000000000000e+03 1.327382770988284904e+02 -6.725675417575700088e+00 -2.677515562728328136e-01 -6.649424943645255937e+00 8.706911795782215635e-02 5.905464563099165787e+00 -1.174340446034084773e-02 1.284697884983561703e-02 4.788618998290112422e-02
2.329000000000000000e+03 1.261962266400167465e+02 -7.821513548116103109e+00 1.313059713191103983e-01 -7.928153148058715516e+00 5.617757377345894421e-02 4.444924552905910708e+00 4.809740652212226436e-02 1.260643973021607356e-01 -5.031943449839968580e-02
2.390000000000000000e+03 1.182660187874470950e+02 -5.698737177261650189e+00 1.550437469467541574e-01 -5.842759125540868403e+00 2.023205219525993359e-01 3.127208717986633246e+00 2.355723185711619885e-02 -8.990940483500831082e-02 6.794115636473757602e-02
2.451000000000000000e+03 1.060185722919916032e+02 -3.009695270125958722e+00 -3.990833888555651160e-02 -3.529509287757199854e+00 -5.680612115978281307e-02 2.890819647053261221e+00 -1.005353057393109373e-01 -4.668607803091584518e-02 -1.536359816639423261e-02
2.512000000000000000e+03 9.079212060986895949e+01 -2.905160053075025672e+00 2.015308088278418286e-01 -2.691388016228594360e+00 -1.180548562831720133e-02 2.884943682554377276e+00 3.332413202177329781e-02 -1.161773547668863288e-01 2.380629818367636097e-01
2.573000000000000000e+03 8.239953151956865440e+01 -3.887357735483903731e+00 1.131928858140712202e-01 -3.776411761109311982e+00 -1.425236085202486597e-02 2.831287031827110390e+00 -8.223971298838257671e-02 -1.252621042197215873e-01 2.385784907108483288e-02
2.634000000000000000e+03 7.724267827996855829e+01 -4.196921764712068459e+00 4.081003349813459580e-01 -4.114854310944664917e+00 -1.053841262114345589e-01 2.275368496235173232e+00 -8.727753516705186870e-03 -8.531426077380838136e-02 -1.346807577610357742e-01
2.695000000000000000e+03 7.354315570062981067e+01 -3.232208789374388047e+00 6.736564830492708378e-02 -3.049270644663620189e+00 4.100191289895552260e-02 1.739601633749573661e+00 -7.163882069615858106e-02 -1.867711270664063061e-01 3.075505394669967099e-02
2.756000000000000000e+03 6.648000929335307774e+01 -2.329816862332211969e+00 1.340369533995179885e-01 -2.399031722784323861e+00 2.160014815715768088e-01 1.488333889478769212e+00 -1.767443529368349364e-01 3.391320277238738662e-02 -5.874273915593476725e-02
2.817000000000000000e+03 5.811858733618317530e+01 -1.483557742722887429e+00 1.559971900656317578e-01 -2.108131271978003873e+00 4.911462090300515726e-01 1.787026359710639722e+00 -5.416525339338532780e-02 -7.884577419912965762e-03 -1.270792971010085981e-02
2.878000000000000000e+03 5.161551525035413590e+01 -1.654326640071987597e+00 -2.089150496275278268e-01 -1.376730588310542291e+00 -1.656368893729361635e-01 1.288552166371427443e+00 -1.429603818646306146e-01 1.322523550741999121e-01 1.036773495897613390e-01
2.939000000000000000e+03 4.877663688138461850e+01 -1.892385498823575984e+00 -1.230988244834132911e-01 -1.939763842976395480e+00 -9.333279767688698603e-02 1.107742257470661240e+00 6.597561779253466319e-02 -5.305522919114397801e-02 -2.554158112885712706e-01
3.000000000000000000e+03 4.681945175806914961e+01 -1.383090801730695540e+00 -3.747144175217194395e-02 -1.670756150746133040e+00 -5.458642042462709398e-02 8.598686792030650894e-01 1.756507129616627083e-01 -1.124260044770956646e-01 -5.042195338762753276e-03
3.061000000000000000e+03 4.403778970493323186e+01 -1.016798013055603578e+00 1.276122081631503868e-01 -1.363131531897237902e+00 3.516429714152708580e-02 7.522051768779439707e-01 2.016897593212111095e-01 -1.601385093346366084e-01 -2.422991603284012363e-03
3.122000000000000000e+03 4.109574942214332793e+01 -1.225603994939183927e+00 -2.112893815537119635e-01 -1.120025607499342435e+00 1.967029004825912031e-01 8.157669890444947391e-01 -3.028993400417498427e-02 2.778863542941220621e-02 -9.158594676244224964e-02
3.183000000000000000e+03 3.843159975833128783e+01 -1.009767379394077569e+00 9.218666157137261896e-03 -1.005046096656510679e+00 -1.499277105181656966e-01 9.624084944708860556e-01 -3.680096957416644637e-02 5.339891098626869254e-02 5.786266494334047633e-02
3.244000000000000000e+03 3.692059164324659548e+01 -9.511398242536799330e-01 7.981048161047851752e-02 -7.771124101765576331e-01 -3.383518767482539269e-02 7.771886555564606613e-01 8.582006579921763745e-02 -1.208682180276584167e-01 -1.619513626264132700e-01
3.305000000000000000e+03 3.578002962129107800e+01 -9.864349286792454263e-01 1.079733156616606293e-01 -9.319808260569262259e-01 5.373901026344708731e-02 6.564374701950790314e-01 6.506614700033613863e-02 -2.154828087065547015e-01 -6.132062959922782164e-02
3.366000000000000000e+03 3.436369565652305624e+01 -7.872495256931342222e-01 5.671794394293580566e-02 -5.488479287664805861e-01 -6.760179832696111557e-02 5.065073070854382298e-01 -1.862722383990133776e-03 1.117846985476176058e-01 3.747634102044989923e-01
3.447000000000000000e+03 3.277400139001827739e+01 -3.801281024501997896e-01 -2.105776122798344030e-01 -5.215281382857044346e-01 6.801633682585540852e-02 3.080366811533771232e-01 -2.359681014483460126e-01 -1.703154069076452393e-01 1.304413185905444750e-01
3.548000000000000000e+03 3.169227666185626546e+01 -5.767270228887648731e-01 6.451786977418969005e-02 -8.874559186328298543e-02 -1.000363429373150037e-01 2.204456242913053476e-01 -4.304941981906840881e-02 3.136823974119872238e-01 2.051977649470408671e-02
3.649000000000000000e+03 3.073317148711836211e+01 -2.097961202973298578e-01 1.867479004091106565e-01 -7.411255160170740486e-02 -3.070493127149181434e-01 2.466746127524885868e-01 -4.951298719853683972e-01 1.737051126728597905e-01 -1.658776696753116453e-01
3.750000000000000000e+03 3.014658908509986901e+01 -3.348100780428183709e-01 -9.781992428240750270e-02 9.797283980423718286e-02 1.188483756870690328e-01 3.945397966814890856e-01 -3.291520216743130112e-01 4.291642632351394537e-02 1.227521445148743867e-01
3.851000000000000000e+03 2.986490590717035332e+01 -3.196806248394093442e-01 2.517670367561871680e-01 -4.603569465334192423e-01 8.270447394206764669e-03 2.331045824920507659e-01 -2.753686005747185694e-02 6.188479885516225132e-02 -9.204714022334279516e-03
3.952000000000000000e+03 3.027846074258381037e+01 -3.134968472469575329e-01 3.185936189850493983e-01 -2.852209222283946799e-01 -5.628322342152988766e-02 2.175486307540897002e-02 1.131804316763004026e-01 -2.186570832519620367e-01 -1.312446557136782987e-01
4.053000000000000000e+03 3.036854665196197089e+01 -2.180741198031124484e-01 4.343625544995503018e-01 6.561794950628750678e-02 -5.639223739690399362e-02 2.221414974408711940e-01 2.421085966068087236e-02 1.241269744641992495e-01 -1.433978257379021071e-01
4.154000000000000000e+03 3.033175873263093791e+01 -1.984606220066880700e-01 -1.980555892087942360e-01 -5.346051471372782471e-01 3.166529438149967568e-02 4.921426053547729440e-01 -2.333640532782891019e-01 7.699157782999933863e-02 -1.895994028108585056e-02
4.255000000000000000e+03 3.128809642324912232e+01 5.741637877648254895e-02 2.292656766569901583e-01 -1.672723197952518670e-01 -1.534338297509787175e-01 -1.903218484753234352e-01 -2.365154370997413213e-01 -1.018730305599390151e-01 -2.113296192539737828e-01
4.356000000000000000e+03 3.170203414522690366e+01 4.588114453240389468e-01 -2.930747727665201641e-01 7.194729611965863803e-02 1.582068423061182560e-01 9.908220610422112384e-02 -2.155971187065330308e-01 -4.532135968708843610e-01 -6.588687627046195538e-03
4.457000000000000000e+03 3.265583924882955102e+01 -3.463587074961571588e-01 1.104638142827871761e-01 1.889216077368804925e-01 -1.099131407949829053e-01 1.268512859594417008e-01 3.859714524478754516e-01 -3.710336901813287569e-01 -1.164052946061993610e-01
4.558000000000000000e+03 3.327007330874342017e+01 -2.301705781993779176e-02 1.094964428926546024e-01 -2.045188980893167252e-01 -2.085278670181553440e-01 3.150547290612280560e-01 2.968815585062298812e-01 -2.219581456271449149e-01 -3.372289482724211140e-01
4.659000000000000000e+03 3.387814562579077204e+01 -6.691952917749339758e-01 3.934995219754385820e-01 -3.671345975516897564e-01 6.523709706569958966e-01 4.531819706769400075e-02 -5.732324340909050742e-02 4.883989687086212617e-02 1.626789787649382535e-01
4.760000000000000000e+03 3.488327623214952666e+01 1.299855006524709145e-01 1.938248132890522113e-01 1.465062090750148260e-01 -4.343957713994937575e-01 3.503355191254139966e-02 -5.173107017134221941e-01 3.687280700840780412e-01 -6.010539674972767421e-02
4.861000000000000000e+03 3.564431467405481868e+01 -3.993644597283175779e-01 -3.093823518474644318e-01 -5.623503837294707708e-03 5.033535494424040690e-01 2.623357223715838682e-01 3.070887387678422620e-01 -1.144501723501609308e-01 -3.246943164238774715e-02
4.962000000000000000e+03 3.668018080997150321e+01 5.188882260355516252e-01 2.600972515793860129e-01 8.314720640970134358e-02 -4.446096282827328716e-01 -3.063239209915505912e-01 -7.854241370072273520e-02 9.580805897699030960e-02 -1.315107011079953980e-01
5.063000000000000000e+03 3.854014271263042701e+01 -6.796485671536960371e-01 -9.099063958795885476e-01 -9.775468067619862422e-01 2.197380826898855943e-01 8.453856305252833714e-01 -5.335087340146106305e-01 1.220839163271421501e+00 -3.718955282131821694e-01
5.164000000000000000e+03 3.867554743866737965e+01 5.317186742820177725e-02 5.690244135181742324e-01 -5.579608294006005442e-02 4.184227042015005171e-01 -8.445851354726698901e-01 6.154396771672928645e-01 1.134962156528873112e-01 4.179351089377966177e-01
5.265000000000000000e+03 3.988746632082283838e+01 -4.324654287700274713e-01 8.170974238639056031e-02 7.334427392275946200e-01 5.958576422003807327e-01 -3.971915410168780913e-01 5.975805377678005126e-01 -8.040062824515398221e-01 3.551507025897103764e-01
5.366000000000000000e+03 4.151280612856859875e+01 -1.895495757068177967e-01 8.655750463133499162e-02 6.939046571949316622e-01 8.540077150197886713e-01 -1.382837281194785328e-01 -5.523657145517823358e-02 -7.876305951650388604e-01 3.269673376953693422e-01
5.467000000000000000e+03 4.207501472946439236e+01 2.438494396206872528e-01 2.096813779274991352e-01 -2.376593684852607580e-01 1.070437971082568995e-02 -3.103953653365811860e-01 1.147894662021257339e+00 -2.827585573434328037e-01 -8.414305743761316680e-01
5.568000000000000000e+03 4.369408690311324506e+01 -2.184520640529467594e-01 8.367991185889749328e-01 -4.953822640698749558e-01 7.128278677235150296e-02 2.181202295596628371e+00 3.556391681908930291e-01 2.828719009354557223e-01 5.379679779006714124e-01
5.669000000000000000e+03 4.465674255701759421e+01 2.538358986421435648e-01 -3.309019727783000797e-01 7.346529921140063091e-02 -2.230262660506010519e-02 -7.640885215685391252e-01 3.306983276374617087e-01 5.605792389557203714e-01 -5.743369247892866625e-01
5.770000000000000000e+03 4.494621807516747225e+01 -5.087682463762721596e-01 1.493735830951108401e-01 -9.379219419895873378e-01 1.742232735925638987e-02 -1.223032537185497315e+00 5.397698917359002868e-01 -1.583573414094630483e+00 -6.090955789869100245e-01
5.871000000000000000e+03 4.773404792044833300e+01 -6.990107172593367224e-01 1.380052777646281426e+00 1.990069867371901058e+00 5.194523730161976216e-02 5.416189128814226095e-01 8.741973059104324317e-02 1.851242967426879549e+00 5.393900954805727066e-01
