# l Dl_TT Dl_TE Dl_TB Dl_ET Dl_BT Dl_EE Dl_EB Dl_BE Dl_BB
7.050000000000000000e+01 1.726918296277897980e+03 -7.426028099112993885e+00 -9.738239523597058689e-01 -5.488084701101763940e+00 -6.276870515511097093e-01 3.729158415980402541e-01 -7.740976132335798676e-03 -1.106220005186644463e-02 1.444241226857930632e-02
1.065000000000000000e+02 2.976384840261481258e+03 -2.978479814282806615e+01 -5.458935811064529631e+00 -2.861920970398080755e+01 9.037853077424627957e-01 8.949994225515680579e-01 6.773992264889720782e-02 1.215535052662636631e-03 -4.377634149275467894e-03
1.425000000000000000e+02 4.180381174841904794e+03 -4.494920643023498030e+01 4.318396337256018569e-01 -4.517963975190104975e+01 6.838818928000396369e-01 1.112459672493050888e+00 -1.789672664682588274e-02 -1.103075793202877054e-02 -1.804409027844224370e-02
1.785000000000000000e+02 5.077894792575458268e+03 -3.669246216481194267e+01 2.233680905306130615e+00 -3.511652459385899760e+01 -1.940312805310132838e+00 8.823351724305781296e-01 -5.938716566325058163e-03 1.234123997598851781e-03 -1.888983488485254658e-02
2.145000000000000000e+02 6.053128637871313913e+03 2.860009720651492504e+00 -1.421215863806260193e+00 6.590685199565600172e+00 8.086726925292335721e-01 8.684406226743361934e-01 -3.308738166079364107e-04 2.974474999240150214e-02 2.988003508584253370e-02
2.505000000000000000e+02 5.336952538808464851e+03 5.933340532611806850e+01 1.892792113784364183e+00 5.943903009058941223e+01 4.841433493079925765e-01 2.409813296805319638e+00 -5.950260745831122827e-02 4.393846212674287766e-02 -1.744777331422383421e-02
2.865000000000000000e+02 4.724959808008950858e+03 1.152412565096049661e+02 -2.166731502083400152e+00 1.158870073768926119e+02 -1.219535823454428680e+00 7.088250613979894865e+00 -9.886519677094011971e-02 -2.129963292119485194e-02 1.084302980726716686e-02
3.225000000000000000e+02 3.324263535683686314e+03 1.158766119165323403e+02 -1.632960724578306211e-01 1.182201416261789149e+02 7.834691291764630527e-01 1.341160207588532316e+01 -7.017818033571728009e-02 -6.159551360596011993e-02 1.471437558916399366e-02
3.585000000000000000e+02 2.307098664850509067e+03 7.381709853719695502e+01 -3.063011055722238973e-01 7.111935149597073291e+01 -6.509318124658645122e-01 1.900568449963557072e+01 -2.105125982012356206e-03 -1.471786681323988127e-02 4.725349849551918613e-02
3.945000000000000000e+02 1.810229765767118352e+03 1.201719718587664509e+01 5.571766844503885929e-01 1.238361810613825931e+01 3.230477952583383772e-01 2.164753502909528748e+01 -7.984480121064789493e-02 -1.549191736892427569e-02 8.706909443877541843e-02
4.305000000000000000e+02 1.820767672364494047e+03 -5.043817627341623933e+01 -1.129014500009715594e+00 -4.805049139803163882e+01 5.247388747661997366e-01 1.936941872293643740e+01 -2.407960141451170877e-04 5.572782031623849108e-02 6.936636860095132806e-02
4.665000000000000000e+02 2.134780615808876973e+03 -7.054363833885592783e+01 -3.687539619343135344e-01 -7.284796641464168943e+01 -4.010607603715138914e-01 1.294598857438835537e+01 1.996080943546898676e-02 4.509051720373836308e-02 4.273980382630850061e-02
5.025000000000000000e+02 2.440389166636166010e+03 -5.695028661030623596e+01 2.672095352561837389e-01 -5.681825368714837055e+01 -3.001376681252090894e-01 8.243630074747841263e+00 8.947421189730742075e-02 2.975488346274804061e-02 1.508327693970763078e-03
5.385000000000000000e+02 2.572159976150550847e+03 -1.235215095869474311e+01 -1.335239738005401300e+00 -1.393386129516649241e+01 5.770549482147128151e-01 7.280650037266317653e+00 -1.174122280667912605e-01 1.774966949211401884e-02 5.416963238171784711e-02
5.745000000000000000e+02 2.465960657362872553e+03 1.833951387984344450e+01 -9.808830733622559972e-01 2.064021538194084116e+01 1.187962666399810102e-01 1.335581810127010094e+01 1.083616070031534623e-01 -3.421543557370754218e-02 7.418007434817998347e-02
6.105000000000000000e+02 2.155559094705738971e+03 2.515334572310692707e+01 -1.405209188469650483e+00 2.602420861297888166e+01 2.498818344943422032e-01 2.275049383915444068e+01 1.430517155620324166e-01 1.038013797954132067e-01 1.209807207093962916e-01
6.465000000000000000e+02 1.843063717442716097e+03 -1.248164768511779599e+01 1.351702903014856849e+00 -1.346225294121843952e+01 1.727163644053170688e-01 3.188865479265838587e+01 -1.048125177491129462e-01 4.414962085274179437e-02 1.115876197377766721e-01
6.825000000000000000e+02 1.803408451034050358e+03 -7.248678404322404845e+01 -1.224003280587188325e+00 -7.440408036766234545e+01 -5.178470031830670894e-01 3.765762220829174822e+01 5.209877667402788848e-02 9.862651055579770010e-03 6.670714572363016515e-02
7.185000000000000000e+02 1.977855435869838402e+03 -1.202095188723755825e+02 2.003506408835776798e-01 -1.182781035191930101e+02 -1.991547233968012920e-01 3.516936754247541330e+01 6.895327172302648244e-02 -2.512002282969540146e-02 1.180645888148471045e-01
7.545000000000000000e+02 2.241848750963759812e+03 -1.274635819058941308e+02 5.529199228828823864e-01 -1.286522538624452636e+02 5.806034302277022219e-01 2.613798353798060603e+01 1.667045957872704265e-01 -8.824240804800903559e-03 9.636224833168068049e-02
7.905000000000000000e+02 2.493326385981763451e+03 -1.006215250745666481e+02 -1.166380455159871321e+00 -1.038447697345390566e+02 4.025146400019099513e-01 1.786560459032523340e+01 1.398208496039746729e-01 -6.690572380317445778e-02 1.465377016338915706e-01
8.265000000000000000e+02 2.496057767085998421e+03 -4.388760035382128422e+01 1.695581387859439459e+00 -4.462753779228529538e+01 -9.729570915975869205e-01 1.289049086014034984e+01 -6.796903559881511958e-02 8.253458857150876293e-03 1.710254619458968783e-01
8.625000000000000000e+02 2.311195109748630784e+03 1.807254097440709728e+01 3.915386916431310427e-01 1.872207158978403285e+01 9.206922183265314752e-02 1.504207230591633504e+01 -1.675537181681140131e-02 1.593624056074818829e-02 1.197865696328236224e-01
8.985000000000000000e+02 1.895767868830074349e+03 5.089979265535129116e+01 2.115742417706867329e+00 5.116427151446927724e+01 -1.694576083529002741e-01 2.399955683111158322e+01 1.403093826617505813e-01 1.087139584571996526e-02 1.153431391334591299e-01
9.345000000000000000e+02 1.514648219294900628e+03 5.237480125397868846e+01 -2.581470139373325257e-01 5.306497901605972345e+01 -1.291079774009845360e-01 3.415847241353981190e+01 8.507182246974100137e-02 5.719910550613903355e-02 7.508034034228050491e-02
9.705000000000000000e+02 1.177811799043483461e+03 1.397472775808908096e+01 -6.801542781757841105e-01 1.311972910166879380e+01 -9.652682277656515764e-02 4.103788256231207043e+01 1.511550015331346031e-01 2.161361968403082701e-01 1.034830172986630492e-01
1.006500000000000000e+03 1.054401437229048724e+03 -3.371675448270022457e+01 -7.328791479464168424e-01 -3.271923700171464588e+01 6.736727520459572238e-01 4.089903783265727100e+01 2.472915593275374357e-01 -2.455389620435045328e-01 2.054638420767338214e-01
1.042500000000000000e+03 1.088702625208449035e+03 -6.856536948477574356e+01 9.144663126765695260e-02 -6.873596217294291932e+01 3.031591732856900867e-01 3.546944428705209873e+01 -9.371989024380777966e-02 -1.297897323140649872e-01 1.469532411218531787e-01
1.078500000000000000e+03 1.172631639937381578e+03 -7.949479920262581345e+01 3.846941437509848738e-01 -7.887091882437255208e+01 2.749669872882812283e-01 2.546054320524349635e+01 -3.187877471872667678e-01 5.977140243648142170e-03 1.029129880368308131e-01
1.114500000000000000e+03 1.235678877187840953e+03 -6.079260781974346628e+01 -9.112426821737451554e-02 -6.075168660757444172e+01 -6.245075980186338693e-01 1.712253506967512351e+01 -3.783616554124363818e-01 1.422180050668026552e-01 1.457559286434430001e-01
1.150500000000000000e+03 1.186121402179111783e+03 -2.525606850984886265e+01 1.428253893464117352e+00 -2.854224781382722753e+01 1.016594946672760846e+00 1.317672781011108185e+01 -2.700670519631977462e-01 -1.627548171841149832e-02 1.335338873425244433e-01
1.186500000000000000e+03 1.120252815812614244e+03 -3.143276257650950534e+00 -1.023039590737251370e-02 -1.126969011227104689e+00 -6.691642032155409314e-02 1.572971348252007573e+01 -7.252570411603594114e-02 -9.809778397441432096e-02 3.121900168451345881e-01
1.222500000000000000e+03 9.462355869994635214e+02 7.362502817536067390e+00 -1.636678762666501918e-01 6.815596319051380192e+00 9.835903618771888457e-01 2.156674628287473894e+01 1.317234853185471899e-01 -9.750202059584815728e-02 1.606524665143815589e-01
1.258500000000000000e+03 8.028266567800405937e+02 -4.512648237833003506e+00 4.648480801914681160e-01 -4.786683146396562449e+00 -1.155491877058536732e+00 2.814837901116625574e+01 1.704506668590209384e-01 -3.681052802327294815e-02 2.107610730219015016e-01
1.294500000000000000e+03 7.331666008332670117e+02 -2.858140951273824015e+01 4.228576309876377337e-01 -2.777983578875406323e+01 6.674315471314296033e-01 2.978971300442601233e+01 2.027734304471221494e-01 -1.415418877161955802e-02 -8.683365529392204907e-02
1.330500000000000000e+03 7.326534817440331153e+02 -5.150635921359288716e+01 -5.345955397474460025e-01 -4.995760337555101671e+01 4.218971004446459006e-01 2.834042687534767424e+01 2.133545702681954870e-01 1.775235165282386118e-01 2.468542870519972732e-02
1.366500000000000000e+03 7.714377851341582755e+02 -5.895634451006839072e+01 6.466997831927697726e-01 -5.877747027285242609e+01 4.426290819579267732e-01 2.319618518611910218e+01 -2.375244055867422599e-01 1.649367662896157605e-01 7.596301049985329512e-02
1.402500000000000000e+03 8.231070172409533825e+02 -5.401044306091623781e+01 2.769499231137846351e-01 -5.492933344011184005e+01 -4.977778918826161192e-01 1.713222804337429039e+01 -2.922196723385044326e-01 7.863856782666650558e-02 -1.302278127328863055e-01
1.438500000000000000e+03 8.134547715694847057e+02 -3.643694989913761617e+01 1.350969690789509403e-01 -3.443231705222422079e+01 2.416555859686928820e-01 1.270617103673270520e+01 -2.098821183225238474e-01 9.874366816752672138e-02 8.361510781040697171e-02
1.474500000000000000e+03 7.614812048652204339e+02 -1.168045793021967071e+01 -7.176458523129590761e-01 -1.302986343776633760e+01 3.673201062015721274e-02 1.159933986026535813e+01 -1.021439070105803759e-01 -6.909554939009514285e-02 1.152508342423076843e-01
1.510500000000000000e+03 6.628625228548859241e+02 4.531694047575031803e+00 -1.760807961418025536e-01 2.114012889278414686e+00 4.004874209777966598e-01 1.342550025520854362e+01 3.090315108632576968e-01 5.936683581931873066e-02 -1.231865981932260545e-02
1.546500000000000000e+03 5.511253527753535764e+02 5.621070548971776049e+00 -4.559554880100584739e-01 5.389890514367879248e+00 -7.765634655431725708e-01 1.728858170547044182e+01 -5.697715116243282085e-02 -1.197467074961315325e-01 1.576366167738216251e-02
1.582500000000000000e+03 4.617296207321467136e+02 -1.867546126120261274e+00 -6.750570106973550200e-01 -1.276087114930199995e+00 -6.212063340269232542e-02 1.995280654319238778e+01 -2.937159205838931753e-01 -7.742120530573758097e-02 3.821515581285175323e-01
1.618500000000000000e+03 4.057838106279894532e+02 -1.467604604662650836e+01 6.265173641544241612e-01 -1.404177946600421478e+01 4.590002928401185067e-03 2.065666063793045026e+01 1.299375474523036672e-02 -1.175006041565779952e-02 1.056753450734666810e-01
1.654500000000000000e+03 3.909819748098873333e+02 -2.530558864704565636e+01 -1.046720156769153642e-01 -2.538649392684862249e+01 -8.668109694805642418e-02 1.832546162512581134e+01 1.335333833744324072e-01 -7.870180444117168272e-02 -8.770686899108065537e-03
1.690500000000000000e+03 3.974558109141390219e+02 -2.846845618940417566e+01 -6.870545820965651140e-02 -2.878048133099548167e+01 3.880547452594731439e-01 1.515944462590453767e+01 -2.754208376351834076e-02 -6.494199523474987468e-02 -1.486879782609519529e-02
1.726500000000000000e+03 4.019115090787920508e+02 -2.633385402480032411e+01 -8.691519112789579671e-01 -2.576846474442583101e+01 -3.169008542956294749e-01 1.113629656864386419e+01 2.836964155879732608e-01 -2.001782312373410685e-02 1.417290769294054509e-01
1.762500000000000000e+03 3.998863987394193487e+02 -1.915824528606511024e+01 1.761043219714601982e-01 -1.787156553663055547e+01 -6.705382958262873228e-01 8.276566888035034708e+00 2.534024527720443731e-02 4.728823670762244413e-02 -9.416526807386256526e-03
1.798500000000000000e+03 3.657633800707201317e+02 -9.155841821641425682e+00 -1.356708472546473698e-01 -9.948858042435489324e+00 -1.997097640587622291e-02 7.986606206298915822e+00 -4.657977465938338557e-02 6.019206855663873645e-02 -1.139183533557585615e-01
1.834500000000000000e+03 3.257390866103636426e+02 -5.048510931510456601e+00 1.326054802924512721e+00 -4.605070872354021461e+00 3.698173568921844234e-01 8.778221112808546778e+00 -2.735325164136846732e-03 1.506997236690015285e-01 1.069593622588662085e-01
1.870500000000000000e+03 2.865079964911360548e+02 -6.560000090082242608e+00 3.621690082011844725e-01 -5.834534289356261283e+00 -1.579624639326425162e-01 1.033799716128410040e+01 -3.652448688117700126e-02 1.000146363357089924e-02 1.546244504093585159e-01
1.906500000000000000e+03 2.619903677216983624e+02 -1.015098589120964689e+01 -8.267017879532084779e-01 -9.808698945082863219e+00 -5.774202552687613954e-01 1.124310620798030058e+01 -4.623978331930194141e-01 3.949242586337488314e-02 1.637730404400244699e-01
1.942500000000000000e+03 2.424801129732974232e+02 -1.486831133729228860e+01 5.732453298097235361e-01 -1.453240116778330915e+01 -1.634511556291863565e-01 1.116330541913373509e+01 -7.239800303154557415e-02 -1.091776706112620732e-01 1.642486685573353034e-01
1.978500000000000000e+03 2.376935932157045386e+02 -1.859341299442790429e+01 4.935264252744703262e-01 -1.677919949092724394e+01 3.575093004100573513e-01 9.691447156653865136e+00 -2.366472969685590733e-01 -6.638914797032696713e-02 1.119752224137487845e-01
2.014500000000000000e+03 2.415987383258706700e+02 -1.790035059300451081e+01 -4.728540508072887061e-02 -1.754997920131325628e+01 5.395251419961275552e-01 8.124769218050754915e+00 -5.032091944875632938e-02 -4.021241319099999600e-02 -2.038524813117329748e-01
2.050500000000000000e+03 2.359730536503985263e+02 -1.362894847442841595e+01 1.361272347355157175e-01 -1.361447353167705643e+01 -5.446591961974484031e-02 6.001644309111317632e+00 2.720433729918902976e-01 -2.527238564151280675e-01 -5.408157351824428860e-02
2.086500000000000000e+03 2.232268000260190774e+02 -1.030603288117794669e+01 4.656984989076714543e-01 -9.806444017528454182e+00 4.952602839299460324e-01 5.197476545698783923e+00 -2.932769889337381586e-01 1.633262699631107262e-01 1.342008940239518000e-01
2.122500000000000000e+03 2.073965856918688928e+02 -6.053350493044055369e+00 1.071904863199126257e-01 -5.462065791344862475e+00 3.308958358923705934e-01 4.700935926541135679e+00 -2.774276474686199201e-01 1.390837973220515333e-01 1.948479126886624446e-01
2.158500000000000000e+03 1.804488927753477583e+02 -3.348451706864314481e+00 2.263774334186346993e-01 -2.974614678913310328e+00 6.341698325003670700e-01 5.634213271890171626e+00 3.803841382890358336e-01 4.311429728942969830e-01 -3.989894826428072583e-02
2.207000000000000000e+03 1.522033720523764941e+02 -4.242957563154603484e+00 3.888270286976765466e-01 -3.443505402141632032e+00 -2.851064476496889544e-01 6.088684034608561113e+00 -2.140754064949331181e-01 -1.723244654173929635e-01 2.002823344555622886e-01
2.268000000000000000e+03 1.303749062176599125e+02 -6.627137374396804503e+00 -2.654004513967850309e-02 -6.335941311747655291e+00 -8.414726212343113243e-01 5.253376006684735700e+00 -8.901981622219441725e-02 9.545529749809780751e-02 2.023134638944225905e-01
2.329000000000000000e+03 1.262190421808177518e+02 -7.546980763160656913e+00 -3.273651943967176292e-01 -7.828922293090548656e+00 3.940102973205854564e-01 4.428086597733432939e+00 7.997611898027209842e-02 4.458506758601989417e-01 1.420969808768828835e-01
2.390000000000000000e+03 1.175456682360468506e+02 -5.693720321101307213e+00 -2.269385518069230168e-01 -6.052490200792577824e+00 2.889378046267389588e-01 3.183818922881784363e+00 -2.730966327803985294e-02 -2.229473207851128125e-01 2.870185128567480370e-03
2.451000000000000000e+03 1.025326743662403430e+02 -3.325712473183808360e+00 2.849275027381933389e-01 -3.636554998520860948e+00 8.918807938945431946e-02 3.095474569159489153e+00 3.885395766228572773e-02 -1.413165334811570251e-01 -4.410898824635355042e-02
2.512000000000000000e+03 9.041847372333867838e+01 -2.714845480841681535e+00 -1.659897689113273844e-03 -3.890661300303421388e+00 2.377090927867986647e-01 3.033137892889258502e+00 2.397003415145838312e-01 -1.047907888726934134e-01 3.431425867787642470e-01
2.573000000000000000e+03 8.203185723793782813e+01 -3.610983004441831845e+00 -4.386032543200555356e-01 -3.550990400877886977e+00 -1.606656733273705007e-02 2.611298429050028957e+00 6.350753824717274287e-03 -2.874156618376434991e-01 1.420016257452896835e-02
2.634000000000000000e+03 7.727238883758951715e+01 -4.419571372613667393e+00 -6.960416565909961495e-01 -3.820672810274382769e+00 -3.101327276359584495e-01 2.324220612564138477e+00 5.444247497122040036e-01 -2.997789125236521857e-01 -3.224189981919833858e-01
2.695000000000000000e+03 7.315400048734240102e+01 -2.755940793146719692e+00 -1.502835367268607614e-01 -3.228391166605289797e+00 -2.123145591343737759e-01 1.661296561447196174e+00 -9.050454153242948330e-02 -2.215477284962214521e-01 -1.381474487483824176e-01
2.756000000000000000e+03 6.635838683485479805e+01 -2.313781080664859324e+00 -3.262176650197843863e-01 -2.232787385005593706e+00 -2.819012738630152226e-01 1.860113104698201791e+00 8.218852235741166967e-02 1.458899782780658239e-01 3.283522553636206154e-02
2.817000000000000000e+03 5.758619993195816278e+01 -1.390405853553065008e+00 6.860087436404747052e-01 -1.054430919291288182e+00 3.883169034145772525e-02 1.261953604221443648e+00 8.952337920342806621e-02 7.362077913534600948e-02 1.415385215521288154e-01
2.878000000000000000e+03 5.193038517054414882e+01 -2.000376182744009856e+00 -1.339421773032275775e-01 -1.833792754045366458e+00 -1.504338109562947945e-01 1.631398988419135776e+00 2.143707616315087272e-01 -6.060274275383165099e-03 4.745861974621430335e-01
2.939000000000000000e+03 4.916498102167903994e+01 -1.857039301328101022e+00 -2.189706793961275766e-01 -1.907798699527248232e+00 4.726315180298950036e-01 1.228464427099793310e+00 -5.144023086697290248e-01 8.437693110367099070e-02 6.773765411712551199e-01
3.000000000000000000e+03 4.680460219885960527e+01 -1.728694266348958841e+00 5.979213730456629516e-01 -1.807705774753258332e+00 5.944039220301100546e-01 8.764582250531647301e-01 -1.900910195187965890e-01 7.165841613554471135e-01 4.714145484477398618e-02
3.061000000000000000e+03 4.352411352519786902e+01 -1.048114653571279753e+00 -9.139853008854864624e-02 -1.809386744015244242e+00 -4.023203699305347714e-01 1.128610291978646263e+00 3.013870457567351391e-01 -3.355974916684230369e-02 -2.835553747482226772e-01
3.122000000000000000e+03 4.228522413701519156e+01 -1.110743962609588742e+00 -9.927634895802833759e-02 -4.243456914558558779e-01 -2.644324176550723049e-01 4.951753398066518486e-01 -4.617519605238595837e-03 -9.821410664608921925e-02 -1.845702432355741662e-01
3.183000000000000000e+03 3.951286550802684872e+01 -5.272426292744718523e-01 -1.197388063346788850e-01 -1.197705450407057004e+00 -2.366926457730247901e-01 5.831808863582227387e-01 1.841627321193426425e-01 6.833595789411610610e-01 2.421135576120212463e-01
3.244000000000000000e+03 3.803151262104942987e+01 -1.022981655142390256e+00 5.952315654690425450e-01 -5.782964358225417545e-01 4.900326787886746804e-02 1.283843654054279249e+00 7.784496488645492596e-02 1.882259480530285578e-01 3.391508091330298069e-01
3.305000000000000000e+03 3.695576981396797578e+01 -9.244302818026781665e-01 -1.655701093122439738e-01 -1.024283253223457590e+00 -2.871635227770992227e-01 4.353077920785389243e-01 3.351010178314133836e-01 1.083904709586435561e-02 1.372121274396420620e-02
3.366000000000000000e+03 3.515272338784104988e+01 -5.055637565068711314e-01 -1.863279597952514910e-02 -8.099794961942615723e-01 -3.654553655260267542e-01 -7.823359605321200672e-02 -2.043790554590250164e-01 3.969640114875017667e-01 3.179465741793260358e-01
3.447000000000000000e+03 3.463076995194725782e+01 -2.056843057589040347e-01 1.700805426765142625e-01 -2.764119173891699810e-01 -1.764037132339193736e-01 6.347655960476104031e-01 -4.845823177226551426e-01 -3.370573152028097375e-01 6.166037338189996053e-02
3.548000000000000000e+03 3.323070130385544019e+01 -3.406558993817331293e-01 1.696874325565564390e-01 -5.701814688191093605e-01 -6.435516573258214246e-01 4.024289135624934954e-01 2.074785486112711852e-01 1.680509190746796166e-01 4.063664505530778515e-01
3.649000000000000000e+03 3.238760953481541094e+01 -6.530196657545748185e-01 2.862138932809846215e-01 -1.013291791197159952e+00 -1.570469652525554038e-01 1.639832417774934603e-01 -5.367730260883198934e-01 3.481622317302375813e-01 2.209997374176799756e-01
3.750000000000000000e+03 3.287424585252639275e+01 -1.587885868366448183e-01 -4.576608119947773723e-01 -4.337730818493861773e-01 -6.634317824797550389e-03 1.035648910245368093e-02 -2.413307072641492357e-01 -2.782524930517631390e-01 2.982437258518885748e-01
3.851000000000000000e+03 3.281510189631953978e+01 -2.577717149684381481e-01 -1.044409134921372995e-01 -8.103908074700039155e-02 7.150024036791197135e-01 -4.935155424877488151e-02 -1.361594155374973303e-01 -4.099826044861731855e-01 -5.478474803829680440e-01
3.952000000000000000e+03 3.432778144708981927e+01 -5.190831473958160691e-01 -2.688257737311793849e-01 -4.027656862180480912e-01 -1.439524946432675645e-02 2.853251059363753894e-01 9.946965932164386626e-02 -2.040110115943521707e-01 4.910356863080223011e-03
4.053000000000000000e+03 3.406888712873889347e+01 -6.855081390131009256e-01 -2.119308722820400503e-01 1.717447572406284872e-01 5.745855656844836568e-02 3.103347475240319370e-02 5.611935212360405489e-03 -2.745773399028014761e-02 -2.643829461156544935e-01
4.154000000000000000e+03 3.393496361937607730e+01 -4.475475680799516631e-01 6.597963957487920084e-01 1.360164992785331539e-01 -6.933584294517340929e-01 -1.672656881232346682e-01 -4.682400488716761400e-01 -8.935551971810703487e-01 5.807641613335550179e-01
4.255000000000000000e+03 3.502145500136299461e+01 -9.411069979924793216e-01 -8.996346736415672396e-02 1.011187062472113096e+00 1.610340908450090813e-01 -6.268489800133449918e-01 -2.957332513268713658e-02 6.425559287805708841e-01 3.315390008703840707e-01
4.356000000000000000e+03 3.644812856845949511e+01 4.205729256019588025e-01 7.865875643969350017e-02 6.421004145599965574e-01 1.273650922358221749e+00 -9.681466328245871278e-01 2.999295577020170134e-01 -6.931495053559069697e-02 -7.259212855573986545e-01
4.457000000000000000e+03 3.772293180611799812e+01 6.972773655995057052e-01 1.445326212477395511e-01 4.800133987375380107e-01 6.596730131372599004e-01 -1.349316377785905186e+00 -1.941699047708116410e-01 2.092495260086897346e+00 -6.739651129654586903e-01
4.558000000000000000e+03 3.908030348157801370e+01 2.651460109355840977e-02 -9.829132229371246865e-01 1.686169344656909264e-01 -4.157228103046957113e-01 -6.456782611422173801e-02 -8.249477951623509497e-01 3.613751243631451171e-01 1.974313889954199264e-01
4.659000000000000000e+03 4.058498965116477564e+01 -8.231516443530875193e-01 7.370695261500315176e-01 1.111073078408447573e-01 5.251397023433209688e-01 1.696138686096227977e-01 1.307065516176979525e+00 6.322669012237908115e-01 4.195512635323891404e-01
4.760000000000000000e+03 4.120223629884860372e+01 -5.714889878824682690e-01 7.201063194644613530e-03 -3.447213041081487184e-01 -7.318235671305439727e-02 -3.156598591756858974e-01 1.875618947695676109e-01 -7.120386406449201733e-01 -9.668871354322859657e-02
4.861000000000000000e+03 4.269329649311299590e+01 -4.115812613402880515e-02 1.544277173365371514e-02 -5.934805444553353793e-01 3.690130955644718158e-01 -1.214951373317610106e-01 -9.467434329230874912e-01 -2.214788502752520483e-01 5.277063262652974540e-01
4.962000000000000000e+03 4.446378528518329176e+01 1.128501465914649282e+00 -5.195590481328572485e-01 -1.366760360805068464e+00 9.398699486998474129e-02 -1.432763407993633276e-01 -5.700793891469367880e-01 1.005130089640233093e+00 -8.235226844748220199e-01
5.063000000000000000e+03 4.651003853510471231e+01 -7.221432256424525908e-01 9.712220549753699528e-01 3.515880234027224938e-01 5.239662029681866340e-01 5.032897249298826647e-01 -4.530177994144243270e-01 1.118254783223852300e+00 -1.492225501110428232e-01
5.164000000000000000e+03 4.666063505941206557e+01 -6.913353232217188671e-01 6.368831515660456910e-01 -6.453287929767065334e-01 -7.118075304356585864e-01 -6.292479483036569898e-02 1.103823526228371321e-01 4.989651082297547058e-02 8.009818256459599883e-01
5.265000000000000000e+03 4.732321796293484795e+01 -3.406793360195786713e-01 4.554854269230159680e-01 -2.315957188688358981e-01 -6.254537148368088939e-01 -9.812618463404098046e-01 2.570879879809236934e-01 -1.708280122734990580e-01 -2.718118003644020675e+00
5.366000000000000000e+03 5.024762696949727570e+01 1.166012399492180496e+00 3.330806376222677501e-01 -1.091025347353235198e+00 -1.080538247066432089e-01 1.991137288626576352e+00 1.184280565092189264e+00 1.357385222528116220e+00 2.540103532223946248e-01
5.467000000000000000e+03 5.079388652997997866e+01 3.306238289324207047e-01 2.448208572600050204e-01 1.704824181479114520e+00 -8.140875258118309699e-01 -1.797334239736244621e+00 -1.521931237558638683e+00 -2.481974382343288821e-01 4.671327728202089857e-01
5.568000000000000000e+03 5.258311128647743260e+01 -1.843527607518157252e-01 -1.108150483796866981e+00 2.352914395254416813e-01 -6.831159333798879629e-01 5.399732951559451655e-01 2.649172432561394341e+00 -5.955214019604486708e-01 7.798746044022601964e-01
5.669000000000000000e+03 5.408835278634629162e+01 2.143363686234600163e+00 8.789477138467474138e-01 -1.188982577474886115e+00 -7.149254893235053032e-01 -5.796455492153164135e-01 1.392060259331264316e+00 -9.685670430778468010e-01 1.337490103614364045e+00
5.770000000000000000e+03 5.475227210480798590e+01 9.751601851186397774e-02 -4.246226810494122539e-01 -5.615031636602818566e-03 -1.595548966451623807e+00 -1.690056265506542976e+00 -1.304441371058430166e-01 -1.326698867075325250e+00 -1.779860054453451301e+00
5.871000000000000000e+03 5.893128755259957785e+01 2.218128038902249521e-01 3.466592133212229587e-01 2.744247386986684023e-01 7.679802633691357183e-01 1.619339073768617521e-01 2.619005130232765488e-01 1.565720831488897069e-01 9.137747695921126789e-01
