# l Dl_TT Dl_TE Dl_TB Dl_ET Dl_BT Dl_EE Dl_EB Dl_BE Dl_BB
7.050000000000000000e+01 1.651846764088118562e+03 -1.708233556731608038e+00 5.025100736760816922e-01 -2.042120500557294882e+00 -5.326209328618751293e+00 3.383176410876495011e-01 4.248483362736253655e-02 1.976809688037553178e-02 8.853277447877692941e-03
1.065000000000000000e+02 3.062412605968274420e+03 -2.458002463014011596e+01 4.473287345323635478e-01 -2.784259964576987301e+01 -4.366369947322632505e-01 8.436692436879711376e-01 5.096088450710615364e-02 3.883842292655072248e-02 2.888725487893573085e-02
1.425000000000000000e+02 4.162400013502989168e+03 -4.697675565456158608e+01 9.147950883349282858e-01 -4.637756827354932909e+01 -1.570311688754635338e+00 1.075028773564809637e+00 -1.184179632842283225e-02 5.728519734062211682e-03 5.928004830052752139e-02
1.785000000000000000e+02 4.956143212422115539e+03 -3.702981330038785757e+01 -4.669348135796502763e-01 -3.135688109540073043e+01 -7.104535819191886148e-01 8.223541872838171507e-01 -1.295668712822075491e-02 -4.635221951228001014e-03 -7.457212860940359844e-02
2.145000000000000000e+02 5.425435905478825589e+03 8.495152644242109474e+00 -1.653317758553780159e+00 5.190001965257700078e+00 2.129270381694525316e+00 8.212441643761130283e-01 -2.523562651381748567e-02 3.692771288885005054e-02 4.859901075748349064e-02
2.505000000000000000e+02 5.619900289062316006e+03 6.307799129629270851e+01 -2.851598007322516004e+00 6.188014675969382239e+01 -1.347900505283556871e+00 2.481084853562403936e+00 1.932834448876405431e-02 -1.973506993940228951e-02 5.168746399933726865e-02
2.865000000000000000e+02 4.520272151075325382e+03 1.045160831090737048e+02 7.248664257450299075e-02 1.110899555756853800e+02 6.575684675540796054e-01 6.660138255104529392e+00 -4.347752317067676842e-02 -2.540545338173770540e-02 2.595807953369384455e-02
3.225000000000000000e+02 3.304106272659053502e+03 1.171160713436209306e+02 -7.954357686264742489e-01 1.185465120261189469e+02 -4.869579476834506870e-01 1.323960387448667220e+01 -2.193089841668334206e-01 -3.799266928755323791e-02 1.167273350908663576e-01
3.585000000000000000e+02 2.374900231968472781e+03 7.970384984763910552e+01 1.291407664923064136e+00 7.736806296522385651e+01 8.456452276722887795e-01 1.909425990793847916e+01 1.745049028811910541e-01 -2.504927867329951457e-02 2.101912339586218745e-02
3.945000000000000000e+02 1.790465883727906430e+03 1.176042793247126639e+01 -1.255169505787752993e+00 1.104175935797917774e+01 -1.143137206861457145e+00 2.204924202724001958e+01 -3.737570042385646857e-02 -4.286226544237783931e-03 9.740217943360716946e-02
4.305000000000000000e+02 1.798083445941966374e+03 -4.828246908382232050e+01 -1.245088327083470281e+00 -4.840821427833984103e+01 1.344250404917823660e+00 1.866292568482405301e+01 5.669569126825857452e-02 -6.472994834005398046e-02 -1.898004074399722851e-02
4.665000000000000000e+02 2.166679694606986232e+03 -7.506395900870842297e+01 8.606936349636855610e-01 -7.448967611409270262e+01 -1.020601458571659403e-01 1.360383852748171662e+01 4.154949840092458935e-03 8.442526880514851506e-02 5.616915812668260566e-02
5.025000000000000000e+02 2.399843360419725286e+03 -5.413985151408039087e+01 -2.796509623173475845e+00 -5.418462472405454378e+01 3.633230094792289089e-02 8.313433571920175069e+00 -5.277686737908212147e-03 -7.344671165194655363e-03 2.880937882836768354e-02
5.385000000000000000e+02 2.555681155566259804e+03 -1.540503277763988521e+01 -2.432762197712114993e-01 -1.567452929932263572e+01 2.449866403633722989e+00 7.339597457155978333e+00 6.473684049127716167e-03 2.080090850626153606e-02 3.018957819527087055e-02
5.745000000000000000e+02 2.513589845822362804e+03 2.489367971841108584e+01 -1.847722609038005226e+00 2.246050790467968028e+01 -7.498527399622080258e-01 1.313272372628378193e+01 8.170037600968710345e-04 -5.126126089058975072e-02 1.455692257624827679e-01
6.105000000000000000e+02 2.075856609252908129e+03 2.509932569505043887e+01 2.236697537303870553e-01 2.599606849626732341e+01 2.137210438652245303e-01 2.304115319241429205e+01 2.404468523169015770e-01 2.215412921903253674e-02 5.894221261284404711e-02
6.465000000000000000e+02 1.852032103684599861e+03 -1.338246844988528395e+01 5.637022336617957263e-01 -1.165900978488926221e+01 5.186641130163860414e-01 3.308136890712207645e+01 -4.701306421159056476e-02 8.411477446913440126e-02 1.346555877784393340e-01
6.825000000000000000e+02 1.833887504246538356e+03 -6.994517125967095694e+01 -2.318465760869647507e+00 -7.148112950678202537e+01 1.670039570071026880e-01 3.827543443660923828e+01 2.804451634822195671e-02 5.646962028676423551e-02 1.704127812247528684e-01
7.185000000000000000e+02 1.982032678911052926e+03 -1.176389958119942207e+02 -1.748217447451482665e+00 -1.165281474933190111e+02 3.539051329212078434e-02 3.457736190957236744e+01 -1.183033210146493541e-01 -7.717104166562493983e-02 3.299315690056614514e-02
7.545000000000000000e+02 2.276917209961669869e+03 -1.323903770417427381e+02 1.686713217870194459e+00 -1.348598062685856007e+02 7.100301662415838821e-01 2.699697526594489361e+01 -1.713822149665991112e-01 1.113498496994978770e-02 1.751857164064682948e-01
7.905000000000000000e+02 2.474413654081350614e+03 -1.024024009875897292e+02 -3.841005590144385140e-01 -1.026793350417315764e+02 2.895814308657906344e-01 1.746688852005338077e+01 3.021118053199851883e-02 1.388950333818372573e-01 2.353640924925403527e-02
8.265000000000000000e+02 2.523196171429267451e+03 -4.132416958016304420e+01 -4.605698663329003129e-01 -4.086281312828087664e+01 2.549876386110375148e-01 1.258594422446315875e+01 2.318210314665301863e-02 4.701995282640025753e-02 1.485745440544981033e-01
8.625000000000000000e+02 2.340218525241054522e+03 1.752836728729113247e+01 9.881963740667402130e-01 1.810003464865412326e+01 -6.063835262808446869e-01 1.483793485594957673e+01 1.643180851035082324e-02 -1.118352666329774092e-01 -1.316578993529646593e-02
8.985000000000000000e+02 1.938527853867336489e+03 5.563266945522560292e+01 1.609387603262340205e+00 5.578827159372447397e+01 -9.183813623563947814e-01 2.386460418344860912e+01 2.381340110332957338e-01 -1.312534288129890148e-01 1.168368463899865095e-01
9.345000000000000000e+02 1.502494960472828325e+03 5.009132794099284780e+01 1.222272571792911489e+00 5.044949766552623061e+01 -2.336738537849021302e-01 3.381375877352483883e+01 4.594506047646904588e-03 -7.171147854828829882e-02 -9.858777709988438692e-03
9.705000000000000000e+02 1.200690523501071766e+03 1.411986611972618633e+01 3.066439713772413089e-01 1.498484499810240322e+01 -1.616022010842256051e+00 4.116491183338025905e+01 -2.061240065193070126e-01 2.291308768031933840e-01 -3.286853772458612349e-02
1.006500000000000000e+03 1.056504624504407730e+03 -3.225428460385295182e+01 -4.748010715074519328e-01 -3.201446433174162109e+01 -1.002457351791729456e+00 4.155032171683760112e+01 -3.016261218024446356e-02 1.696528573683001584e-01 2.023603156024381400e-01
1.042500000000000000e+03 1.084223069276785282e+03 -6.787785727272317615e+01 8.141546271491011399e-01 -6.693829315949315628e+01 1.672430821290201708e-01 3.501516305333299073e+01 3.928822960750448512e-02 -9.434416648335289257e-02 -4.743344707843969582e-02
1.078500000000000000e+03 1.167746852343107776e+03 -7.797897367533654744e+01 -1.761602245540568656e+00 -7.712996354433330737e+01 9.804716063733470710e-02 2.562655282774705512e+01 2.468489428182870649e-01 5.288738148546764939e-02 2.072732528499362376e-02
1.114500000000000000e+03 1.255431193889499127e+03 -6.380706559567396141e+01 6.701580459094230724e-01 -6.181288804730004927e+01 -1.685887005829488916e-01 1.753798636140712119e+01 -2.138100136777778548e-01 -1.677677613969424386e-01 8.144244253336412054e-02
1.150500000000000000e+03 1.228779479605034794e+03 -2.963147776984394710e+01 7.182640822974317718e-02 -2.892818019750195901e+01 5.445392711449815737e-01 1.329603549935476536e+01 -1.022095703016789453e-01 3.124385557202956354e-02 2.560085291673199273e-02
1.186500000000000000e+03 1.127261791180643968e+03 2.993231595564390113e-01 4.332395057254416759e-01 -4.943466962246365171e+00 -3.448295464983143210e-01 1.552490862919816017e+01 -1.710780798418303772e-01 -1.670082043507110092e-01 1.757738103568087101e-02
1.222500000000000000e+03 9.626989911812634091e+02 6.369609788095111469e+00 -2.837028559633896663e+00 5.733028714054086095e+00 -1.675244235943369187e-01 2.145070679343301734e+01 9.551797010568545410e-02 -4.319395707818961261e-02 2.780698608459217236e-02
1.258500000000000000e+03 8.234369183231518718e+02 -3.430600926296588860e+00 5.432415461247135369e-01 -6.518788730955905386e+00 -2.289220774229789035e-01 2.746577664866310897e+01 -5.592444069493640590e-02 1.059636809222280346e-01 8.824664741458559947e-02
1.294500000000000000e+03 7.486099479720867294e+02 -2.703819257507472784e+01 1.956083507908232821e-01 -2.644404898292022210e+01 1.628925588472032726e-01 3.013835009074090010e+01 -2.110960523477542483e-01 9.652520749387161203e-02 -5.111181601326445639e-02
1.330500000000000000e+03 7.355102670147732624e+02 -5.063068038850084207e+01 1.546202888424011768e+00 -5.104845256163116574e+01 5.660729594948838983e-01 2.868340179338759199e+01 2.485442167633954147e-02 -2.861131129028574721e-02 4.037654228881357860e-02
1.366500000000000000e+03 7.822144098122947753e+02 -6.168785604512228105e+01 6.370003632343068656e-01 -5.859922320555506303e+01 -4.356500310662730913e-01 2.339707661503553737e+01 -2.043158933851672854e-01 -7.645435505458211822e-02 -3.223668728620020935e-03
1.402500000000000000e+03 8.120480322739947496e+02 -5.357962504903557033e+01 1.501504627573182704e+00 -5.335565749709942907e+01 -4.721813868534660008e-01 1.721158693443331344e+01 -2.487751223088634223e-01 6.479687726373128953e-02 -1.192651529337174915e-02
1.438500000000000000e+03 8.135273977201071602e+02 -3.519525307700828876e+01 -4.739303964812140446e-01 -3.496712576182012810e+01 -5.915454917872323692e-01 1.254231628139709898e+01 -1.507483331264249660e-01 -2.581929508333664636e-01 7.162383545585403188e-02
1.474500000000000000e+03 7.712604535302618842e+02 -1.375553534713439063e+01 5.354401129024552453e-02 -1.320459237607385106e+01 5.996800753922756355e-01 1.168977175540148750e+01 1.934909179863620321e-01 -1.904635379052534161e-02 1.066674519285996381e-01
1.510500000000000000e+03 6.746273215507749228e+02 2.401912517040379669e+00 -2.886433493749297474e-01 1.805047558156398058e+00 -6.169620541748581655e-01 1.345180370223829769e+01 -1.223564423899909104e-01 -1.187185426263856827e-02 1.471527121325831855e-01
1.546500000000000000e+03 5.640733696733614124e+02 5.761632803160768646e+00 8.997357535335379630e-01 5.175475158856637670e+00 3.882323581552685199e-01 1.710650865659683717e+01 -1.666496351790971997e-01 2.685459858537729283e-01 3.922376694599528923e-03
1.582500000000000000e+03 4.692899833107927634e+02 -2.355693762206247044e+00 -1.546896604554580446e+00 -2.440337189905923410e+00 -3.395420941392641723e-01 2.030205129357169724e+01 2.684407273768555369e-01 4.793129759972000054e-02 1.698845021745151174e-01
1.618500000000000000e+03 4.195751859658774947e+02 -1.426592359358620676e+01 3.225678517452216232e-01 -1.398223582066600201e+01 -3.306613367146234994e-01 2.043764202871024338e+01 5.984262886505631318e-02 2.923714669135214078e-02 3.480898334325712579e-02
1.654500000000000000e+03 4.055772965558666101e+02 -2.523738871067405398e+01 -5.350719116370281636e-01 -2.501047826142114872e+01 -2.423590904398467138e-01 1.865995955783842675e+01 9.811322717293763374e-02 -2.435838420203844182e-02 2.560197100512824342e-01
1.690500000000000000e+03 4.118217247895688615e+02 -3.086425610141099440e+01 -1.069688800777030213e+00 -2.999150592172554042e+01 3.941357282196245038e-03 1.517972615146968351e+01 5.436728850868949303e-02 1.020099149738169925e-01 7.580040011849652204e-02
1.726500000000000000e+03 4.164499094060079187e+02 -2.687583845312738617e+01 9.033113638373801990e-01 -2.695088054101135810e+01 2.260809852193199909e-01 1.120489574752673079e+01 1.827326421285050684e-01 -1.724877311693826243e-01 -1.126572702228987033e-01
1.762500000000000000e+03 4.068454920459412847e+02 -1.718852544021127216e+01 -7.227236385746963476e-01 -1.909470177481196274e+01 6.988826302066269980e-02 8.486759309831199971e+00 5.751272699044783498e-02 -6.629333252493482820e-02 1.284229200725570119e-01
1.798500000000000000e+03 3.786597584482514094e+02 -1.027068396985683840e+01 -4.521417759579205997e-01 -1.008017864570264166e+01 5.287533059990727757e-01 7.945449084822849173e+00 3.933421285632311415e-01 9.241662511279738479e-02 -2.511729299916636293e-01
1.834500000000000000e+03 3.397464223472076128e+02 -5.523650856545630816e+00 -3.680446569259115397e-01 -6.358444717792005818e+00 -7.720781564676440500e-02 8.852419891622162140e+00 -3.670767228218642375e-02 -2.689429331994404038e-01 9.504784318210310334e-02
1.870500000000000000e+03 3.033442722134913652e+02 -5.613084402664950012e+00 -4.924497027444357800e-01 -4.704814106176433697e+00 3.524137437849181320e-01 1.056056639826234900e+01 1.448226365987161368e-01 -4.448126904002914217e-01 1.422149959545445652e-01
1.906500000000000000e+03 2.688061773340274385e+02 -8.679974114233505844e+00 4.661354067201924911e-01 -9.055399680656300632e+00 -3.483061478375691356e-01 1.070448419766696269e+01 9.709048111147602911e-02 2.966312619921506188e-01 2.104740555882806952e-01
1.942500000000000000e+03 2.548590561780457620e+02 -1.414224645222563659e+01 -6.850960654291528007e-01 -1.405249446813971304e+01 -1.573791118196320449e-01 1.094932716273056528e+01 2.516517367932664118e-01 -1.030594202197862574e-01 2.099583010226139801e-01
1.978500000000000000e+03 2.558341565238715702e+02 -1.812405890214328252e+01 4.452585241860318455e-04 -1.768418659347087640e+01 -8.704427475304057360e-01 1.003352617672920388e+01 -3.214025970024230183e-01 -6.701910293513031747e-03 4.835216622894509403e-02
2.014500000000000000e+03 2.533939667844769303e+02 -1.780221063565473116e+01 -8.305845342004867238e-01 -1.684388050044088203e+01 -3.691214847489873718e-02 7.695260857875870109e+00 2.163674114941863125e-01 2.613675146197295684e-01 -3.554850156926857019e-01
2.050500000000000000e+03 2.512788557744447360e+02 -1.445893855144952944e+01 8.526697098963087473e-01 -1.373574742386838565e+01 -4.752742834862264676e-01 6.104545250141740098e+00 -6.300077061992106486e-01 1.471020335662404366e-01 1.012724325824023580e-01
2.086500000000000000e+03 2.375452662589376018e+02 -9.493685504539904230e+00 -6.940099792151084301e-01 -1.033585798189412408e+01 -1.208274789875630750e-01 4.856124638954867123e+00 3.618930995112797366e-01 -2.844456168525809070e-01 1.230925812247672946e-01
2.122500000000000000e+03 2.185214183354591455e+02 -5.127900487160141907e+00 -1.184874809137204110e+00 -5.010153826254043707e+00 4.930749708726901437e-01 5.043450260673433050e+00 -1.677046706736344539e-01 -5.887483396709825706e-02 3.586289528774910806e-02
2.158500000000000000e+03 1.925833193447976157e+02 -2.514232222482445600e+00 -1.952365073760739533e-01 -2.842330698852263637e+00 8.262309073107442225e-01 5.936270838725354437e+00 -2.913884187219983879e-01 -1.536469495498752336e-01 -1.239592646186791214e-01
2.207000000000000000e+03 1.658686636464696846e+02 -3.638923927742261810e+00 1.682136923544033658e-01 -3.720470367683949675e+00 6.680889410236339199e-01 5.877318833578462964e+00 -2.660047803345520767e-02 1.935007361013343363e-01 -3.514820837987084334e-02
2.268000000000000000e+03 1.466169034840924041e+02 -6.789569723802498125e+00 4.881580526105011031e-01 -6.737845311347246735e+00 4.967415788014672984e-01 5.710479556298487580e+00 1.656899396319175266e-01 -2.658856361750899788e-01 -8.662141330611065893e-02
2.329000000000000000e+03 1.412446755514909285e+02 -7.588295776302617313e+00 -5.085482255979378863e-01 -7.108868933902552811e+00 -3.306427392246995556e-01 4.586057583986999475e+00 -8.197302051640702192e-02 -4.302096763254673051e-02 -1.404950192587287039e-01
2.390000000000000000e+03 1.354077537842652532e+02 -6.476732247513695029e+00 2.500973405552279760e-01 -5.682740334236418889e+00 -6.968368942056506476e-01 3.046363888142984422e+00 -5.481197376734436855e-02 -1.564772110078485323e-01 4.329157510219332483e-01
2.451000000000000000e+03 1.218384099142267019e+02 -3.212638477013678440e+00 -6.476666313351249482e-02 -3.617590858903216855e+00 -9.327418877655424545e-04 2.908530924982727583e+00 -2.763998681636154475e-01 1.795176647368360023e-01 -1.508226172984475921e-01
2.512000000000000000e+03 1.076407493830804469e+02 -3.101580293365229224e+00 -3.643476562377018224e-02 -3.186389096174937929e+00 -4.722062172750615128e-01 2.893427772623734295e+00 8.766615482180520336e-02 -5.538676039818075936e-02 7.375110636247406148e-02
2.573000000000000000e+03 1.002100071498605445e+02 -4.185585492088297777e+00 2.195397545264377859e-01 -4.143327189862526794e+00 1.819347305296048489e-01 3.062963113438014418e+00 -2.056309180583337781e-01 -2.162266436412456916e-01 -7.013872752148075929e-02
2.634000000000000000e+03 9.716631246650084108e+01 -3.856141410787272683e+00 9.874512525923356820e-02 -4.165581003379867475e+00 3.957057974304379333e-01 2.448835170099612935e+00 2.036774294999120494e-02 1.956721684826169538e-03 -6.099577223622199007e-01
2.695000000000000000e+03 9.300064771661917007e+01 -2.521003439178459260e+00 -2.751873614186539641e-01 -2.761422226868682550e+00 -2.502366470081576755e-02 1.284260891041880903e+00 2.656360296483222250e-01 1.132532923594607999e-01 -8.065900467061087875e-02
2.756000000000000000e+03 8.577249392153647989e+01 -2.233870562205903632e+00 3.032402475293415334e-01 -2.221372944417807194e+00 1.644644341307414936e-01 1.879354582446239874e+00 3.251285963553657982e-02 -1.190485197778521215e-01 -8.707397112420425800e-02
2.817000000000000000e+03 7.806471947572413228e+01 -1.450169229606713017e+00 2.230530959226808274e-01 -1.206325235044064303e+00 3.359335281653988980e-01 1.460228353063443674e+00 -3.238864964262371804e-01 -3.330656245329066678e-01 4.526488343447056251e-02
2.878000000000000000e+03 7.429060790472132680e+01 -1.797688260378557779e+00 1.471061254825389575e-01 -2.207782404099319251e+00 -6.538289699989348336e-02 1.539613378399137922e+00 3.395508873219836854e-01 -5.427073943622938712e-01 3.654798839161662038e-01
2.939000000000000000e+03 7.142127758253141678e+01 -2.374836900772366199e+00 6.203276047769289148e-02 -1.626179972567211696e+00 -1.544346137027883814e-01 1.466881172464638450e+00 1.659399892281448741e-01 -2.109927695469575593e-01 1.155382885851206354e-01
3.000000000000000000e+03 6.892585364137738679e+01 -1.791996340857027192e+00 2.588123692638755191e-01 -1.166907460511054762e+00 1.935874835931941373e-01 7.723127630729609283e-01 -3.443064483181406121e-01 -6.724656399629545811e-02 -5.315226625832814022e-01
3.061000000000000000e+03 6.739931770543515199e+01 -9.413199753548207038e-01 3.920691075797337333e-01 -1.133785068070834789e+00 6.834501904402798811e-01 9.756572820622670950e-01 2.204674568975871218e-01 1.006264755736364924e-01 -4.037639634498578212e-01
3.122000000000000000e+03 6.576124343839549624e+01 -7.226785719942214747e-01 -2.567220524451941932e-01 -1.046285948334626070e+00 4.223174329074340094e-01 1.322846166277032331e+00 -2.270698281893582249e-01 -5.232820461518401522e-01 4.573779090221035126e-01
3.183000000000000000e+03 6.404803224304879450e+01 -7.979193946419901318e-01 8.847382744125759091e-02 -7.354375168602120816e-01 -9.609589749294097927e-02 4.591108413925348852e-01 2.016556060292843122e-01 5.520959436913856072e-02 -3.831952280565094071e-01
3.244000000000000000e+03 6.338929631080887361e+01 -1.066358297132334876e+00 -4.230152300449269154e-02 -1.348767539243864944e+00 7.495517406077318867e-01 9.471693104714968836e-01 2.975296532743480493e-01 -2.318854920176162682e-01 4.269628672936194302e-01
3.305000000000000000e+03 6.321079783839915933e+01 -9.631825499904040910e-01 -5.526992049348617986e-01 -1.568798232570308260e+00 1.996500189157698335e-01 5.143109700184238520e-01 1.595234129330926343e-01 3.399367767252499117e-01 -3.603266663988314855e-01
3.366000000000000000e+03 6.352428932977203146e+01 -7.124330204803179800e-01 3.983956322613544376e-01 -7.476418477046956612e-01 -4.363643319215384508e-01 1.603716685551870857e-01 4.243430732775872460e-01 -1.226442505933784677e-01 8.076494820253618534e-03
3.447000000000000000e+03 6.212889381889891638e+01 -3.454504533940826461e-01 -2.826698393659721198e-01 1.174884974436583573e-01 -9.015325506850380144e-02 1.708216989908234451e-01 1.471173523333746402e-01 -4.390794294515869556e-01 -5.698258525005606839e-02
3.548000000000000000e+03 6.209007565676778739e+01 -4.320193501093740895e-01 -1.555837608309630637e-01 -6.228486738377563281e-01 7.196009522504631661e-01 7.390312772906972860e-01 -1.775762182759617891e-01 -4.518033438649921019e-02 -6.248740688944036670e-01
3.649000000000000000e+03 6.324146798434648531e+01 -6.601579921867261058e-01 -4.221222630062034242e-01 -1.875029386269621290e-01 8.360391558921234645e-02 3.639404191766841268e-01 2.416830938844173049e-01 1.238868516425336574e-01 1.698784105928380084e-01
3.750000000000000000e+03 6.428706834337728537e+01 -9.296090867096803989e-02 1.298131419013194843e-01 -8.862348052664059672e-01 -4.343325961519384215e-02 2.708140482358807888e-01 1.605240791340545869e-01 -8.972440441145559942e-02 3.956923848743018612e-01
3.851000000000000000e+03 6.617184994459793757e+01 -1.443761007001281294e-01 -3.035788007270651123e-01 5.262829121349552053e-03 5.001775671742806351e-01 -6.622439097648165074e-01 -5.704050663274865540e-01 3.920961571952480962e-01 2.118906017254032839e-02
3.952000000000000000e+03 6.774233344107089749e+01 -2.987551232056779860e-01 -5.048315974537125050e-02 1.445513011452558838e-01 4.488286736946691113e-01 4.817261109060166913e-02 -6.635136995688302175e-01 4.417411447607744179e-02 -1.836024487702995200e-01
4.053000000000000000e+03 6.936788742858460921e+01 -3.541143493925520969e-01 -5.313540391962757736e-01 1.126459616873314307e-01 9.631079264200115286e-02 7.758225926251536286e-01 2.020349869494589279e-02 5.109085768800281091e-02 -2.107010548597265664e-02
4.154000000000000000e+03 7.193947234805192181e+01 -3.748083512036627929e-01 5.318302838377811925e-01 1.687793120411168746e-01 1.553382490945935390e-01 3.947576982874003715e-01 2.280586385894719792e-01 1.220458604484951026e+00 -2.674325788391815339e-02
4.255000000000000000e+03 7.404063425923189357e+01 -4.642305055559796667e-01 3.631156884184971734e-02 5.823182781629882704e-02 -6.077097516857907777e-01 2.964046880743825829e-01 4.853799792255136802e-01 -2.267255778265286903e-02 -8.760848633554185749e-02
4.356000000000000000e+03 7.682633851294005467e+01 -5.168456636629813472e-01 -1.101806795264473338e-01 4.573349434315144846e-01 6.991082842320354152e-01 4.398917332606923081e-01 -1.491986315428304177e-01 -4.112658314253139213e-01 9.139369927116292036e-02
4.457000000000000000e+03 7.865768399060652882e+01 8.492745559621459051e-02 -4.434814750804370598e-01 -4.538395220552094989e-01 1.779967354410667835e-01 1.344590793451283517e-03 3.908500940131174328e-01 -3.338635682660435200e-01 3.812566540437840185e-02
4.558000000000000000e+03 8.069675141030911902e+01 -4.694650102950688741e-01 -4.069978784676096528e-01 -2.415559244782212733e-01 6.475731838998198819e-01 1.297519527208288725e-01 -2.308704045611837952e-01 9.378495405090585546e-01 5.288846615308263610e-01
4.659000000000000000e+03 8.379242491379795865e+01 2.610075523064228631e-02 -4.741292392653789767e-01 6.139230506862254355e-01 1.033178429532255471e+00 -1.234912249664996825e-01 4.378310314150929972e-01 9.656244363145194409e-01 1.067446233478792639e-01
4.760000000000000000e+03 8.678834128383728341e+01 7.109347937875123424e-01 -1.127914698549723621e-01 -9.265347604548304639e-02 -1.166270240490174359e+00 3.772706310288567733e-01 3.920090144028710588e-01 -3.224858520042567234e-01 3.644233200997207822e-01
4.861000000000000000e+03 9.004686668920879811e+01 -4.460150799794321275e-02 -4.237546161161044322e-01 -9.532754646806058663e-01 5.759781244389596822e-01 -6.978218510118604501e-01 2.163489628015043964e-01 -9.296973847617275855e-01 -1.274208011516233252e-01
4.962000000000000000e+03 9.302497599892132030e+01 -2.295565532166610190e-02 -3.439389164568650292e-01 5.826259528838314550e-01 -8.130120017464692594e-01 -2.806822470037786399e-01 -4.209958445157082063e-01 1.071311900946433915e-01 -1.899870482239453817e-01
5.063000000000000000e+03 9.636021358133004355e+01 5.107574675015673638e-01 -3.033888240032401318e-01 -2.304002858022237421e-01 -8.118016290658228717e-01 2.279829383866845971e-01 4.699484859564603267e-01 1.925629496356847659e-01 -1.165630644169686647e+00
5.164000000000000000e+03 9.919713980169265710e+01 3.836939650208799346e-01 4.782071145851664595e-01 -3.316371937602839992e-01 -2.215753877840605512e-01 -1.062198642034514195e-01 -9.838755668628385020e-01 1.966046123612480989e-01 -5.657378220558236803e-01
5.265000000000000000e+03 1.026643830803023150e+02 -5.228003174926416641e-01 -1.405694740024347744e-01 1.269793611115374588e-01 8.577895868096272469e-01 3.339029162081245672e-01 5.147561900458536011e-02 1.104073764161367377e-01 -4.016318927302745534e-01
5.366000000000000000e+03 1.048284255563690124e+02 7.909879491542280983e-01 1.495296936509117325e-01 -6.929728631148776019e-01 2.142092280492212675e-01 2.095014536823733287e-01 -3.648698845291387660e-01 -1.729508110424092249e-01 -2.937477548511405190e-01
5.467000000000000000e+03 1.087149515563175726e+02 4.170575525483023044e-02 2.530407354446509438e-01 -5.058732737758244724e-01 -9.526031032141214494e-01 -1.700243537442638342e+00 -6.157450261226820043e-01 -1.650354432096906354e+00 -9.096292509676220384e-01
5.568000000000000000e+03 1.124663065177716703e+02 7.172669065873582550e-02 6.749127960128786796e-02 1.156878319751490247e+00 7.746598984533543675e-01 -4.328382213722437033e-01 -4.794417497484856350e-01 -1.779736384845969632e-01 -6.103589439244846426e-01
5.669000000000000000e+03 1.155380148965547846e+02 1.207512835196902889e+00 -9.156846008940661141e-02 -6.551838400026182008e-01 9.438476223027896239e-01 3.931676397961376690e-01 -5.063726686496968776e-01 -1.398623662819313829e+00 -3.851905802490164232e-01
5.770000000000000000e+03 1.177084173335921236e+02 -1.404036272646438821e+00 1.364970228534629626e-01 -7.807775800879638295e-01 -2.403133888798026918e-01 -4.421931848004451160e-02 2.763965768731407313e-01 4.949897614721363581e-01 1.153758918451316173e+00
5.871000000000000000e+03 1.223444984431836815e+02 4.570565633403441130e-01 -3.111747298304744225e-02 1.647098597823429378e+00 -3.552357876267728809e-01 -1.454695773172753892e+00 2.544490412758582121e-02 -1.580460724822902729e-01 2.011876800563753509e+00
