# l Dl_TT Dl_TE Dl_TB Dl_ET Dl_BT Dl_EE Dl_EB Dl_BE Dl_BB
7.050000000000000000e+01 1.904890294002433166e+03 -6.600111159327205712e+00 4.486216191031014433e-01 -6.600111159327205712e+00 4.486216191031014433e-01 3.462038404607770681e-01 3.617589649440134747e-04 3.617589649440142337e-04 -2.725250624823140691e-02
1.065000000000000000e+02 2.880874912863289865e+03 -2.746625049155436216e+01 2.750131579334927912e-01 -2.746625049155436216e+01 2.750131579334927912e-01 8.822437250115152674e-01 -7.408433765889669686e-05 -7.408433765889680528e-05 8.770306501306645783e-03
1.425000000000000000e+02 4.172946034724045603e+03 -4.644522454590584459e+01 3.064580097674182713e-01 -4.644522454590584459e+01 3.064580097674182713e-01 1.173188800926306952e+00 9.349947723876013764e-03 9.349947723876015498e-03 1.990509097273303676e-02
1.785000000000000000e+02 4.988944459302100768e+03 -3.630601240367005289e+01 -7.042238314289599455e-01 -3.630601240367005289e+01 -7.042238314289599455e-01 8.548200993785306512e-01 -2.647314952842388935e-02 -2.647314952842390323e-02 2.361033975869682167e-03
2.145000000000000000e+02 5.600302473500478300e+03 5.766475400052363476e+00 -2.257458793060678204e-01 5.766475400052363476e+00 -2.257458793060678204e-01 8.394259153030312337e-01 -1.779212286105207041e-02 -1.779212286105206695e-02 -1.519812003537390592e-03
2.505000000000000000e+02 5.497213628803647225e+03 6.485835587296037374e+01 9.633076948837951958e-01 6.485835587296037374e+01 9.633076948837951958e-01 2.535820647433651320e+00 1.855981444830750657e-02 1.855981444830751004e-02 1.366984855923049358e-02
2.865000000000000000e+02 4.562618032966168357e+03 1.123993733664302113e+02 1.363177111361698612e+00 1.123993733664302113e+02 1.363177111361698612e+00 6.868252535550035454e+00 1.464893954982414426e-02 1.464893954982414773e-02 2.141083003365911591e-02
3.225000000000000000e+02 3.306806907546659659e+03 1.179384413948303347e+02 -4.453162086717475932e-01 1.179384413948303347e+02 -4.453162086717475932e-01 1.325872163559684225e+01 -2.470441202495195221e-02 -2.470441202495195568e-02 6.241246108105996671e-02
3.585000000000000000e+02 2.254243331049253356e+03 7.521670310563371231e+01 -4.353158506047349885e-01 7.521670310563371231e+01 -4.353158506047349885e-01 1.920503153088663240e+01 -1.207344266690109705e-02 -1.207344266690110052e-02 1.654752132285089439e-02
3.945000000000000000e+02 1.762180680561777990e+03 1.274500652630841557e+01 -1.459563697051158293e-01 1.274500652630841557e+01 -1.459563697051158293e-01 2.159470724711335876e+01 -5.193642484094752182e-02 -5.193642484094754264e-02 5.615609043909392667e-02
4.305000000000000000e+02 1.801612466794339525e+03 -5.025275605367464493e+01 -1.471377194341118855e-01 -5.025275605367464493e+01 -1.471377194341118855e-01 1.909656230554887202e+01 1.477038997727669542e-02 1.477038997727669022e-02 5.096443794540058553e-02
4.665000000000000000e+02 2.164560424825126574e+03 -7.741646557920117289e+01 2.850847081563331331e-01 -7.741646557920117289e+01 2.850847081563331331e-01 1.366523436307891082e+01 -1.132236469641681106e-02 -1.132236469641680933e-02 8.286993126769319484e-02
5.025000000000000000e+02 2.443594060838205678e+03 -5.524767973462805060e+01 -7.948351082244229371e-01 -5.524767973462805060e+01 -7.948351082244229371e-01 8.065448334200354452e+00 1.970203482920450389e-02 1.970203482920447613e-02 6.147677402576486039e-02
5.385000000000000000e+02 2.639556922695044705e+03 -1.427231436012247379e+01 3.715573233091029048e-01 -1.427231436012247379e+01 3.715573233091029048e-01 7.413381916930055660e+00 -3.658887458898048978e-02 -3.658887458898049672e-02 4.158122642341704339e-02
5.745000000000000000e+02 2.392526592510843329e+03 2.074864932520068805e+01 -2.323942473503345374e-01 2.074864932520068805e+01 -2.323942473503345374e-01 1.239547080653946232e+01 -1.338422516264857649e-02 -1.338422516264857129e-02 6.391638592474160885e-02
6.105000000000000000e+02 2.166044592574003673e+03 2.494302534961895645e+01 7.598068171359124712e-01 2.494302534961895645e+01 7.598068171359124712e-01 2.271144960995514950e+01 -8.218095758922376246e-03 -8.218095758922376246e-03 8.032656369937361818e-02
6.465000000000000000e+02 1.884693823936356011e+03 -1.423035119290194217e+01 1.274665480100203585e-01 -1.423035119290194217e+01 1.274665480100203585e-01 3.334795801453741149e+01 8.083653978617109936e-02 8.083653978617107161e-02 6.999206136880938012e-02
6.825000000000000000e+02 1.836342852448003896e+03 -7.031471060321804600e+01 4.850838091528492102e-02 -7.031471060321804600e+01 4.850838091528492102e-02 3.766000528457032459e+01 1.421578440262505696e-02 1.421578440262505176e-02 3.968986938608268927e-02
7.185000000000000000e+02 1.942455911104697179e+03 -1.169817659814245587e+02 2.327401180984066120e-01 -1.169817659814245587e+02 2.327401180984066120e-01 3.506567792004625517e+01 6.811686651174571686e-03 6.811686651174571686e-03 6.808127008317761686e-02
7.545000000000000000e+02 2.259175766221320373e+03 -1.342991362237916633e+02 -6.376141417154794766e-01 -1.342991362237916633e+02 -6.376141417154794766e-01 2.691764776009929960e+01 4.655790197524285051e-02 4.655790197524287133e-02 1.694594182261014437e-01
7.905000000000000000e+02 2.480571546664594734e+03 -1.011761724812350565e+02 -1.049241872419792998e-01 -1.011761724812350565e+02 -1.049241872419792998e-01 1.743432227858604833e+01 3.859492740958321566e-03 3.859492740958328505e-03 7.806115363073586055e-02
8.265000000000000000e+02 2.509815489609371070e+03 -4.386397594850687653e+01 2.251196735351670419e-01 -4.386397594850687653e+01 2.251196735351670419e-01 1.282280346855625908e+01 -5.900129007368527280e-03 -5.900129007368529015e-03 9.565261781916077621e-02
8.625000000000000000e+02 2.334299894764631517e+03 1.977529001120014485e+01 -4.913736884404127370e-01 1.977529001120014485e+01 -4.913736884404127370e-01 1.518284552007264665e+01 -8.448596664340148055e-02 -8.448596664340142504e-02 6.303294560896378906e-02
8.985000000000000000e+02 1.930649468957971976e+03 5.544705411099491954e+01 -7.425964790652966885e-01 5.544705411099491954e+01 -7.425964790652966885e-01 2.366539761068738557e+01 -4.397256088654791922e-02 -4.397256088654791922e-02 6.772395896747329669e-02
9.345000000000000000e+02 1.504219752549578971e+03 5.346541339231939105e+01 9.559953995000239346e-02 5.346541339231939105e+01 9.559953995000239346e-02 3.448944119038593925e+01 -1.827889077687909133e-02 -1.827889077687910174e-02 5.693898958129182952e-02
9.705000000000000000e+02 1.209860536969548320e+03 1.535221950688355719e+01 -3.138584157631274518e-01 1.535221950688355719e+01 -3.138584157631274518e-01 4.204704752678375002e+01 1.807281721240844297e-01 1.807281721240844852e-01 7.704308132039357215e-02
1.006500000000000000e+03 1.057325462513924776e+03 -3.313557018703461665e+01 -2.216420617971679163e-01 -3.313557018703461665e+01 -2.216420617971679163e-01 4.074896154602924980e+01 1.308239949798709612e-01 1.308239949798709889e-01 8.562279069902467565e-02
1.042500000000000000e+03 1.082265058889221564e+03 -6.982858324708291775e+01 2.225159793911923312e-01 -6.982858324708291775e+01 2.225159793911923312e-01 3.490250827877375173e+01 -7.922202338481845740e-02 -7.922202338481842965e-02 1.014118925841080016e-01
1.078500000000000000e+03 1.165291532126919265e+03 -7.702385646419483578e+01 3.397287904939360614e-01 -7.702385646419483578e+01 3.397287904939360614e-01 2.543278997393374041e+01 -4.295708676799712966e-02 -4.295708676799713660e-02 1.349396763140136291e-01
1.114500000000000000e+03 1.243719143202910118e+03 -6.037919609882812466e+01 3.704190331730984331e-01 -6.037919609882812466e+01 3.704190331730984331e-01 1.701219741254375251e+01 -9.285873681648012384e-03 -9.285873681648005445e-03 1.059448486668600892e-01
1.150500000000000000e+03 1.233299641728872530e+03 -3.182472055249947829e+01 2.438355524578643685e-01 -3.182472055249947829e+01 2.438355524578643685e-01 1.327685160647756391e+01 -6.382236021510681589e-02 -6.382236021510684365e-02 1.105332018148088430e-01
1.186500000000000000e+03 1.108928936894592880e+03 -3.303289581623942262e+00 4.141085228809622820e-01 -3.303289581623942262e+00 4.141085228809622820e-01 1.554166110547906499e+01 -8.002618410082282252e-02 -8.002618410082280864e-02 1.084602239668738394e-01
1.222500000000000000e+03 9.684486847380885592e+02 4.016394467698784609e+00 -1.073066543549090063e-01 4.016394467698784609e+00 -1.073066543549090063e-01 2.139976804497559115e+01 -5.087573687505572706e-02 -5.087573687505573400e-02 1.333401163938608414e-01
1.258500000000000000e+03 8.213201922092761151e+02 -3.684224383116396773e+00 3.534042544577792877e-01 -3.684224383116396773e+00 3.534042544577792877e-01 2.763812267333319284e+01 9.154565422960093957e-02 9.154565422960088406e-02 1.738181644351261546e-01
1.294500000000000000e+03 7.499076695526712228e+02 -3.023132907856873786e+01 -1.657337184008127184e-01 -3.023132907856873786e+01 -1.657337184008127184e-01 3.043150341202401421e+01 -1.100933213565435942e-01 -1.100933213565435803e-01 4.546283713884377575e-02
1.330500000000000000e+03 7.310559810829629441e+02 -4.993525209601905601e+01 4.157822265891622515e-01 -4.993525209601905601e+01 4.157822265891622515e-01 2.908491435710384110e+01 -1.034381501878089415e-01 -1.034381501878089415e-01 1.391926040832502376e-01
1.366500000000000000e+03 7.761161851734557331e+02 -6.005525067370926706e+01 2.619509071416624146e-01 -6.005525067370926706e+01 2.619509071416624146e-01 2.290846586735052881e+01 -7.750153178050739333e-02 -7.750153178050737945e-02 9.368977578991814770e-02
1.402500000000000000e+03 8.280061942497067093e+02 -5.366063488417839267e+01 8.417398940846956834e-02 -5.366063488417839267e+01 8.417398940846956834e-02 1.684889847767748350e+01 1.189955921474409178e-01 1.189955921474409734e-01 9.391581911185710452e-02
1.438500000000000000e+03 8.222326177491893304e+02 -3.489567060211069816e+01 -3.549980681337172594e-01 -3.489567060211069816e+01 -3.549980681337172594e-01 1.256516191416083572e+01 7.852929482163804875e-02 7.852929482163809038e-02 1.475956853584567963e-01
1.474500000000000000e+03 7.654839653572485076e+02 -1.199939562518933300e+01 -1.746382772230939129e-01 -1.199939562518933300e+01 -1.746382772230939129e-01 1.143773339403032985e+01 -2.156165120168480540e-02 -2.156165120168480887e-02 8.422848180675773788e-02
1.510500000000000000e+03 6.719069200179706058e+02 2.865272515743142456e+00 -3.721231903980014022e-01 2.865272515743142456e+00 -3.721231903980014022e-01 1.347355463969710243e+01 -6.828498684600747826e-02 -6.828498684600745050e-02 2.129891228374412859e-01
1.546500000000000000e+03 5.582437933782046002e+02 5.760086962732654747e+00 4.967492350168301041e-01 5.760086962732654747e+00 4.967492350168301041e-01 1.707595662612995469e+01 2.230182156615461916e-02 2.230182156615466427e-02 3.051322577307253453e-02
1.582500000000000000e+03 4.681032407072958677e+02 -1.442423387394746959e+00 -1.020399973262772070e-01 -1.442423387394746959e+00 -1.020399973262772070e-01 1.988084840482206417e+01 5.541538813243552380e-02 5.541538813243557238e-02 1.409280835453358693e-01
1.618500000000000000e+03 4.136779475907756591e+02 -1.473010469120479371e+01 -2.748167489538746455e-01 -1.473010469120479371e+01 -2.748167489538746455e-01 2.071334722021358132e+01 8.711567844854731235e-02 8.711567844854734011e-02 1.339047615931600044e-01
1.654500000000000000e+03 3.979678102061538425e+02 -2.485793938778662238e+01 -3.421382249343302151e-01 -2.485793938778662238e+01 -3.421382249343302151e-01 1.862219196309091984e+01 3.809539710874200458e-02 3.809539710874200458e-02 -1.888982424921905115e-02
1.690500000000000000e+03 3.997433076945307562e+02 -3.016138255268014490e+01 -8.425458592708867656e-02 -3.016138255268014490e+01 -8.425458592708867656e-02 1.487269866383440409e+01 -4.722343088259042809e-04 -4.722343088259112198e-04 1.766699636202772039e-01
1.726500000000000000e+03 4.106485535640359785e+02 -2.593537042232950540e+01 1.973336737798979390e-02 -2.593537042232950540e+01 1.973336737798979390e-02 1.087734619342493581e+01 -4.503332131891388257e-02 -4.503332131891389645e-02 -7.212728922362013351e-02
1.762500000000000000e+03 4.050509342590125357e+02 -1.828118290275727986e+01 -1.483477682214699167e-01 -1.828118290275727986e+01 -1.483477682214699167e-01 8.641808230294373061e+00 -1.353924457934366221e-02 -1.353924457934365527e-02 -1.412326142012898696e-02
1.798500000000000000e+03 3.719964225282586199e+02 -9.475643242282899337e+00 3.555948802558029920e-01 -9.475643242282899337e+00 3.555948802558029920e-01 7.937076444968751865e+00 1.729582437538311132e-02 1.729582437538310785e-02 2.228592699328604543e-01
1.834500000000000000e+03 3.358548011125903372e+02 -5.748366432145110672e+00 -3.585550704186634685e-01 -5.748366432145110672e+00 -3.585550704186634685e-01 8.668416751300197731e+00 2.686409325820159066e-02 2.686409325820158372e-02 2.423114858600529734e-03
1.870500000000000000e+03 2.939017908051101244e+02 -5.251010205207171211e+00 -1.873767760214505584e-01 -5.251010205207171211e+00 -1.873767760214505584e-01 1.039376668022429584e+01 4.031102994922339255e-02 4.031102994922337868e-02 4.666081905901812987e-02
1.906500000000000000e+03 2.641004412354901660e+02 -9.596901775004580415e+00 3.024802180568315207e-02 -9.596901775004580415e+00 3.024802180568315207e-02 1.088940696056593183e+01 -6.154829864682525437e-02 -6.154829864682524049e-02 9.977435435041498435e-02
1.942500000000000000e+03 2.541647447226330883e+02 -1.497392299841608043e+01 2.050228869642787277e-01 -1.497392299841608043e+01 2.050228869642787277e-01 1.090825628789718493e+01 -1.494892185766239466e-02 -1.494892185766239813e-02 -1.101794613876157375e-01
1.978500000000000000e+03 2.473701666488547062e+02 -1.749651723489981947e+01 -1.629873721185516322e-01 -1.749651723489981947e+01 -1.629873721185516322e-01 9.764128841210649057e+00 3.095471181476288150e-02 3.095471181476289885e-02 3.721758225904498452e-01
2.014500000000000000e+03 2.456353593321582593e+02 -1.747583246742688345e+01 -1.416243678332104183e-01 -1.747583246742688345e+01 -1.416243678332104183e-01 7.833600326188847163e+00 3.396233188694254557e-02 3.396233188694250393e-02 1.340759044029399272e-01
2.050500000000000000e+03 2.440980429039245792e+02 -1.456942539533161707e+01 3.664090827219583235e-01 -1.456942539533161707e+01 3.664090827219583235e-01 6.254210644110745676e+00 -5.437551037187054320e-03 -5.437551037187078606e-03 8.796193490365212739e-03
2.086500000000000000e+03 2.333397308441870166e+02 -8.924029933081490285e+00 2.243431680068090905e-01 -8.924029933081490285e+00 2.243431680068090905e-01 5.029465100634348040e+00 7.145435106874874209e-02 7.145435106874875597e-02 8.759615379353508091e-02
2.122500000000000000e+03 2.100104838737975967e+02 -4.744160871598797513e+00 3.581611981986747573e-01 -4.744160871598797513e+00 3.581611981986747573e-01 4.874804767168746444e+00 1.654918248894641369e-02 1.654918248894639982e-02 3.742719084095075949e-02
2.158500000000000000e+03 1.879223619718572706e+02 -3.030920657226059411e+00 4.410888309876347946e-01 -3.030920657226059411e+00 4.410888309876347946e-01 5.130067673408700735e+00 -6.368910020552935591e-02 -6.368910020552934204e-02 -1.390047153712143692e-02
2.207000000000000000e+03 1.600994269415320446e+02 -3.647519798122222046e+00 1.220460732223083850e-01 -3.647519798122222046e+00 1.220460732223083850e-01 5.916546201040619124e+00 7.083873718288993815e-02 7.083873718288993815e-02 1.216080065956152562e-01
2.268000000000000000e+03 1.414713439096638865e+02 -6.970305579283337494e+00 1.039301278499814574e-01 -6.970305579283337494e+00 1.039301278499814574e-01 5.838902215036856802e+00 1.138461713961057414e-01 1.138461713961057692e-01 -9.012904188529069494e-02
2.329000000000000000e+03 1.335413403856311447e+02 -7.742371643148966420e+00 2.236649140805494484e-01 -7.742371643148966420e+00 2.236649140805494484e-01 4.439566219190203888e+00 7.277257782272818221e-03 7.277257782272825160e-03 2.082010721370432804e-01
2.390000000000000000e+03 1.270827760699140470e+02 -6.028634001626842043e+00 -1.954594227846624399e-01 -6.028634001626842043e+00 -1.954594227846624399e-01 3.068804670308530103e+00 5.943592151297049514e-02 5.943592151297046738e-02 1.213253602430263561e-02
2.451000000000000000e+03 1.132640058091741082e+02 -3.380881544428807395e+00 6.970329591662507984e-02 -3.380881544428807395e+00 6.970329591662507984e-02 2.858294613091119096e+00 -1.405993825372081341e-01 -1.405993825372081896e-01 2.803617411909981733e-02
2.512000000000000000e+03 9.901755323739460835e+01 -3.047825030718521511e+00 -4.992883628847891164e-02 -3.047825030718521511e+00 -4.992883628847891164e-02 2.887590495355213172e+00 4.460253095417966718e-02 4.460253095417968106e-02 9.219871654225804403e-02
2.573000000000000000e+03 9.105639999203233970e+01 -4.026722822497521115e+00 -7.818235193181373444e-02 -4.026722822497521115e+00 -7.818235193181373444e-02 3.090847346387145311e+00 -1.425029863107449002e-01 -1.425029863107448724e-01 1.010531760374894922e-01
2.634000000000000000e+03 8.693724019370509382e+01 -4.210738492410252221e+00 2.180620129973068200e-01 -4.210738492410252221e+00 2.180620129973068200e-01 2.443992968181989411e+00 -1.523627868536626129e-01 -1.523627868536625574e-01 -1.230546299935054849e-01
2.695000000000000000e+03 8.239090621633340561e+01 -3.135567624354231420e+00 3.399542410828866601e-02 -3.135567624354231420e+00 3.399542410828866601e-02 2.105931949960380578e+00 -7.930665254743567150e-02 -7.930665254743568537e-02 -1.672591561599929000e-01
2.756000000000000000e+03 7.523629928158852920e+01 -2.065150104474553494e+00 9.494727374134322162e-02 -2.065150104474553494e+00 9.494727374134322162e-02 1.562002105631440596e+00 1.614154346552432173e-03 1.614154346552425234e-03 7.899409051141065286e-02
2.817000000000000000e+03 6.759889211188848890e+01 -1.420218720870117801e+00 -1.599695685780613552e-01 -1.420218720870117801e+00 -1.599695685780613552e-01 1.423772863164521008e+00 1.249616527654967557e-01 1.249616527654967280e-01 -4.629316067574437699e-02
2.878000000000000000e+03 6.158969190737825272e+01 -1.428817216514407518e+00 -3.140463485585528458e-01 -1.428817216514407518e+00 -3.140463485585528458e-01 1.174641189533451202e+00 -6.181426516448290664e-02 -6.181426516448290664e-02 1.061713022895026809e-01
2.939000000000000000e+03 5.916684156109596415e+01 -1.933908174539791691e+00 1.504584064033841484e-01 -1.933908174539791691e+00 1.504584064033841484e-01 1.331726136484953971e+00 1.969006633770352677e-01 1.969006633770354064e-01 -1.366278449340335710e-01
3.000000000000000000e+03 5.745127703900170246e+01 -1.502939780154531668e+00 -3.354879170699693325e-01 -1.502939780154531668e+00 -3.354879170699693325e-01 9.288603909161650130e-01 -3.852353561241946001e-02 -3.852353561241947388e-02 -1.541501575609391383e-01
3.061000000000000000e+03 5.462495403167073960e+01 -1.267290636720924457e+00 -1.485433116404437197e-02 -1.267290636720924457e+00 -1.485433116404437197e-02 6.324121634341529630e-01 -1.586007081927297557e-01 -1.586007081927297557e-01 1.879028488071474989e-01
3.122000000000000000e+03 5.217677097029673661e+01 -1.082546923040193398e+00 3.245220559851134112e-01 -1.082546923040193398e+00 3.245220559851134112e-01 9.132832146310858601e-01 1.339024787691916463e-01 1.339024787691917018e-01 1.053151814316709012e-01
3.183000000000000000e+03 5.064844976561506229e+01 -7.516334486225559885e-01 1.224086338677367602e-01 -7.516334486225559885e-01 1.224086338677367602e-01 8.564673399456785852e-01 -1.116693831686985383e-01 -1.116693831686985383e-01 4.445654210426202568e-01
3.244000000000000000e+03 4.888369300925118921e+01 -8.084749860760951368e-01 -4.599154731822101272e-02 -8.084749860760951368e-01 -4.599154731822101272e-02 7.743417703174230171e-01 2.558845611087322627e-02 2.558845611087322974e-02 4.053827881847595904e-01
3.305000000000000000e+03 4.821051090071085099e+01 -8.246551896752227773e-01 -1.337430580899421836e-02 -8.246551896752227773e-01 -1.337430580899421836e-02 1.696069663948526485e-01 -1.020653779130614724e-01 -1.020653779130614447e-01 -8.797016898581208610e-02
3.366000000000000000e+03 4.721942830257248147e+01 -9.625884618877744714e-01 8.070897599910123454e-02 -9.625884618877744714e-01 8.070897599910123454e-02 3.597721443481006198e-01 -1.134266645280580382e-01 -1.134266645280580937e-01 -3.995773161924404647e-03
3.447000000000000000e+03 4.578748811410444830e+01 -3.756501383843262043e-01 8.538223551398035904e-02 -3.756501383843262043e-01 8.538223551398035904e-02 1.503616432693270777e-01 -6.862985253503939287e-02 -6.862985253503939287e-02 3.788079524820490290e-02
3.548000000000000000e+03 4.545327254583930454e+01 -2.657932306178376058e-01 1.836306429822045783e-01 -2.657932306178376058e-01 1.836306429822045783e-01 -1.322544677865612472e-01 5.459002850023543518e-02 5.459002850023544212e-02 -3.141460021366371258e-02
3.649000000000000000e+03 4.531103163206020668e+01 -5.873301250180028577e-01 -8.400688057135290154e-02 -5.873301250180028577e-01 -8.400688057135290154e-02 2.843188813178898142e-02 -1.190441779762548835e-01 -1.190441779762548419e-01 4.938675217344389023e-02
3.750000000000000000e+03 4.522795286913240176e+01 -5.939778831359157074e-01 -2.945586601179679687e-02 -5.939778831359157074e-01 -2.945586601179679687e-02 2.085011422206655418e-01 -3.016993623115210021e-01 -3.016993623115209466e-01 3.004720431307932732e-02
3.851000000000000000e+03 4.609627423501031984e+01 -2.908029018407592425e-01 -5.023092124045197560e-02 -2.908029018407592425e-01 -5.023092124045197560e-02 4.029909701853433557e-01 2.647431371977789771e-01 2.647431371977789216e-01 -1.602632294686301140e-01
3.952000000000000000e+03 4.698466863787977843e+01 -4.654521303269871790e-01 -1.131341684075284348e-01 -4.654521303269871790e-01 -1.131341684075284348e-01 4.482971214431036300e-01 -9.360077969371309592e-02 -9.360077969371302653e-02 -2.399996863150601067e-01
4.053000000000000000e+03 4.778589691157754515e+01 -3.543990651386349500e-01 -1.623112619068906859e-01 -3.543990651386349500e-01 -1.623112619068906859e-01 3.064351386266004479e-02 1.293595195234497619e-01 1.293595195234497897e-01 1.373414096572201648e-01
4.154000000000000000e+03 4.886148723735806243e+01 3.782574150632581067e-01 -1.312848687581217311e-01 3.782574150632581067e-01 -1.312848687581217311e-01 -1.642608873525720770e-02 4.436250116392480985e-02 4.436250116392478904e-02 -2.954320834808380480e-01
4.255000000000000000e+03 5.066966686444837364e+01 -3.762968828086155071e-01 3.747903598570299089e-01 -3.762968828086155071e-01 3.747903598570299089e-01 -2.370111720303899692e-03 3.432759606429894861e-01 3.432759606429895971e-01 -6.705651194428986495e-01
4.356000000000000000e+03 5.191428866683975230e+01 -3.577008383823320203e-01 -5.545405405954593192e-01 -3.577008383823320203e-01 -5.545405405954593192e-01 -2.062146493060917629e-01 -1.239494219939186737e-01 -1.239494219939186181e-01 1.844005340556350570e-01
4.457000000000000000e+03 5.329891254751797902e+01 -2.211108220413232628e-02 -4.196351439333890765e-01 -2.211108220413232628e-02 -4.196351439333890765e-01 6.489005745382306900e-01 -4.766594689862488909e-01 -4.766594689862488909e-01 1.290536082625448167e+00
4.558000000000000000e+03 5.460733323501899150e+01 -6.956671477987943497e-01 5.274170966550766337e-01 -6.956671477987943497e-01 5.274170966550766337e-01 -3.410931629508454077e-01 -7.895780911467420449e-03 -7.895780911467420449e-03 -3.587298476522396418e-01
4.659000000000000000e+03 5.558404198307609079e+01 3.068648861884474277e-01 -2.736021679749408575e-01 3.068648861884474277e-01 -2.736021679749408575e-01 2.894621207582159794e-01 -1.138496519134456486e+00 -1.138496519134456486e+00 -6.146881212563739538e-01
4.760000000000000000e+03 5.787524384418025392e+01 1.223286345175997325e-01 -1.258689297074997715e-01 1.223286345175997325e-01 -1.258689297074997715e-01 -6.683202170192963087e-02 9.541966166559532336e-01 9.541966166559530116e-01 2.198004374216450396e-01
4.861000000000000000e+03 5.882825044139213588e+01 2.462183932562766742e-01 -1.133521600926606365e-01 2.462183932562766742e-01 -1.133521600926606365e-01 8.171392128326625537e-01 3.587907203440716675e-01 3.587907203440717785e-01 8.140604666519124510e-01
4.962000000000000000e+03 6.199644085729008935e+01 1.893488027733338797e-01 -4.197780768988350064e-01 1.893488027733338797e-01 -4.197780768988350064e-01 -7.851878432523475837e-01 1.783242234725779252e-01 1.783242234725778141e-01 -3.624491500512793674e-01
5.063000000000000000e+03 6.277155916268878855e+01 -1.066038677247139965e+00 6.354645451933482736e-01 -1.066038677247139965e+00 6.354645451933482736e-01 1.252468420859561282e-01 -5.830675488187194722e-01 -5.830675488187194722e-01 -7.087854018421994029e-01
5.164000000000000000e+03 6.526759860513159595e+01 -6.070756697606496388e-01 -7.802465359018570523e-02 -6.070756697606496388e-01 -7.802465359018570523e-02 1.769610784346652865e+00 1.211297376068192211e-01 1.211297376068194431e-01 -1.650563778113318225e+00
5.265000000000000000e+03 6.715819071476747126e+01 -9.004086171850594900e-01 6.063589379629112930e-01 -9.004086171850594900e-01 6.063589379629112930e-01 1.470932765062922698e+00 1.636604246425979348e+00 1.636604246425979348e+00 -1.049114393858928684e+00
5.366000000000000000e+03 7.036823968209168356e+01 3.931857170206661811e-01 9.767123615163271211e-01 3.931857170206661811e-01 9.767123615163271211e-01 5.500921246900440931e-01 -3.902742623799890231e-01 -3.902742623799888011e-01 -6.455103112088766970e-01
5.467000000000000000e+03 7.190722975677920203e+01 -6.217494922793480594e-01 4.122925410631137488e-01 -6.217494922793480594e-01 4.122925410631137488e-01 -8.420696841363297658e-01 -6.282470421311242559e-01 -6.282470421311243669e-01 -2.566600079994136863e+00
5.568000000000000000e+03 7.300698740389928787e+01 5.991714319794261279e-01 6.798810169856062124e-01 5.991714319794261279e-01 6.798810169856062124e-01 -8.284975503857173740e-01 -3.489642942627758648e-01 -3.489642942627758648e-01 -8.196040582071073555e-01
5.669000000000000000e+03 7.348716915083196000e+01 -1.113265590753573647e-01 7.118994537259974997e-01 -1.113265590753573647e-01 7.118994537259974997e-01 7.651747221395883702e-01 1.628027654579667916e+00 1.628027654579669026e+00 3.146028948756510180e-01
5.770000000000000000e+03 7.901947369173623770e+01 3.118089858283615290e-01 8.517670753910382420e-01 3.118089858283615290e-01 8.517670753910382420e-01 -4.774461551538223825e-01 3.694499578773933202e+00 3.694499578773932313e+00 9.814548070049065043e-01
5.871000000000000000e+03 8.133214472973159559e+01 -8.908093128919849502e-01 -1.496374605072501751e+00 -8.908093128919849502e-01 -1.496374605072501751e+00 -1.759813096652406594e+00 2.586473442240706966e+00 2.586473442240706522e+00 1.873033696655440172e+00
