# l Dl_TT Dl_TE Dl_TB Dl_ET Dl_BT Dl_EE Dl_EB Dl_BE Dl_BB
7.050000000000000000e+01 1.793870499623408705e+03 -8.442020026349313255e+00 2.337761956738591884e+00 -8.442020026349313255e+00 2.337761956738591884e+00 3.766688208997508447e-01 2.098367177574066850e-02 2.098367177574066156e-02 2.054967634976577126e-02
1.065000000000000000e+02 3.059346215626597768e+03 -2.794751996435237373e+01 -2.351622742807480959e-01 -2.794751996435237373e+01 -2.351622742807480959e-01 8.441722673678915267e-01 -1.326461743005741614e-02 -1.326461743005741961e-02 -3.858951832694675066e-02
1.425000000000000000e+02 4.010731320612778291e+03 -4.394489007330892605e+01 7.086214048567117674e-01 -4.394489007330892605e+01 7.086214048567117674e-01 1.125723708566102488e+00 -4.367763751736910768e-03 -4.367763751736915973e-03 3.534915767925993213e-02
1.785000000000000000e+02 5.318637916244139888e+03 -3.551327178431355946e+01 5.134511204976994758e-01 -3.551327178431355946e+01 5.134511204976994758e-01 8.195545042419338788e-01 6.974861150446268893e-03 6.974861150446268893e-03 -1.693672393320255765e-02
2.145000000000000000e+02 5.668295827339823518e+03 3.956890846829502095e+00 -1.336281516243226886e+00 3.956890846829502095e+00 -1.336281516243226886e+00 8.182948298198596815e-01 -1.976637407938108826e-02 -1.976637407938108826e-02 1.594981570417022820e-02
2.505000000000000000e+02 5.327291819965516879e+03 6.400397643786610047e+01 1.077491852269446104e+00 6.400397643786610047e+01 1.077491852269446104e+00 2.482285747976013202e+00 -1.616870975214354522e-02 -1.616870975214355910e-02 -1.585653917995865497e-02
2.865000000000000000e+02 4.631074388027852365e+03 1.128248640898032420e+02 1.156952036784478555e+00 1.128248640898032420e+02 1.156952036784478555e+00 7.092097826591348131e+00 9.208962639231701997e-02 9.208962639231699221e-02 -9.600583778252132433e-04
3.225000000000000000e+02 3.366892317474569609e+03 1.169766548363187724e+02 9.603277946354607519e-02 1.169766548363187724e+02 9.603277946354607519e-02 1.318203913444316733e+01 1.184914600808192886e-02 1.184914600808192192e-02 5.365836216362959710e-02
3.585000000000000000e+02 2.387626349009485239e+03 7.851488286333690780e+01 6.331912189923165346e-02 7.851488286333690780e+01 6.331912189923165346e-02 1.942735630640905953e+01 -3.741531224380252596e-02 -3.741531224380253290e-02 8.036711039181865246e-02
3.945000000000000000e+02 1.788291025107915175e+03 8.610321940270139862e+00 -3.840930576040905153e-01 8.610321940270139862e+00 -3.840930576040905153e-01 2.195917443696315985e+01 1.260171269966935473e-02 1.260171269966935820e-02 4.681943892479049213e-02
4.305000000000000000e+02 1.783206172779113786e+03 -4.868664621351899768e+01 -3.011280221484055053e-01 -4.868664621351899768e+01 -3.011280221484055053e-01 1.922935597621044224e+01 -1.276160983111885097e-02 -1.276160983111885271e-02 8.326303606838952875e-02
4.665000000000000000e+02 2.138776877886460170e+03 -7.271293055036318265e+01 -4.030712950962448415e-01 -7.271293055036318265e+01 -4.030712950962448415e-01 1.331015022870702147e+01 3.540967601960953032e-02 3.540967601960952338e-02 7.781997842745752569e-02
5.025000000000000000e+02 2.409464286022462602e+03 -5.539502028593095417e+01 -1.297028017517506404e+00 -5.539502028593095417e+01 -1.297028017517506404e+00 8.164240649510078995e+00 4.702341536358528584e-02 4.702341536358528584e-02 4.285889414798360608e-02
5.385000000000000000e+02 2.576482291503671604e+03 -1.381410515459699795e+01 -7.486547547336187547e-01 -1.381410515459699795e+01 -7.486547547336187547e-01 7.616339549448413848e+00 4.364202759073449595e-02 4.364202759073448901e-02 8.796738495551560677e-02
5.745000000000000000e+02 2.434880310474374255e+03 2.084310444416968977e+01 -1.546622339064320784e-01 2.084310444416968977e+01 -1.546622339064320784e-01 1.323655912744733065e+01 1.908659074473596784e-02 1.908659074473596437e-02 1.086534253100236019e-01
6.105000000000000000e+02 2.113117256041113706e+03 2.631819678125546602e+01 -1.028365953845244984e+00 2.631819678125546602e+01 -1.028365953845244984e+00 2.306456345738759595e+01 9.312397158575171086e-02 9.312397158575171086e-02 1.217822350813832083e-01
6.465000000000000000e+02 1.854751398222937723e+03 -8.729495250492561809e+00 -1.469429035576986786e-01 -8.729495250492561809e+00 -1.469429035576986786e-01 3.304153743480671324e+01 5.500735769189836477e-03 5.500735769189829538e-03 1.006197620043427360e-01
6.825000000000000000e+02 1.856697956246514423e+03 -6.880989759297551700e+01 7.021706299184020672e-01 -6.880989759297551700e+01 7.021706299184020672e-01 3.812822611960115893e+01 -2.299274492727607783e-02 -2.299274492727610558e-02 1.592465329970438326e-01
7.185000000000000000e+02 1.961217956721073506e+03 -1.175188543710866895e+02 4.116183077053857664e-01 -1.175188543710866895e+02 4.116183077053857664e-01 3.498240221139852935e+01 3.797549026595857524e-02 3.797549026595856136e-02 9.171187365496198673e-02
7.545000000000000000e+02 2.267183455557800244e+03 -1.328393708157137212e+02 2.359437193686255707e-01 -1.328393708157137212e+02 2.359437193686255707e-01 2.667811009032487846e+01 -1.836528268863030222e-02 -1.836528268863031263e-02 1.295295805488960728e-01
7.905000000000000000e+02 2.436346769052384843e+03 -1.011187752783766740e+02 -9.339935154631064940e-01 -1.011187752783766740e+02 -9.339935154631064940e-01 1.768527569021707180e+01 5.347096836751968896e-02 5.347096836751968896e-02 6.426850068220750500e-02
8.265000000000000000e+02 2.507133427945090261e+03 -4.181011497580163905e+01 1.959654038612746452e-01 -4.181011497580163905e+01 1.959654038612746452e-01 1.293410111135428409e+01 -3.464303044975095003e-02 -3.464303044975097778e-02 1.273821988807700978e-01
8.625000000000000000e+02 2.331965107782863925e+03 1.656919703720999593e+01 1.544841332066071438e+00 1.656919703720999593e+01 1.544841332066071438e+00 1.471114216874986091e+01 7.831859610062383292e-02 7.831859610062386068e-02 2.730343260540135653e-02
8.985000000000000000e+02 1.915042509724285310e+03 5.319416938433754183e+01 6.577818230026062363e-01 5.319416938433754183e+01 6.577818230026062363e-01 2.329630094994588774e+01 -1.854228808194303274e-02 -1.854228808194303274e-02 7.177796146638340535e-02
9.345000000000000000e+02 1.510548863935365716e+03 5.293134783047278091e+01 3.689141779820269695e-01 5.293134783047278091e+01 3.689141779820269695e-01 3.413327137609172013e+01 -5.377427347152961140e-02 -5.377427347152961140e-02 1.440088245788295473e-01
9.705000000000000000e+02 1.194378752355305096e+03 1.499703184942085343e+01 1.028901157340038619e-01 1.499703184942085343e+01 1.028901157340038619e-01 4.147894861108234466e+01 -1.752619595336474961e-02 -1.752619595336476349e-02 1.410778324583998322e-01
1.006500000000000000e+03 1.046612709024191645e+03 -3.396146861435657627e+01 1.026473175500705715e+00 -3.396146861435657627e+01 1.026473175500705715e+00 4.100445757417582371e+01 -1.699596765236194018e-01 -1.699596765236193741e-01 1.361909327191568875e-01
1.042500000000000000e+03 1.084924728097143770e+03 -6.664692207238439892e+01 2.431578333244461820e-01 -6.664692207238439892e+01 2.431578333244461820e-01 3.485527149388729384e+01 -1.216846933764450384e-01 -1.216846933764449273e-01 2.866645069667529341e-02
1.078500000000000000e+03 1.181041915468188336e+03 -7.981000545551542302e+01 -2.966017476640580020e-01 -7.981000545551542302e+01 -2.966017476640580020e-01 2.556479150958632118e+01 -6.788816954700074846e-02 -6.788816954700077622e-02 1.752343510436751295e-01
1.114500000000000000e+03 1.235484768987826783e+03 -5.996239302266216953e+01 -2.209915389651699591e-01 -5.996239302266216953e+01 -2.209915389651699591e-01 1.705451649447941875e+01 -3.832673887165383153e-02 -3.832673887165383153e-02 1.486136462527068713e-01
1.150500000000000000e+03 1.228584203849297865e+03 -3.091917473861533949e+01 3.839719141103966615e-01 -3.091917473861533949e+01 3.839719141103966615e-01 1.335985182096369606e+01 -7.744579160281467312e-02 -7.744579160281467312e-02 1.025825297813033610e-01
1.186500000000000000e+03 1.130670341385754227e+03 -2.580718089402218141e+00 -3.299310571265698933e-01 -2.580718089402218141e+00 -3.299310571265698933e-01 1.595691470104983622e+01 -9.139877490106784394e-03 -9.139877490106780925e-03 1.489837926686653491e-01
1.222500000000000000e+03 9.560855677123266787e+02 6.540117624186949641e+00 -5.104152596260119745e-02 6.540117624186949641e+00 -5.104152596260119745e-02 2.141616284306059725e+01 -2.859663130801229358e-02 -2.859663130801232134e-02 1.174697105677719178e-01
1.258500000000000000e+03 8.024082179464370483e+02 -5.939172171876029083e+00 -3.853479443679399541e-01 -5.939172171876029083e+00 -3.853479443679399541e-01 2.724884242987396377e+01 -2.352897917108588699e-02 -2.352897917108588005e-02 2.122240292019991759e-01
1.294500000000000000e+03 7.440580977911337186e+02 -2.878488988450543573e+01 1.533374014528334217e-01 -2.878488988450543573e+01 1.533374014528334217e-01 3.030838554628714121e+01 1.098976801304915318e-01 1.098976801304915041e-01 1.624676870605332168e-02
1.330500000000000000e+03 7.414216973606849024e+02 -5.076654561120682985e+01 -9.713393891241312028e-02 -5.076654561120682985e+01 -9.713393891241312028e-02 2.867386036263484783e+01 1.043426329536589203e-01 1.043426329536589758e-01 5.213489014806452909e-02
1.366500000000000000e+03 7.866472165143374013e+02 -6.209616650307599173e+01 -5.732364680767704224e-02 -6.209616650307599173e+01 -5.732364680767704224e-02 2.368220451580936370e+01 -7.277131176353379693e-02 -7.277131176353376918e-02 1.001440028996740256e-01
1.402500000000000000e+03 8.184376440247544906e+02 -5.368034713804444635e+01 1.067706218904741211e-01 -5.368034713804444635e+01 1.067706218904741211e-01 1.711308253980014982e+01 -1.240542411855374838e-02 -1.240542411855374838e-02 1.790951059964292365e-04
1.438500000000000000e+03 8.045003507570203283e+02 -3.308602412930675030e+01 -2.206154793699026118e-01 -3.308602412930675030e+01 -2.206154793699026118e-01 1.243340997618113164e+01 2.232216468516688007e-02 2.232216468516687660e-02 1.496922404375202256e-02
1.474500000000000000e+03 7.662506170920382829e+02 -1.302689303613487937e+01 1.018805423103632674e-01 -1.302689303613487937e+01 1.018805423103632674e-01 1.143179671510937823e+01 -5.135099148720752293e-02 -5.135099148720751600e-02 2.390321256678790696e-01
1.510500000000000000e+03 6.597969629905398961e+02 2.930573632875971946e+00 2.878663455548816086e-01 2.930573632875971946e+00 2.878663455548816086e-01 1.369395433872350942e+01 -4.260156114054209492e-02 -4.260156114054210186e-02 2.043693581351932811e-02
1.546500000000000000e+03 5.562117819172791542e+02 5.693312144057055768e+00 4.177707690017867792e-02 5.693312144057055768e+00 4.177707690017867792e-02 1.712342159557985610e+01 -8.379317423129518938e-02 -8.379317423129514775e-02 9.943641034309062821e-02
1.582500000000000000e+03 4.646752659610488649e+02 -1.935535651982998484e+00 -3.106565793707261047e-01 -1.935535651982998484e+00 -3.106565793707261047e-01 2.010904371033481297e+01 5.867496939160986996e-02 5.867496939160988384e-02 8.659201819343687045e-02
1.618500000000000000e+03 4.116503889425651437e+02 -1.469021392332907539e+01 -1.997492779799227847e-01 -1.469021392332907539e+01 -1.997492779799227847e-01 2.071189314056807973e+01 2.153552362597464798e-02 2.153552362597464798e-02 7.384938671488766593e-02
1.654500000000000000e+03 3.988522206310316278e+02 -2.463205566300776184e+01 1.822661235961988146e-01 -2.463205566300776184e+01 1.822661235961988146e-01 1.854956666632004314e+01 9.738696885304022610e-02 9.738696885304018447e-02 1.778574799642915483e-01
1.690500000000000000e+03 3.973927348788315612e+02 -2.875315409807719647e+01 1.659412837814448483e-01 -2.875315409807719647e+01 1.659412837814448483e-01 1.460365169656033402e+01 5.189338902483012217e-02 5.189338902483013605e-02 3.997972793609706754e-02
1.726500000000000000e+03 4.097016676734654084e+02 -2.592156685492817303e+01 -8.203874962352100675e-02 -2.592156685492817303e+01 -8.203874962352100675e-02 1.081002382888719104e+01 1.483347558966276458e-01 1.483347558966275626e-01 1.039377105372918247e-01
1.762500000000000000e+03 3.971476570396014267e+02 -1.905573853181957844e+01 1.200760512082165582e-01 -1.905573853181957844e+01 1.200760512082165582e-01 8.823931566124528558e+00 7.094264781343789794e-02 7.094264781343793957e-02 1.418802327242516328e-02
1.798500000000000000e+03 3.664262304640116668e+02 -9.572460901426778079e+00 1.243418109723493370e-01 -9.572460901426778079e+00 1.243418109723493370e-01 8.079919074294213743e+00 -6.355563606741269911e-02 -6.355563606741271299e-02 2.204361894067305150e-01
1.834500000000000000e+03 3.298001143216403079e+02 -5.111994046536261216e+00 7.218747658854422766e-02 -5.111994046536261216e+00 7.218747658854422766e-02 8.981725457023978620e+00 -5.916010198208401794e-02 -5.916010198208403181e-02 -4.057088353179706675e-02
1.870500000000000000e+03 2.901378655428787283e+02 -5.811059794923877142e+00 3.225587728205778215e-02 -5.811059794923877142e+00 3.225587728205778215e-02 1.010437227552999495e+01 1.931723607957666067e-01 1.931723607957666899e-01 1.551433113574959277e-01
1.906500000000000000e+03 2.573699864736238396e+02 -9.389682946407312158e+00 -2.995473178415922200e-02 -9.389682946407312158e+00 -2.995473178415922200e-02 1.129682015393015426e+01 4.267367074268536148e-02 4.267367074268536842e-02 3.693719792966714682e-02
1.942500000000000000e+03 2.421628002004930806e+02 -1.404586858781594572e+01 2.656885287795461847e-01 -1.404586858781594572e+01 2.656885287795461847e-01 1.084495260600203359e+01 9.003336471521840301e-02 9.003336471521840301e-02 -1.513823068430890720e-02
1.978500000000000000e+03 2.454069473296730166e+02 -1.815993965595804127e+01 -1.125906917882568692e-02 -1.815993965595804127e+01 -1.125906917882568692e-02 9.779088730845460375e+00 -1.793457805167977814e-02 -1.793457805167976427e-02 5.163650349629898134e-02
2.014500000000000000e+03 2.446720411865741198e+02 -1.780066438524055883e+01 1.326090108138442969e-01 -1.780066438524055883e+01 1.326090108138442969e-01 8.195814378859139993e+00 1.050274358338597475e-01 1.050274358338597752e-01 -7.023522775932114492e-02
2.050500000000000000e+03 2.374762930118176882e+02 -1.426068760338210950e+01 2.181695095381432359e-01 -1.426068760338210950e+01 2.181695095381432359e-01 6.371018713923245258e+00 -2.281439417780566081e-02 -2.281439417780568857e-02 -7.167952744229358353e-02
2.086500000000000000e+03 2.252381722192185123e+02 -9.877380432908031693e+00 1.675733692450258328e-01 -9.877380432908031693e+00 1.675733692450258328e-01 5.137092563761785691e+00 1.530984189540969889e-02 1.530984189540969195e-02 -1.884362451442612996e-01
2.122500000000000000e+03 2.054139616320262860e+02 -5.050759883317699206e+00 -2.092955603737090831e-01 -5.050759883317699206e+00 -2.092955603737090831e-01 5.082764483320061366e+00 6.448574466245458880e-02 6.448574466245454717e-02 1.308247702288166114e-01
2.158500000000000000e+03 1.792043401087925361e+02 -2.916780899935434768e+00 -1.309263855687386457e-01 -2.916780899935434768e+00 -1.309263855687386457e-01 5.631261833123319960e+00 5.136543010308383672e-02 5.136543010308383672e-02 2.545274428078859175e-01
2.207000000000000000e+03 1.527331959743207221e+02 -4.100932919269853372e+00 2.681297416600930128e-01 -4.100932919269853372e+00 2.681297416600930128e-01 6.183547374271233465e+00 9.698192026652904807e-02 9.698192026652904807e-02 1.865176794797452076e-01
2.268000000000000000e+03 1.324187211305719245e+02 -6.833227604835939495e+00 -9.497245715282252865e-02 -6.833227604835939495e+00 -9.497245715282252865e-02 5.809702278378471085e+00 -1.362053111249492132e-01 -1.362053111249492132e-01 4.759266505395817054e-03
2.329000000000000000e+03 1.269047722058689800e+02 -8.121390077464692325e+00 -3.138920257353055576e-01 -8.121390077464692325e+00 -3.138920257353055576e-01 4.250394052414712576e+00 1.557061128718024712e-01 1.557061128718024712e-01 -2.927127188014838968e-02
2.390000000000000000e+03 1.188319171093373967e+02 -5.732569621623017753e+00 -1.208952405354750681e-01 -5.732569621623017753e+00 -1.208952405354750681e-01 3.226294192938303329e+00 2.485609940905345733e-02 2.485609940905346427e-02 -7.252833349830696552e-02
2.451000000000000000e+03 1.052930379924987108e+02 -3.524057663121061168e+00 3.644253025492663611e-02 -3.524057663121061168e+00 3.644253025492663611e-02 2.717429057905222489e+00 2.279184073112968181e-02 2.279184073112966100e-02 6.437798077997151924e-02
2.512000000000000000e+03 9.092389172216920201e+01 -3.191812920644646390e+00 2.597976467008949464e-01 -3.191812920644646390e+00 2.597976467008949464e-01 3.043318348571054877e+00 -1.408586583447372642e-01 -1.408586583447372087e-01 2.389586723410658531e-01
2.573000000000000000e+03 8.235674706730148387e+01 -3.714373968802076931e+00 2.617506083074708778e-01 -3.714373968802076931e+00 2.617506083074708778e-01 3.118476658316975403e+00 -4.199945406343504051e-03 -4.199945406343524867e-03 7.852768282301159086e-02
2.634000000000000000e+03 7.804481246831554131e+01 -4.234941011197187244e+00 -1.001765154176160882e-01 -4.234941011197187244e+00 -1.001765154176160882e-01 2.101148855014289829e+00 -6.910040119661149671e-02 -6.910040119661151059e-02 3.297273828247211658e-02
2.695000000000000000e+03 7.336423476998378135e+01 -3.257081207839472192e+00 4.889089261558273586e-02 -3.257081207839472192e+00 4.889089261558273586e-02 1.691436764989233676e+00 -5.054139057250986444e-02 -5.054139057250982281e-02 2.748553524942680681e-01
2.756000000000000000e+03 6.676761397934264153e+01 -2.133619772717030738e+00 -2.294915476061572535e-01 -2.133619772717030738e+00 -2.294915476061572535e-01 1.920214828221463499e+00 5.951922251560858024e-02 5.951922251560858718e-02 -5.258804063289193587e-02
2.817000000000000000e+03 5.799074112226097810e+01 -1.566069146179666305e+00 2.412983628460868904e-03 -1.566069146179666305e+00 2.412983628460868904e-03 1.600724306773553707e+00 -5.044611323572964490e-03 -5.044611323572964490e-03 2.532386952160978200e-01
2.878000000000000000e+03 5.238336295343905391e+01 -1.379447648076213451e+00 -2.761258937018737369e-01 -1.379447648076213451e+00 -2.761258937018737369e-01 1.152822772708762100e+00 -1.608957152890316544e-01 -1.608957152890315712e-01 -2.049818910126202376e-01
2.939000000000000000e+03 4.914500333049172554e+01 -2.058856297207338315e+00 -1.601764889735537156e-01 -2.058856297207338315e+00 -1.601764889735537156e-01 1.322223297871552239e+00 1.084571166351015192e-01 1.084571166351014637e-01 -1.243875654301301870e-01
3.000000000000000000e+03 4.660973023512092794e+01 -1.446451285048409474e+00 -3.211509071024245057e-03 -1.446451285048409474e+00 -3.211509071024245057e-03 7.209720265466820210e-01 2.089669485510469160e-01 2.089669485510468883e-01 1.842974889535181071e-01
3.061000000000000000e+03 4.310485960958908436e+01 -9.954119845593145666e-01 2.009544833190353708e-01 -9.954119845593145666e-01 2.009544833190353708e-01 5.251675218915945464e-01 -1.338311987624646593e-01 -1.338311987624646870e-01 -1.279757513961600757e-01
3.122000000000000000e+03 4.096226540751223411e+01 -1.132205330535681842e+00 -7.629406683416306567e-02 -1.132205330535681842e+00 -7.629406683416306567e-02 7.273176680099990854e-01 -2.811732260384840476e-01 -2.811732260384842141e-01 1.153427891398623173e-01
3.183000000000000000e+03 3.838892627238753619e+01 -1.023586456794406185e+00 1.521364575130670083e-01 -1.023586456794406185e+00 1.521364575130670083e-01 7.456677827105073764e-01 1.661968933716826413e-01 1.661968933716825303e-01 -1.190781367304614841e-01
3.244000000000000000e+03 3.718937799198510419e+01 -9.924117518127266724e-01 -7.894621053458324156e-02 -9.924117518127266724e-01 -7.894621053458324156e-02 3.926375952591009688e-01 1.666963062441944449e-02 1.666963062441944449e-02 -5.728062805072543784e-02
3.305000000000000000e+03 3.609975903411914544e+01 -9.841978699280822251e-01 -1.772432687560083348e-02 -9.841978699280822251e-01 -1.772432687560083348e-02 4.854602170854138699e-01 3.109541418232902865e-02 3.109541418232904253e-02 -1.125188684967400737e-01
3.366000000000000000e+03 3.508210036174929058e+01 -6.211137242859233742e-01 2.142516686987668839e-01 -6.211137242859233742e-01 2.142516686987668839e-01 3.103616148673127850e-01 2.632826774329236064e-02 2.632826774329236064e-02 -2.702099579762349268e-01
3.447000000000000000e+03 3.310806271395287581e+01 -4.710759434018043645e-01 6.687532569450310715e-02 -4.710759434018043645e-01 6.687532569450310715e-02 5.164006227839892382e-01 2.391000638033993486e-01 2.391000638033993764e-01 1.147899487941934776e-01
3.548000000000000000e+03 3.127198897530555755e+01 -6.853883680352796937e-01 7.933263262866196985e-03 -6.853883680352796937e-01 7.933263262866196985e-03 -1.548988309702892252e-01 -4.487083929394662662e-02 -4.487083929394665438e-02 -4.471558849806066965e-02
3.649000000000000000e+03 3.072636149383133386e+01 -3.042703513144966454e-01 -2.715924481971409565e-01 -3.042703513144966454e-01 -2.715924481971409565e-01 2.642087840309578217e-01 -5.927619092696322090e-02 -5.927619092696322090e-02 -5.709243192524407484e-02
3.750000000000000000e+03 3.081505668250496299e+01 -2.210484324098107578e-01 -1.821201622841750190e-01 -2.210484324098107578e-01 -1.821201622841750190e-01 3.584519329158034617e-01 -2.379857351633064555e-01 -2.379857351633065665e-01 -5.124990490343169780e-01
3.851000000000000000e+03 3.046760180912332672e+01 -1.342780496493021780e-01 -1.023206789028245356e-01 -1.342780496493021780e-01 -1.023206789028245356e-01 5.869587050773071857e-01 1.699923801492264075e-01 1.699923801492264075e-01 -1.389324497362424971e-02
3.952000000000000000e+03 3.073590872948791741e+01 -3.713068731175600545e-01 -1.333015767574226018e-01 -3.713068731175600545e-01 -1.333015767574226018e-01 -4.854832993589997502e-03 3.705532902769653192e-01 3.705532902769652637e-01 -3.757554970271991812e-01
4.053000000000000000e+03 3.059430463402344103e+01 9.724379633561618108e-02 4.239751694467684684e-02 9.724379633561618108e-02 4.239751694467684684e-02 -2.101503312368372123e-01 4.264418156292550111e-02 4.264418156292547335e-02 -1.850754542303254813e-01
4.154000000000000000e+03 3.135920777573426221e+01 -7.282693301141621167e-02 3.220487243853889514e-02 -7.282693301141621167e-02 3.220487243853889514e-02 -6.534507231461104126e-01 1.639886090085095338e-01 1.639886090085095616e-01 1.616905607928050548e-01
4.255000000000000000e+03 3.187352168179300804e+01 -1.297525557372247208e-02 1.104525953662704452e-01 -1.297525557372247208e-02 1.104525953662704452e-01 2.231153006097346125e-01 -7.351797754099989590e-02 -7.351797754099993754e-02 -9.857801215270394629e-03
4.356000000000000000e+03 3.273867744336246233e+01 6.082122722060655934e-02 1.466769155819139248e-01 6.082122722060655934e-02 1.466769155819139248e-01 -4.808723071353846433e-03 -3.882359392522917105e-03 -3.882359392522915370e-03 -2.678762892174143539e-01
4.457000000000000000e+03 3.309890853576090564e+01 -1.734754530329847833e-01 6.732853094796521776e-02 -1.734754530329847833e-01 6.732853094796521776e-02 -2.529708999755224119e-01 -3.211318620022470260e-01 -3.211318620022469705e-01 6.431054345320817711e-02
4.558000000000000000e+03 3.361079018370053717e+01 2.479276767516383762e-01 1.155606497048751735e-01 2.479276767516383762e-01 1.155606497048751735e-01 6.096058743065693175e-01 -8.098622254677165233e-02 -8.098622254677154131e-02 3.384470244985388065e-01
4.659000000000000000e+03 3.444608181211653886e+01 -2.113444179888717689e-01 1.079088890689150482e-01 -2.113444179888717689e-01 1.079088890689150482e-01 4.440494359204125163e-01 -5.992767039754351432e-02 -5.992767039754354208e-02 2.303353545883437270e-01
4.760000000000000000e+03 3.576474902104857279e+01 2.766548411507521038e-02 2.423266814989665785e-01 2.766548411507521038e-02 2.423266814989665785e-01 -4.136009889349177154e-02 -4.484658580612882472e-01 -4.484658580612881917e-01 6.618086629915729269e-01
4.861000000000000000e+03 3.672129595517508704e+01 -3.124603595842917469e-02 1.350855430520717659e-01 -3.124603595842917469e-02 1.350855430520717659e-01 1.018185885509348632e+00 -6.676963726517259889e-02 -6.676963726517254338e-02 -4.664838199552858722e-01
4.962000000000000000e+03 3.781075804758414449e+01 -1.433195876577990913e-01 8.632786211439222313e-02 -1.433195876577990913e-01 8.632786211439222313e-02 6.625135388717183493e-02 -6.668323727192948525e-01 -6.668323727192948525e-01 -7.201608990086142414e-01
5.063000000000000000e+03 3.892227536402236865e+01 4.392440048494919425e-01 9.577845763986613317e-03 4.392440048494919425e-01 9.577845763986613317e-03 3.573717533786888167e-01 -1.477505570193499151e-01 -1.477505570193499151e-01 -1.166453056292881402e-01
5.164000000000000000e+03 4.001565551477642657e+01 -2.710042282176085560e-01 -8.397592139852921855e-02 -2.710042282176085560e-01 -8.397592139852921855e-02 -7.504287893786932839e-01 4.018987046182338485e-01 4.018987046182337375e-01 3.447074722101604594e-01
5.265000000000000000e+03 4.068595806404187698e+01 -7.913966134017840215e-01 -1.468621088813880649e-01 -7.913966134017840215e-01 -1.468621088813880649e-01 1.322159645652214166e-01 7.094902565506897574e-01 7.094902565506895353e-01 -1.148411867803938113e+00
5.366000000000000000e+03 4.125221617714451838e+01 3.090004314429607990e-01 -2.296869753857522511e-01 3.090004314429607990e-01 -2.296869753857522511e-01 2.996053457892123850e-01 -1.456282252531085342e-01 -1.456282252531085897e-01 -5.269262820112504686e-01
5.467000000000000000e+03 4.351593441663891326e+01 2.829331312790359654e-01 -8.447208675269066158e-02 2.829331312790359654e-01 -8.447208675269066158e-02 5.844611109015311889e-01 -2.339299246464121920e-02 -2.339299246464121573e-02 -3.528779320361677962e-01
5.568000000000000000e+03 4.431105722224659615e+01 6.963024243685724812e-01 -1.903899799447462682e-01 6.963024243685724812e-01 -1.903899799447462682e-01 -5.624187888278101566e-01 -3.504248322207326183e-01 -3.504248322207326183e-01 -3.415333619797076281e-01
5.669000000000000000e+03 4.573185146085324959e+01 5.411190722406911124e-01 2.181693780507443226e-01 5.411190722406911124e-01 2.181693780507443226e-01 4.525188323871537910e-01 -5.580680697545105096e-01 -5.580680697545103985e-01 1.818511603272390253e+00
5.770000000000000000e+03 4.623467601719810460e+01 8.410588065573347538e-02 4.077298354556089244e-01 8.410588065573347538e-02 4.077298354556089244e-01 -3.531304613432000861e-01 -5.944113787530171944e-01 -5.944113787530171944e-01 1.207705077471635802e+00
5.871000000000000000e+03 4.815242423254996851e+01 1.855024923139772519e-01 1.900424078675395645e-01 1.855024923139772519e-01 1.900424078675395645e-01 1.077424487550556975e+00 -4.783138402638334452e-01 -4.783138402638332787e-01 -2.522028307455053575e+00
