# l Dl_TT Dl_TE Dl_TB Dl_ET Dl_BT Dl_EE Dl_EB Dl_BE Dl_BB
7.050000000000000000e+01 1.742071310158403321e+03 -1.473478248398958890e+01 -1.176750764336642163e+00 -1.473478248398958890e+01 -1.176750764336642163e+00 2.713201017269830095e-01 1.010170460488671040e-01 1.010170460488671318e-01 -1.663558197471715419e-02
1.065000000000000000e+02 3.260979022607066327e+03 -2.287644661147810510e+01 -6.397802636896814832e+00 -2.287644661147810510e+01 -6.397802636896814832e+00 8.732405919506653902e-01 4.023041367271863733e-02 4.023041367271863039e-02 4.954224884352059766e-02
1.425000000000000000e+02 4.752321119736460787e+03 -4.884635024870022590e+01 -3.075058488973273718e+00 -4.884635024870022590e+01 -3.075058488973273718e+00 1.162820520587811046e+00 1.208523127081523457e-01 1.208523127081523874e-01 -9.311748644929127364e-03
1.785000000000000000e+02 5.776424532240703229e+03 -3.717959889287070041e+01 -3.877216887742982454e+00 -3.717959889287070041e+01 -3.877216887742982454e+00 8.016640138490142009e-01 1.079217132058906681e-01 1.079217132058906542e-01 -1.782146420441747536e-01
2.145000000000000000e+02 5.914557191368332496e+03 5.415420336958836067e+00 -1.772619914151777110e+00 5.415420336958836067e+00 -1.772619914151777110e+00 7.585792002479675444e-01 1.666676849703815910e-01 1.666676849703816188e-01 1.767657363197184250e-01
2.505000000000000000e+02 5.634792046078527164e+03 6.809178967282362294e+01 -3.503810490588924687e+00 6.809178967282362294e+01 -3.503810490588924687e+00 2.559206851446734099e+00 1.472314880717205676e-02 1.472314880717209840e-02 -3.680575941209172225e-02
2.865000000000000000e+02 4.733223919416719582e+03 1.207105460719917289e+02 -2.267206929118787961e-01 1.207105460719917289e+02 -2.267206929118787961e-01 6.720126341390578517e+00 -2.374564989267283904e-02 -2.374564989267283904e-02 1.166298626463437155e-01
3.225000000000000000e+02 3.302847701967170906e+03 1.151899174088656110e+02 9.472443966987171837e-01 1.151899174088656110e+02 9.472443966987171837e-01 1.350992727720199404e+01 -5.450856057738424215e-02 -5.450856057738422134e-02 -2.053680641956297584e-02
3.585000000000000000e+02 2.441423790012361223e+03 7.577695263485487942e+01 1.162684847561434864e-01 7.577695263485487942e+01 1.162684847561434864e-01 1.892831050864752385e+01 -2.260558561945306619e-02 -2.260558561945307660e-02 -1.186218898192123450e-01
3.945000000000000000e+02 1.959227782187652792e+03 6.784825899753316847e+00 -2.129342324241454421e+00 6.784825899753316847e+00 -2.129342324241454421e+00 2.188171791311011916e+01 -2.304807575455800617e-01 -2.304807575455800062e-01 -1.254108493960655601e-01
4.305000000000000000e+02 1.767069351247538179e+03 -5.164059763033054651e+01 2.419177780199213590e+00 -5.164059763033054651e+01 2.419177780199213590e+00 1.941451078027836274e+01 -2.550175055228255938e-01 -2.550175055228255383e-01 -6.325551868014184231e-02
4.665000000000000000e+02 2.080609145828620058e+03 -7.233235584369634807e+01 1.515889794339820851e+00 -7.233235584369634807e+01 1.515889794339820851e+00 1.363991063221375022e+01 -2.907915288258337005e-01 -2.907915288258335895e-01 5.149124357628559467e-02
5.025000000000000000e+02 2.489364967878367679e+03 -5.231354852867452365e+01 2.135694887589468571e+00 -5.231354852867452365e+01 2.135694887589468571e+00 7.745975647909755679e+00 6.331527567959681357e-02 6.331527567959689684e-02 3.186601523879170617e-01
5.385000000000000000e+02 2.583719635882334842e+03 -1.275183777070412461e+01 1.918460522025666304e+00 -1.275183777070412461e+01 1.918460522025666304e+00 7.697368000730552495e+00 2.785792958986429424e-01 2.785792958986429424e-01 2.898596729148763054e-02
5.745000000000000000e+02 2.476240467131344758e+03 2.591891156921316508e+01 -2.246047944097919746e+00 2.591891156921316508e+01 -2.246047944097919746e+00 1.267473719446562086e+01 -1.597643885195947355e-01 -1.597643885195947633e-01 -4.758379134075616662e-02
6.105000000000000000e+02 2.144782213342017258e+03 2.609177583723504767e+01 -1.434434661905823472e-01 2.609177583723504767e+01 -1.434434661905823472e-01 2.258407903018735752e+01 7.325250375605572850e-02 7.325250375605574238e-02 -1.531288900386378882e-01
6.465000000000000000e+02 1.917917807116856238e+03 -1.381906251794801577e+01 -4.553230891688204718e-01 -1.381906251794801577e+01 -4.553230891688204718e-01 3.306100672556449638e+01 3.535982785764323344e-01 3.535982785764323344e-01 1.476350617635311356e-03
6.825000000000000000e+02 1.838979869443875941e+03 -6.939872650590422154e+01 -2.591328433050806623e+00 -6.939872650590422154e+01 -2.591328433050806623e+00 3.746023443929810526e+01 1.027474808128576861e-01 1.027474808128576444e-01 1.246314765016438425e-01
7.185000000000000000e+02 2.014036676349094705e+03 -1.201008146508358720e+02 -2.937633628606157732e-01 -1.201008146508358720e+02 -2.937633628606157732e-01 3.420793158743389029e+01 -6.105022113039150489e-02 -6.105022113039152570e-02 5.101760827134875775e-01
7.545000000000000000e+02 2.242551316024268090e+03 -1.282204340764042456e+02 -2.779274442784658739e+00 -1.282204340764042456e+02 -2.779274442784658739e+00 2.641828650984801996e+01 -1.017147737163648369e-01 -1.017147737163648230e-01 -9.307380282304981989e-02
7.905000000000000000e+02 2.495787771863617309e+03 -1.077251858688418622e+02 1.842357405365612433e+00 -1.077251858688418622e+02 1.842357405365612433e+00 1.801842534839157395e+01 -2.325849201862137394e-01 -2.325849201862137949e-01 -2.758795423783058642e-01
8.265000000000000000e+02 2.551834743196989166e+03 -4.258976833283734464e+01 1.328998353945451516e+00 -4.258976833283734464e+01 1.328998353945451516e+00 1.295005415589403519e+01 5.838810191961751883e-03 5.838810191961758822e-03 2.948196660332488839e-01
8.625000000000000000e+02 2.309072231618085425e+03 1.876988973489714851e+01 7.228013712779399746e-01 1.876988973489714851e+01 7.228013712779399746e-01 1.502136297694019973e+01 -2.676889586654684905e-01 -2.676889586654684905e-01 3.304867905081079749e-01
8.985000000000000000e+02 1.961559103625875423e+03 5.616783437644612320e+01 -1.399467416230234740e+00 5.616783437644612320e+01 -1.399467416230234740e+00 2.414363647115422040e+01 3.348308761716448645e-01 3.348308761716446424e-01 3.667594838596318629e-01
9.345000000000000000e+02 1.560061395902910590e+03 5.495807812147400284e+01 -2.211856307194085325e+00 5.495807812147400284e+01 -2.211856307194085325e+00 3.333706339248477235e+01 -1.280552545514386520e-01 -1.280552545514386797e-01 4.746354656426137186e-01
9.705000000000000000e+02 1.214167979134195775e+03 1.519789404377735309e+01 1.828850962490569332e+00 1.519789404377735309e+01 1.828850962490569332e+00 4.055267921497383554e+01 1.476118502164248392e-01 1.476118502164248669e-01 -4.115666516763696187e-02
1.006500000000000000e+03 1.077886984666884246e+03 -3.234374975013002995e+01 2.573543642278055987e+00 -3.234374975013002995e+01 2.573543642278055987e+00 4.208931870614381410e+01 -6.626001831383013241e-02 -6.626001831383018792e-02 -1.528833359436672645e-01
1.042500000000000000e+03 1.109033268130843680e+03 -6.894566632614947821e+01 9.863947524649971932e-01 -6.894566632614947821e+01 9.863947524649971932e-01 3.518710353239814737e+01 -2.474679497009076301e-01 -2.474679497009074358e-01 -1.098624386270760228e-01
1.078500000000000000e+03 1.220309447050681456e+03 -7.792573273232446240e+01 5.301277897484817370e-01 -7.792573273232446240e+01 5.301277897484817370e-01 2.541615946820376237e+01 5.070086723773867265e-02 5.070086723773881143e-02 1.573253914107600182e-02
1.114500000000000000e+03 1.288920999420025737e+03 -5.954494796188261319e+01 1.412780956858963322e+00 -5.954494796188261319e+01 1.412780956858963322e+00 1.662774995778073261e+01 2.087980097786852340e-01 2.087980097786851785e-01 4.245559806981634154e-01
1.150500000000000000e+03 1.262459340758407052e+03 -2.986841889482310464e+01 1.331877842490316155e+00 -2.986841889482310464e+01 1.331877842490316155e+00 1.352368808141613243e+01 -5.682487975459854512e-02 -5.682487975459854512e-02 -3.507903508043777596e-01
1.186500000000000000e+03 1.163579579928480825e+03 -3.213635182460605311e+00 -2.335221290483907308e-01 -3.213635182460605311e+00 -2.335221290483907308e-01 1.578713245958843991e+01 1.421342186637426508e-01 1.421342186637426508e-01 5.357581618456179751e-01
1.222500000000000000e+03 1.006468634035484570e+03 6.905765081283769646e+00 3.256913351133913226e-01 6.905765081283769646e+00 3.256913351133913226e-01 2.102875866127052262e+01 -6.051633147498088894e-01 -6.051633147498090004e-01 8.570621142779444313e-01
1.258500000000000000e+03 8.526197049111543720e+02 -1.843733823080639711e+00 1.393858722033358255e+00 -1.843733823080639711e+00 1.393858722033358255e+00 2.709827533323678495e+01 3.474972722131184355e-01 3.474972722131185465e-01 -1.006354292528890415e-01
1.294500000000000000e+03 7.792934883897937652e+02 -2.676408776398218592e+01 1.550906133279180921e+00 -2.676408776398218592e+01 1.550906133279180921e+00 2.999242041321453556e+01 -2.503751798360573932e-01 -2.503751798360573932e-01 1.937722581922941834e-01
1.330500000000000000e+03 7.567971966042576923e+02 -5.032251381972686488e+01 6.040890893018426855e-01 -5.032251381972686488e+01 6.040890893018426855e-01 2.931195782103214142e+01 -7.058370776304894179e-01 -7.058370776304896399e-01 1.718148530973688873e-02
1.366500000000000000e+03 8.322397787651528915e+02 -6.111808084234248639e+01 5.995346321685640634e-02 -6.111808084234248639e+01 5.995346321685640634e-02 2.322869253976256587e+01 -1.465657097365600514e-01 -1.465657097365601069e-01 -2.333059680445720152e-01
1.402500000000000000e+03 8.611537475763108205e+02 -5.104582734304163694e+01 4.587184036783811814e-01 -5.104582734304163694e+01 4.587184036783811814e-01 1.692359625949846702e+01 1.334357019239064690e-01 1.334357019239064690e-01 -4.904449857257722756e-01
1.438500000000000000e+03 8.555759234667717692e+02 -3.230261796057779833e+01 1.346326245604174465e+00 -3.230261796057779833e+01 1.346326245604174465e+00 1.289673100792884597e+01 2.918069875519906375e-01 2.918069875519908596e-01 1.545345656066584306e-01
1.474500000000000000e+03 8.149168679648148554e+02 -1.383000059286188588e+01 1.640306448344183821e+00 -1.383000059286188588e+01 1.640306448344183821e+00 1.225904357348178308e+01 5.927886784339404802e-02 5.927886784339403414e-02 3.794276364585283945e-01
1.510500000000000000e+03 7.298041563638122398e+02 3.747286587334546670e+00 -5.000602667739595386e-02 3.747286587334546670e+00 -5.000602667739595386e-02 1.359066789455046909e+01 -5.916806467673297876e-01 -5.916806467673298986e-01 2.405745243147160428e-01
1.546500000000000000e+03 6.116541636962742814e+02 6.705247302794689723e+00 -2.435592325573620598e-01 6.705247302794689723e+00 -2.435592325573620598e-01 1.684778045122631340e+01 2.968160574848194289e-02 2.968160574848191513e-02 -9.888731644873621773e-01
1.582500000000000000e+03 5.124454930157363606e+02 -3.223029031273441980e+00 8.668716080631804211e-01 -3.223029031273441980e+00 8.668716080631804211e-01 1.980265938009494775e+01 6.248292841505889011e-02 6.248292841505894563e-02 9.384158549391947712e-01
1.618500000000000000e+03 4.653329287001366197e+02 -1.451053150941915248e+01 3.327301035421906805e-01 -1.451053150941915248e+01 3.327301035421906805e-01 2.006237240238273500e+01 6.362784677193472627e-01 6.362784677193471516e-01 7.436835655502956888e-01
1.654500000000000000e+03 4.626787430519835880e+02 -2.795137785211105452e+01 2.209030110703684713e+00 -2.795137785211105452e+01 2.209030110703684713e+00 1.718963548017318033e+01 -5.006997130409946567e-02 -5.006997130409948649e-02 5.475894755998989005e-01
1.690500000000000000e+03 4.687964307002287114e+02 -2.965914423623910068e+01 9.501136966753094271e-01 -2.965914423623910068e+01 9.501136966753094271e-01 1.479014550722958532e+01 9.924410505881525735e-02 9.924410505881525735e-02 -1.677503823807322547e-01
1.726500000000000000e+03 4.770215254065925592e+02 -2.565391787310871052e+01 -7.971126123801028918e-01 -2.565391787310871052e+01 -7.971126123801028918e-01 9.543308347983213480e+00 -5.378943402710853472e-02 -5.378943402710846533e-02 3.448929025674261073e-01
1.762500000000000000e+03 4.625697251294569128e+02 -1.895456415508871828e+01 -1.290953788041444783e+00 -1.895456415508871828e+01 -1.290953788041444783e+00 7.752985405174249500e+00 2.421502242115118053e-01 2.421502242115116943e-01 -2.920627412304629411e-01
1.798500000000000000e+03 4.326140615872297417e+02 -9.653400334200213706e+00 2.546593806523226866e-01 -9.653400334200213706e+00 2.546593806523226866e-01 7.398003641301457378e+00 -3.565520108701049629e-01 -3.565520108701051294e-01 4.548298021531622659e-01
1.834500000000000000e+03 3.928722393216352202e+02 -4.330334192071386035e+00 -1.511292906076654452e+00 -4.330334192071386035e+00 -1.511292906076654452e+00 9.557641070249680126e+00 7.155718092200619163e-02 7.155718092200613611e-02 8.773744582878134635e-02
1.870500000000000000e+03 3.499830951186053767e+02 -5.256472168179925575e+00 -1.085158605115857933e+00 -5.256472168179925575e+00 -1.085158605115857933e+00 1.064510865566515108e+01 -1.121131420033823628e-01 -1.121131420033823767e-01 1.895693482348303760e-01
1.906500000000000000e+03 3.304499971509869169e+02 -8.882795787794961484e+00 -7.018567955908383560e-02 -8.882795787794961484e+00 -7.018567955908383560e-02 1.042364486040648508e+01 2.970285484463290326e-01 2.970285484463289216e-01 -8.308997393368190432e-01
1.942500000000000000e+03 3.168210089963291693e+02 -1.541142584064897036e+01 1.543470460529328681e-01 -1.541142584064897036e+01 1.543470460529328681e-01 1.150360732703469147e+01 1.605340945911030714e-01 1.605340945911032380e-01 1.923988088070985314e-02
1.978500000000000000e+03 3.165369392610901400e+02 -1.728993174802506161e+01 -6.539251438079298762e-01 -1.728993174802506161e+01 -6.539251438079298762e-01 9.047295143643829363e+00 -3.417807285766427672e-02 -3.417807285766427672e-02 -8.873515511250252841e-01
2.014500000000000000e+03 3.172543239654302170e+02 -1.693955394910805623e+01 -1.157096270630864066e-01 -1.693955394910805623e+01 -1.157096270630864066e-01 8.226033213349211337e+00 -6.155291887992030420e-01 -6.155291887992031530e-01 5.805536682932489478e-01
2.050500000000000000e+03 3.132291172358084168e+02 -1.344574112288731982e+01 -4.663410022460515725e-01 -1.344574112288731982e+01 -4.663410022460515725e-01 6.585436096178411525e+00 -3.504122671354060192e-01 -3.504122671354059637e-01 4.747916746659576748e-01
2.086500000000000000e+03 3.117183047801271982e+02 -1.134643031407930813e+01 -9.446417592024047849e-01 -1.134643031407930813e+01 -9.446417592024047849e-01 4.782279730337413604e+00 -6.246242463393105737e-01 -6.246242463393105737e-01 -1.771398388222743259e-01
2.122500000000000000e+03 2.865713052872335993e+02 -5.419216903987831735e+00 3.186461487217751021e-02 -5.419216903987831735e+00 3.186461487217751021e-02 4.581529266531151556e+00 -8.598619397011185717e-01 -8.598619397011182386e-01 -8.003068696102172419e-02
2.158500000000000000e+03 2.656300366240212725e+02 -2.511169913300016709e+00 6.815247826322520242e-01 -2.511169913300016709e+00 6.815247826322520242e-01 5.714358230586293885e+00 5.810636050659867546e-02 5.810636050659873098e-02 -5.406908617731277511e-01
2.207000000000000000e+03 2.411544188058850580e+02 -4.949018204315814629e+00 3.721444200096959420e-01 -4.949018204315814629e+00 3.721444200096959420e-01 6.161392498574195464e+00 4.360045576827745739e-01 4.360045576827745184e-01 -5.903562743184422867e-01
2.268000000000000000e+03 2.211723420652285483e+02 -5.524806055552735629e+00 -4.524509454250857932e-01 -5.524806055552735629e+00 -4.524509454250857932e-01 6.065925234382374853e+00 3.260584882649020799e-01 3.260584882649020244e-01 6.401623530601162348e-02
2.329000000000000000e+03 2.176490399372626712e+02 -9.063659341262845004e+00 2.264562222773847666e-01 -9.063659341262845004e+00 2.264562222773847666e-01 4.670110870299911454e+00 9.735375135343979358e-02 9.735375135343975195e-02 -3.032720088262897545e-02
2.390000000000000000e+03 2.136280938205289033e+02 -6.698679386999902619e+00 5.490887744672590109e-02 -6.698679386999902619e+00 5.490887744672590109e-02 2.271520479190451525e+00 -2.713466653338783008e-01 -2.713466653338781898e-01 6.509159916718414429e-01
2.451000000000000000e+03 2.047420587596972155e+02 -3.698961271885830904e+00 -9.719329407264910570e-01 -3.698961271885830904e+00 -9.719329407264910570e-01 4.012769858571925141e+00 4.126183274754006702e-01 4.126183274754006147e-01 -1.128589588178147363e+00
2.512000000000000000e+03 1.956887358509501951e+02 -2.719116927538848039e+00 9.748091255961290891e-01 -2.719116927538848039e+00 9.748091255961290891e-01 2.101118954348163204e+00 -5.318524656001668571e-01 -5.318524656001670792e-01 1.292826881958307750e-01
2.573000000000000000e+03 1.887107489704951604e+02 -4.608182081560027399e+00 -6.564569067549778092e-01 -4.608182081560027399e+00 -6.564569067549778092e-01 3.313101612995747569e+00 -5.290205719698518605e-01 -5.290205719698520825e-01 2.310265631875770276e-01
2.634000000000000000e+03 1.910246307280154383e+02 -4.172207570787012543e+00 2.255181070701976209e-01 -4.172207570787012543e+00 2.255181070701976209e-01 3.031016512087457038e+00 -5.175612579616048481e-02 -5.175612579616054032e-02 -6.566952727382008304e-01
2.695000000000000000e+03 1.846885502472765666e+02 -3.420712352339355888e+00 4.134390558634560286e-01 -3.420712352339355888e+00 4.134390558634560286e-01 1.337506945072247655e+00 -4.373394599259535775e-01 -4.373394599259537996e-01 -9.216976738743056785e-01
2.756000000000000000e+03 1.835571002435776791e+02 -2.175973861983042212e+00 6.577062948453764601e-01 -2.175973861983042212e+00 6.577062948453764601e-01 1.141479459833178112e+00 -6.478839141582639627e-01 -6.478839141582637406e-01 2.088126852914173603e-01
2.817000000000000000e+03 1.743637621790768151e+02 -1.370399457437596835e+00 3.668555596860113011e-01 -1.370399457437596835e+00 3.668555596860113011e-01 1.474370165820563239e+00 -8.961521411610817722e-02 -8.961521411610862131e-02 -6.516163264546885603e-02
2.878000000000000000e+03 1.757365663080843490e+02 -1.752415574301271262e+00 -8.730873066729154530e-01 -1.752415574301271262e+00 -8.730873066729154530e-01 8.189042866833647905e-01 1.197581168255531375e-01 1.197581168255530265e-01 -1.950670541089774557e-01
2.939000000000000000e+03 1.774595903960226337e+02 -1.447718851362834735e+00 7.545794987709375512e-01 -1.447718851362834735e+00 7.545794987709375512e-01 1.670122692803780007e+00 3.050778082060914831e-01 3.050778082060914831e-01 1.024408841975518403e+00
3.000000000000000000e+03 1.813490761992391072e+02 -1.784634535477031436e+00 5.452918087432155891e-01 -1.784634535477031436e+00 5.452918087432155891e-01 -4.332449458581731638e-02 2.406479899211480256e-01 2.406479899211479978e-01 1.030906808461746538e+00
3.061000000000000000e+03 1.794380581530045902e+02 -4.287395499210943650e-01 8.802325427500923283e-03 -4.287395499210943650e-01 8.802325427500923283e-03 2.175587448055218864e+00 7.495316828066552750e-01 7.495316828066554971e-01 3.447258130916887042e-01
3.122000000000000000e+03 1.826086290233560590e+02 -1.330014259256323772e+00 1.909781178223686204e-01 -1.330014259256323772e+00 1.909781178223686204e-01 1.027765958694424553e+00 -2.984041079442758537e-01 -2.984041079442757982e-01 -1.195546968198125948e-01
3.183000000000000000e+03 1.860179599470404526e+02 -5.306170628976474291e-01 -4.052382134608505382e-01 -5.306170628976474291e-01 -4.052382134608505382e-01 2.218530010716438738e+00 -6.094331304291745743e-01 -6.094331304291746854e-01 -5.735394590644220525e-01
3.244000000000000000e+03 1.853775244277890977e+02 -1.467431736764259309e+00 -5.021982816665462312e-01 -1.467431736764259309e+00 -5.021982816665462312e-01 1.812800928788586008e+00 -1.110078496355842548e+00 -1.110078496355842770e+00 -3.935789794509355066e-01
3.305000000000000000e+03 1.895751148922320795e+02 -6.801165863117715205e-01 7.939714372086857930e-01 -6.801165863117715205e-01 7.939714372086857930e-01 1.250285768728390146e+00 -2.601472472786942602e-01 -2.601472472786942047e-01 -7.875673163066362337e-01
3.366000000000000000e+03 1.921134142056230303e+02 -1.000146746071389314e+00 1.509812124849940207e-01 -1.000146746071389314e+00 1.509812124849940207e-01 1.344109483940100769e-01 2.183618489078295033e-01 2.183618489078294200e-01 -5.618427009845278208e-01
3.447000000000000000e+03 1.988842317855472004e+02 -8.432499007413818415e-01 5.949725991345146126e-01 -8.432499007413818415e-01 5.949725991345146126e-01 1.411846006931047226e+00 -1.446363360187608582e-01 -1.446363360187608305e-01 4.012670829448326121e-02
3.548000000000000000e+03 2.024677763576833911e+02 -1.070296090097920150e+00 -9.107366709949775707e-01 -1.070296090097920150e+00 -9.107366709949775707e-01 1.328909984849599324e+00 -3.598371355713473885e-01 -3.598371355713474440e-01 4.351585257198242185e-01
3.649000000000000000e+03 2.096018932726154276e+02 -7.079034140470684411e-02 -5.162967161543674521e-01 -7.079034140470684411e-02 -5.162967161543674521e-01 1.081335531326733379e-01 -5.042070248546963729e-01 -5.042070248546961508e-01 -1.653943163589492560e+00
3.750000000000000000e+03 2.179544942885473233e+02 1.253055697956065417e+00 -1.018928376162068217e+00 1.253055697956065417e+00 -1.018928376162068217e+00 1.059820875158182796e+00 -5.647497010876988410e-01 -5.647497010876989521e-01 1.231570669480612779e+00
3.851000000000000000e+03 2.273256087807932886e+02 7.603143385999112658e-01 1.557564147700267077e+00 7.603143385999112658e-01 1.557564147700267077e+00 1.162685702527366249e+00 -6.995687453614761742e-01 -6.995687453614759521e-01 -3.076129792518522699e-01
3.952000000000000000e+03 2.332657040742002152e+02 -5.141052853169056913e-01 -5.295264391657267256e-01 -5.141052853169056913e-01 -5.295264391657267256e-01 7.446238847840401798e-01 1.776850230231029615e-01 1.776850230231027394e-01 -9.144419846350417824e-01
4.053000000000000000e+03 2.442481685625795365e+02 -3.364845276737291613e-01 -7.823338819780811804e-01 -3.364845276737291613e-01 -7.823338819780811804e-01 1.489608053137003729e+00 2.913025100889045649e-01 2.913025100889047869e-01 5.946470571250448423e-01
4.154000000000000000e+03 2.541030007558326531e+02 7.716481275841555743e-01 -7.559251663205350802e-01 7.716481275841555743e-01 -7.559251663205350802e-01 -8.723484413851450014e-01 -6.086237492687237571e-01 -6.086237492687242012e-01 1.138420924140577606e+00
4.255000000000000000e+03 2.618291970807997586e+02 6.648138088313267913e-01 -8.185933052445820701e-01 6.648138088313267913e-01 -8.185933052445820701e-01 -9.385017057186957612e-02 -3.203133902381526399e-01 -3.203133902381525289e-01 2.517922956008626922e-01
4.356000000000000000e+03 2.693639137150476017e+02 -1.214655467683083412e+00 -1.518872052351605717e+00 -1.214655467683083412e+00 -1.518872052351605717e+00 -6.963661164765667655e-01 1.177232081960207788e-01 1.177232081960208898e-01 -5.957483749302268095e-01
4.457000000000000000e+03 2.804173267639366713e+02 -3.325568327857656437e-01 6.417157012560231744e-01 -3.325568327857656437e-01 6.417157012560231744e-01 -1.797701938227787899e+00 -1.887524604458970412e+00 -1.887524604458970412e+00 -1.152533228540781662e+00
4.558000000000000000e+03 2.911024796340604439e+02 -2.654396555088037180e-01 -2.318113792279972607e+00 -2.654396555088037180e-01 -2.318113792279972607e+00 -9.897947852102212396e-01 3.059031716633517917e-01 3.059031716633518472e-01 -4.108588050850729423e-01
4.659000000000000000e+03 2.994126271795879006e+02 1.199067447066876069e+00 -1.421284978418066336e+00 1.199067447066876069e+00 -1.421284978418066336e+00 -1.635420263558139187e+00 -1.168513694930084279e+00 -1.168513694930084057e+00 -1.599689826847958019e+00
4.760000000000000000e+03 3.123857958388171028e+02 -1.281974243727303397e+00 -9.063751901438411585e-01 -1.281974243727303397e+00 -9.063751901438411585e-01 6.512981519291376475e-01 1.058824397833408426e+00 1.058824397833408426e+00 6.691401295795808002e-01
4.861000000000000000e+03 3.224580817857356010e+02 -1.442647880720491771e-01 8.514321254119918692e-01 -1.442647880720491771e-01 8.514321254119918692e-01 -5.056282974756720616e-02 9.554699248494538111e-01 9.554699248494533670e-01 2.062973345521952773e+00
4.962000000000000000e+03 3.314546734379281929e+02 -2.698070959114773792e+00 -2.321092827222379085e-01 -2.698070959114773792e+00 -2.321092827222379085e-01 -5.344874086916171496e-01 -5.602636887163165991e-01 -5.602636887163164880e-01 3.000124579894874355e+00
5.063000000000000000e+03 3.437550456153690561e+02 -3.350589996566978868e-01 8.318666113582052768e-01 -3.350589996566978868e-01 8.318666113582052768e-01 -1.220493600896877862e+00 -3.045659937223276215e-01 -3.045659937223275104e-01 -1.925581243493573069e+00
5.164000000000000000e+03 3.561357872757264431e+02 8.161244351232326277e-01 3.819023216273640386e-01 8.161244351232326277e-01 3.819023216273640386e-01 1.863269532676181228e+00 2.778562905424815987e+00 2.778562905424815987e+00 1.557466916000863844e+00
5.265000000000000000e+03 3.664511668096282619e+02 1.336810024722107304e+00 8.815415209585397704e-04 1.336810024722107304e+00 8.815415209585397704e-04 1.602877234179173882e-01 8.382652638219612040e-02 8.382652638219556529e-02 -2.226371894357720427e-01
5.366000000000000000e+03 3.768326599006932724e+02 1.641077316550169973e+00 -1.082215381742751781e+00 1.641077316550169973e+00 -1.082215381742751781e+00 3.253305931990980948e+00 -2.579296055195938187e-01 -2.579296055195939297e-01 4.931374027517408942e-01
5.467000000000000000e+03 3.866180062910606239e+02 1.676486802356452310e+00 -1.427369840170066295e+00 1.676486802356452310e+00 -1.427369840170066295e+00 -2.553662882227932140e+00 2.047660057595686034e+00 2.047660057595686034e+00 7.253653583075894140e-01
5.568000000000000000e+03 4.008376823817047807e+02 1.144917475982388355e+00 -7.067009669176842479e-01 1.144917475982388355e+00 -7.067009669176842479e-01 5.744741884642461383e-01 2.183551508340441316e+00 2.183551508340441316e+00 -1.916916306018882077e+00
5.669000000000000000e+03 4.113024268260946883e+02 1.465962026981189270e+00 1.928847720874083294e+00 1.465962026981189270e+00 1.928847720874083294e+00 1.101437200375106062e+00 2.657154531400558461e+00 2.657154531400559350e+00 1.995876026489377675e-01
5.770000000000000000e+03 4.235822928836865913e+02 4.556376893089787439e-01 1.670869543658878076e+00 4.556376893089787439e-01 1.670869543658878076e+00 2.854679612743331596e-01 1.321711346579553359e+00 1.321711346579554691e+00 -1.750902256886757380e+00
5.871000000000000000e+03 4.423297971941586297e+02 2.177185771240611523e+00 -3.908495235033100923e-01 2.177185771240611523e+00 -3.908495235033100923e-01 4.994509907449731223e+00 5.247732654717658374e-01 5.247732654717653933e-01 -1.926541042370364609e+00
