# l Dl_TT Dl_TE Dl_TB Dl_ET Dl_BT Dl_EE Dl_EB Dl_BE Dl_BB
7.050000000000000000e+01 2.041699549556977900e+03 -5.700564147892359657e+00 1.128857688252264513e+00 -5.486957044734557698e+00 2.411052137510441007e+00 3.871491381065641502e-01 -2.229159508574185891e-02 -1.003040341159949778e-02 1.138869646906459296e-02
1.065000000000000000e+02 2.769732717064393910e+03 -3.200395236468988003e+01 -1.809127514787119084e+00 -2.918180735204793308e+01 2.100258882528662219e-01 9.211494161162021577e-01 -2.129871265735075632e-03 2.291004491221236561e-02 -6.306931547664892598e-03
1.425000000000000000e+02 4.205676711221495680e+03 -4.265952088109209228e+01 -1.804409598721721908e+00 -4.869090451198067626e+01 2.830934774638406148e-01 1.105404431181592262e+00 3.391166910626632752e-02 5.515118479538819868e-02 1.804731792341955285e-02
1.785000000000000000e+02 5.362527527140502571e+03 -3.483225625173504625e+01 3.173578686434722407e+00 -3.662614216744286466e+01 -1.827667059693609541e+00 8.191396331691209731e-01 -9.255683010006378331e-02 3.043232833946268867e-02 -1.060737393393709760e-02
2.145000000000000000e+02 5.315180330194176349e+03 3.006041352315373949e+00 1.990694081786983372e+00 5.244227433301999142e+00 -7.378751682882699336e-01 7.708737558317262373e-01 3.688318594620871443e-02 3.807754549663033838e-02 2.232043963963250069e-02
2.505000000000000000e+02 5.444575590244083287e+03 6.563428895237149163e+01 -4.269884340840396142e+00 6.356234093387459438e+01 -1.529792917393090201e+00 2.515610315663300955e+00 1.507806728614199607e-02 -7.098519097445300796e-02 -1.884913107466352003e-02
2.865000000000000000e+02 4.498363479660460143e+03 1.059370855455037770e+02 -4.551600692878303156e-01 1.062952791118705278e+02 -2.090158988540536722e+00 6.743384038057032903e+00 3.669219639966544988e-02 -5.682656155429779976e-02 4.099016622126180898e-03
3.225000000000000000e+02 3.460836530707207658e+03 1.201764512058906718e+02 7.128384460759744634e-01 1.221970754860280408e+02 -3.452258168479780398e-01 1.352538239257334851e+01 -4.366892016620750605e-02 3.299934486141464784e-02 1.554851805745626273e-02
3.585000000000000000e+02 2.306804838217408360e+03 7.452518346349663148e+01 -1.455665956294024177e+00 7.621432417831326234e+01 -1.185180341488312861e+00 1.858976533081486338e+01 -9.101321836372219809e-02 -3.102894301163707999e-02 1.643379066137574673e-01
3.945000000000000000e+02 1.789887032793648359e+03 7.758415589140601476e+00 -3.413608118241891476e-01 9.755381766544237720e+00 1.248120625491809577e+00 2.124339458073239228e+01 -3.504405121440049009e-02 -6.519925764098669085e-03 2.007758750114348872e-02
4.305000000000000000e+02 1.786931106240460849e+03 -4.762195998102984618e+01 1.453135813692377543e+00 -4.769296013742724938e+01 8.571538616075666805e-01 1.891128911566942250e+01 -5.817802043746264640e-02 6.334185130814419529e-02 3.895846113548075140e-02
4.665000000000000000e+02 2.106091415141565903e+03 -7.197943390024093446e+01 3.928574871434411531e-01 -7.229860512544188111e+01 -8.746259399129624468e-01 1.333191929749701821e+01 -4.325140726425336091e-02 4.831123998960734633e-02 4.926660146047093930e-02
5.025000000000000000e+02 2.516478622879012619e+03 -5.380808458955907270e+01 1.018502533467107174e-01 -5.482413853952878924e+01 6.058266741279377809e-03 7.958299926696117410e+00 2.944634383266296271e-02 2.696214902323185517e-02 6.536300892791642447e-02
5.385000000000000000e+02 2.622069064822922883e+03 -1.452765798894996507e+01 8.325034625207426986e-01 -1.357042715114880238e+01 1.255168088219907219e+00 7.419183391264863481e+00 1.914019177996480192e-02 3.093900330448486752e-02 1.175846271683112232e-01
5.745000000000000000e+02 2.423964360136477808e+03 2.361614491864333232e+01 -7.416909838309058145e-01 2.178573176238857201e+01 -7.199938262410455758e-01 1.262702462161898609e+01 2.386277152732310669e-01 -1.102738756133228755e-02 3.094409133197049966e-03
6.105000000000000000e+02 2.119634289916864873e+03 2.160185553023622873e+01 -9.590008612568328150e-01 2.307449694150630037e+01 -6.300977426956325678e-01 2.264247061757657065e+01 -2.707127337336274198e-01 -7.101931166712695254e-02 -5.114830189179632794e-03
6.465000000000000000e+02 1.854424357507217337e+03 -1.168154764219378805e+01 4.754617738344822930e-01 -1.228656675813112642e+01 -4.265497649264343161e-01 3.227073973227621195e+01 -1.106704440840371173e-03 -2.570015655322804848e-02 1.303723053904485008e-01
6.825000000000000000e+02 1.845819822960899728e+03 -6.971360816939673555e+01 1.399236797577166902e+00 -7.143385701367598983e+01 1.639691253490037859e+00 3.730698603000428193e+01 -5.785787313191932679e-02 3.950842076859091556e-02 -1.268450376867868296e-02
7.185000000000000000e+02 1.987436797671995464e+03 -1.198356530889724070e+02 4.667125053325080763e-01 -1.197814570171132402e+02 4.533280918833708095e-01 3.577821568111072281e+01 9.107901410078997340e-02 -9.550683166653808898e-02 1.002178107129527845e-01
7.545000000000000000e+02 2.264897594637229759e+03 -1.293668247264682805e+02 1.031691730864198187e+00 -1.310557022763197210e+02 9.138912032541579578e-03 2.667949956562881653e+01 1.289244892111212348e-01 -1.283304502311184980e-01 1.107143197525903011e-01
7.905000000000000000e+02 2.516150662085165550e+03 -1.054935148408393957e+02 -1.125921609350176711e+00 -1.034074747501278324e+02 -1.010735940117856169e-01 1.766353835958707563e+01 -6.155226145190230425e-02 -1.655985939165279669e-02 8.886931461612780636e-02
8.265000000000000000e+02 2.527082515760233491e+03 -4.278658532701399508e+01 1.267744539478399268e+00 -4.378538015671022521e+01 2.533697832271384898e-01 1.291506985536712016e+01 2.030529380476127355e-02 -5.206891358098169470e-02 1.339579844731975111e-01
8.625000000000000000e+02 2.327573690249245374e+03 2.236635960239039278e+01 -2.020249738677107221e+00 1.701720159622465189e+01 1.195675123260197203e+00 1.495390404467349832e+01 -6.133479818093387145e-03 1.295756569378822554e-01 1.303586815744260663e-01
8.985000000000000000e+02 1.941737259849807515e+03 5.335733983541960868e+01 -9.668307087649640197e-01 5.358295711084014101e+01 -3.802888596791732523e-01 2.360026867134101280e+01 -8.911728390522564991e-02 6.704260806248632520e-02 7.046847972930735116e-02
9.345000000000000000e+02 1.522427636339471064e+03 5.121622934919401615e+01 8.170236006631748094e-01 4.771869333079351350e+01 3.119161203238524638e-01 3.394790415395949879e+01 5.370670856783114899e-02 -1.138816493019463860e-01 1.140045397297843599e-01
9.705000000000000000e+02 1.203125603109740496e+03 1.552286152529187646e+01 3.397024299003238434e-01 1.636092195725325382e+01 -2.445434794273342316e-01 4.145005991267092327e+01 3.507878819832579431e-01 -1.762107268378311220e-01 1.408926658891591077e-01
1.006500000000000000e+03 1.067819935822744355e+03 -3.259340021941493148e+01 7.051315435994270908e-02 -3.318349102185109700e+01 6.020447319160934230e-01 4.097576145343417409e+01 -2.558328094396329633e-02 3.367371260356023799e-02 1.314914962943931342e-01
1.042500000000000000e+03 1.071205918710303422e+03 -6.711527572474356873e+01 -4.629108110620522298e-01 -6.553824711495018107e+01 -9.311999402515052093e-01 3.513504790784561038e+01 1.914814946408959218e-01 3.691107755733682300e-02 9.348491745487327864e-02
1.078500000000000000e+03 1.161282055081747785e+03 -7.919898468465370911e+01 -1.004126730150515012e+00 -7.693004056436812732e+01 -2.631946322305839248e-01 2.542828202344948352e+01 3.429387517071016966e-01 1.320295406045425002e-01 1.539429864791391767e-01
1.114500000000000000e+03 1.255390816772810922e+03 -5.943284238817977894e+01 -7.268385581074944257e-01 -6.091246731146459581e+01 -2.725271802049635261e-01 1.675833141605792420e+01 1.676265880410741649e-01 2.430793024691648568e-02 1.107690004152190461e-01
1.150500000000000000e+03 1.228795875579112817e+03 -2.878198653230404602e+01 1.108645416889134871e+00 -3.026066875039121129e+01 1.430682936491523005e-01 1.333855409211732734e+01 1.188900880652922626e-01 2.050179432614948616e-02 9.269564950376807388e-02
1.186500000000000000e+03 1.125957678333659715e+03 -3.341757272465135209e+00 6.661146961578504611e-01 -3.773654585858540855e+00 -3.021334962922605505e-01 1.561875483773406259e+01 -3.121983560326080931e-01 -3.390411050160205275e-02 -1.056672190472753015e-02
1.222500000000000000e+03 9.565330601821252685e+02 7.081157285992631500e+00 2.306797265858986812e+00 4.182900896441245742e+00 -5.592124644963688551e-01 2.148434886598037608e+01 3.285179827423437837e-01 -5.523154394814411283e-02 7.262283803607293142e-02
1.258500000000000000e+03 8.316001502397025433e+02 -4.926050957975627753e+00 1.405239789186718102e+00 -3.826837902091392518e+00 -7.414891421747606959e-01 2.767108536722690104e+01 1.987619935418571682e-01 2.866521165178188835e-02 1.647345420699591889e-01
1.294500000000000000e+03 7.458311394100226153e+02 -2.821888897628043580e+01 2.911068268221035926e-01 -2.862543838392995355e+01 3.607370383880305620e-01 3.048335302342565711e+01 3.495904762413956091e-01 -1.627054542374176127e-02 1.613130053517573270e-01
1.330500000000000000e+03 7.396288888982177241e+02 -4.992124105037670745e+01 -8.405789150975372381e-01 -4.960390886548634626e+01 4.569832336753781865e-01 2.875492712260999895e+01 1.541032749261098123e-02 1.122145476368434647e-01 -1.029867916942464462e-01
1.366500000000000000e+03 7.815631755787327393e+02 -5.881641147046696005e+01 -1.859416162909705683e+00 -6.086549950730775294e+01 7.783515047712878943e-01 2.314929970109226787e+01 -4.552486938414323364e-03 4.151862337259278057e-02 1.881824544158386958e-01
1.402500000000000000e+03 8.221754568089804707e+02 -5.325678459326433511e+01 9.748633677472681169e-01 -5.336448437166839653e+01 8.472416766567208990e-02 1.711032011042041745e+01 4.677546796345602442e-02 -2.255538679277141467e-01 9.352767807063197547e-02
1.438500000000000000e+03 8.286949685017596039e+02 -3.545569590532119264e+01 -3.592983068207761255e-01 -3.391377305907516870e+01 1.420812819851616227e-01 1.256727418545340136e+01 -1.633053371430696621e-01 9.923356660287857567e-02 8.007780750300194650e-02
1.474500000000000000e+03 7.701973216467055181e+02 -1.267922227803436996e+01 -2.745862045485785163e-01 -1.381399061740280132e+01 3.497370704262919849e-02 1.139177361252502152e+01 4.514047109163200622e-01 -1.739343832560522607e-01 1.955293458605100176e-01
1.510500000000000000e+03 6.739514936853354357e+02 1.327142385505073463e+00 -6.542284938648916803e-01 2.997958847050193221e+00 1.078649577350914157e-01 1.376836012675493670e+01 3.876927558708523347e-02 -8.579471080062267552e-02 5.839517374843609943e-02
1.546500000000000000e+03 5.726625950613301939e+02 5.955956119037201901e+00 2.536976077729654389e+00 6.088458845960131427e+00 5.665915918778809957e-01 1.728428518616882670e+01 -4.454116720089034559e-03 -9.385579924197280655e-02 -1.747611964960102959e-01
1.582500000000000000e+03 4.722938633862431743e+02 -1.210357826820354532e+00 4.283532529238516240e-01 -1.554594279903624088e+00 1.139143544341622460e+00 1.985365840959375561e+01 -4.146441539130610865e-01 -1.266908532052705705e-01 1.848818925551804215e-01
1.618500000000000000e+03 4.200925332179721750e+02 -1.254709000003285269e+01 -3.387168894051215684e-01 -1.303199245594745115e+01 -1.682099957239557853e-03 2.055479616591522074e+01 4.339553173271309960e-02 1.875114663395764381e-01 1.777263079938232182e-01
1.654500000000000000e+03 4.061861486689183494e+02 -2.638620538218518163e+01 -1.904618544191441498e-01 -2.642122871798744654e+01 4.607978190839118748e-01 1.849808547169743633e+01 -1.465389282539220628e-01 -1.443649485541846078e-01 -1.671908945296372850e-01
1.690500000000000000e+03 3.991547569478823334e+02 -2.898029184334480135e+01 -1.740186089981780260e+00 -2.742961976429116078e+01 -2.939478569820966891e-01 1.480136894035710782e+01 -3.315514108491791623e-01 9.075024031845610462e-03 3.328511506640251527e-01
1.726500000000000000e+03 4.179073750373474923e+02 -2.664289686918886702e+01 1.367447613381496119e+00 -2.718797521873367629e+01 -1.099586051940601578e-01 1.103520975849191466e+01 -2.728765345269578146e-01 -1.001318262204868997e-01 4.018881607777906040e-01
1.762500000000000000e+03 4.103671092532070475e+02 -1.854410464563873973e+01 -9.913110917881620132e-01 -1.939653209730144567e+01 1.419234312264278930e-01 8.642921961864047375e+00 -3.499660720226936417e-01 5.622462308659281760e-02 2.380246324534381896e-01
1.798500000000000000e+03 3.815878624732143862e+02 -1.089109863788325328e+01 -4.887039483220343428e-01 -9.512713767699384704e+00 -4.594252116380154183e-01 8.052430088203804459e+00 3.222137843059085238e-01 3.264319131014734726e-02 2.460146283870389555e-02
1.834500000000000000e+03 3.422291504285312840e+02 -4.555119882657816532e+00 7.242967538616630341e-01 -5.970549549754144536e+00 -2.146315344173604228e-02 9.030660662412266504e+00 3.471525426229389588e-02 -3.407917400800838242e-02 1.321825506193806121e-01
1.870500000000000000e+03 3.015457887569489230e+02 -6.290732173873914590e+00 -6.095681451230765546e-01 -5.970268057559684927e+00 4.726023731946892847e-01 1.001893583243206542e+01 -6.785742099034861030e-02 -5.600234787268797143e-02 2.021338544041159924e-01
1.906500000000000000e+03 2.712270078943829503e+02 -9.467119312221058181e+00 -4.391467212933657938e-01 -9.207008488310847838e+00 4.926841509664984242e-01 1.113539918207432677e+01 -6.043005366748505774e-02 -7.545899471988228024e-02 5.855618116859818978e-02
1.942500000000000000e+03 2.580229411989904520e+02 -1.537107605098054108e+01 4.402013766897044933e-01 -1.369991979991783637e+01 4.155063601182683031e-01 1.120771932632788648e+01 -5.549547081152412797e-01 6.823012658439220335e-02 1.699459063924470270e-01
1.978500000000000000e+03 2.509404420875393669e+02 -1.712300724123340601e+01 1.026937578751070390e+00 -1.787550053814477735e+01 1.846400430300103590e-01 9.709335348662584408e+00 -1.226675800563909180e-01 -1.112029710645731084e-01 -8.389199032496630348e-02
2.014500000000000000e+03 2.521908108117958136e+02 -1.737683926498432996e+01 -3.783083513641968820e-01 -1.653378556116359732e+01 -6.554560457733511480e-01 7.816843264318617202e+00 -1.538360840260664109e-01 7.282577261260633761e-02 1.423437335013006955e-01
2.050500000000000000e+03 2.502069034627705264e+02 -1.497120670226053107e+01 -1.065984801429477935e+00 -1.451509103938956358e+01 -3.866736792173158799e-01 6.008215094517251664e+00 2.507678536207553766e-01 1.636723172207987520e-01 3.586869833135540586e-02
2.086500000000000000e+03 2.395215647721966548e+02 -1.072399503082567662e+01 -6.055385188732371748e-01 -8.593055879317500256e+00 -5.912773663945737335e-01 5.023541369090862574e+00 3.474864912091646385e-03 -1.585828280952353286e-02 -8.025987853449073617e-03
2.122500000000000000e+03 2.173225386725253543e+02 -5.995700159840936294e+00 -1.383744907594944840e-01 -5.627441522579760047e+00 5.740517270042346798e-01 5.026623947906557532e+00 -2.083696275603653669e-01 3.834668238955781794e-01 6.503353434514616005e-01
2.158500000000000000e+03 1.943632152422354125e+02 -3.056635419582369728e+00 3.413268501765631679e-02 -3.398061935301550651e+00 -3.356625989656850662e-01 5.606385764528332594e+00 4.782934081512893454e-02 2.262507684909917660e-01 1.025818441115386448e-01
2.207000000000000000e+03 1.662975023092290030e+02 -4.343160174618407865e+00 2.027371884545906000e-01 -3.507800601053831624e+00 4.610016076407896235e-01 5.776953318790539527e+00 -2.015122943930446053e-02 -7.455817181111457081e-02 -1.421665858791693604e-01
2.268000000000000000e+03 1.490586603375301706e+02 -6.669267271506058137e+00 3.339463636852036954e-01 -7.099654432591885111e+00 -3.285646902798043389e-01 5.892759186113354808e+00 -2.433089248709292135e-02 -1.160580733286741550e-01 1.544497724983504017e-01
2.329000000000000000e+03 1.414633738440506079e+02 -7.813246384848985926e+00 1.105277547086846446e-01 -7.845600689563708485e+00 1.953113887058848530e-01 4.125165362049740381e+00 6.919399078258499369e-02 2.253537739526416117e-01 7.673828161044332630e-02
2.390000000000000000e+03 1.344279253709475483e+02 -6.093253110388916483e+00 4.060540496581574454e-02 -5.485113085516504228e+00 1.785856062772452901e-01 2.915988273998957769e+00 -1.892140083987033650e-01 -3.237325007527566134e-01 -2.634429673758569290e-01
2.451000000000000000e+03 1.211853791367870485e+02 -3.328204356623396087e+00 -2.805260517869516412e-02 -3.385416218143425304e+00 1.205514916205226994e-01 2.194285832791450286e+00 1.813084607022549810e-01 -1.759066630802413878e-01 -1.316469847627620982e-01
2.512000000000000000e+03 1.083623343869126643e+02 -1.952751234815760739e+00 -1.657675820602905747e-01 -3.835648982380059913e+00 -1.011218250981480438e-01 2.600642348921455849e+00 7.826565092742035490e-02 2.276064213254321844e-01 -1.537899506376169331e-02
2.573000000000000000e+03 1.001012614190251497e+02 -3.900982188156139063e+00 1.174036338197516210e-01 -3.886564183286163487e+00 6.062421709836629535e-02 2.748087808635473639e+00 1.371678439377832792e-01 2.738372919211645162e-01 8.363049111563269911e-02
2.634000000000000000e+03 9.581891387660679982e+01 -5.194278297081195817e+00 -7.794387178051040421e-02 -4.232024576666370663e+00 5.427147550116192543e-01 2.280699773711344580e+00 -5.241837208758197697e-01 -8.078730928958859081e-02 -1.827693214473935512e-01
2.695000000000000000e+03 9.220743224509848801e+01 -3.306569203011287428e+00 -3.515995176209537609e-01 -3.441229114893541663e+00 5.225925962393307422e-02 2.235387809088188682e+00 -1.404137468299433700e-01 2.544927341217615435e-01 -1.242108219681788139e-01
2.756000000000000000e+03 8.582958588299165115e+01 -1.758407695499642820e+00 2.536558964627411705e-01 -2.163360749403393068e+00 -1.059757342028379429e-01 1.043187052036305573e+00 -1.237366204286098753e-01 3.278023891738299778e-01 2.149731193133415652e-01
2.817000000000000000e+03 7.819499984504680867e+01 -1.749297641977481499e+00 -6.104765185165806490e-02 -1.153953450269638470e+00 -4.593796564427284068e-02 1.510771285823025334e+00 5.743338306809461224e-01 -3.748810688995219548e-02 -2.614500555450328112e-01
2.878000000000000000e+03 7.273055984415805142e+01 -1.028176384141242794e+00 -9.927332893295123806e-02 -1.386471846412186792e+00 4.890770879703312812e-01 2.109369265476544797e+00 -4.495601037371499964e-01 -1.579340653849417575e-02 -1.142066347592028408e-01
2.939000000000000000e+03 7.200131525366450091e+01 -1.725241163221340468e+00 -7.459068340215131432e-01 -1.532774804484022813e+00 -1.678750857142180530e-01 1.340445311566266895e+00 5.779786777493689520e-02 -1.672696257164601463e-01 1.743051841209135588e-01
3.000000000000000000e+03 7.009260841566057820e+01 -1.393565022199230397e+00 -1.862138693632070519e-01 -1.275982110782728496e+00 -1.917747170894645858e-02 1.306403818808639983e+00 -1.542488105353252981e-01 -4.173100322867724365e-01 -4.012428105818072188e-01
3.061000000000000000e+03 6.716914155615513948e+01 -1.628148590172676435e+00 -3.532287741261943559e-01 -1.080874860199288801e+00 -2.433070926461903261e-01 7.800623804493052038e-01 2.132300780855285738e-01 1.080054076237196709e-01 -1.689428671691267925e-01
3.122000000000000000e+03 6.513637892601940393e+01 -7.654659015696269053e-01 -2.040485184656068429e-01 -1.294251306785123345e+00 3.629968687071462585e-01 7.100448763876441305e-01 2.599611617391736074e-01 1.039887620942352986e-01 -9.900882761188062320e-02
3.183000000000000000e+03 6.417790190576306486e+01 -3.578909344932003078e-01 1.267500573066391023e-01 -1.247727792372939959e+00 -3.519906564630598256e-02 2.441673858882629777e-01 1.518172094414133866e-01 -3.297018805659020502e-01 4.298992411052454665e-02
3.244000000000000000e+03 6.234694552603397710e+01 -6.390513419660224237e-01 -4.633356397638346280e-01 -1.343743612382105601e+00 -8.258188896710975113e-01 9.473359235413674195e-01 -3.780029421020623670e-01 -2.349205993767784495e-01 1.601150910430680641e-01
3.305000000000000000e+03 6.333654286166409975e+01 -1.409768511102051036e+00 -1.246001274132836623e-02 -2.081156980777234544e-01 4.599365398286885953e-01 1.891806405904505883e-02 -7.310610676308280098e-01 1.074468127106643495e-01 -6.784187406121038322e-01
3.366000000000000000e+03 6.266320606430915774e+01 -1.154268977248155137e+00 -2.267444634137591453e-02 -5.658599591181003863e-01 4.289838391862478839e-01 -1.003558527754963570e-02 4.522327825771979004e-01 1.461333941855929297e-01 -7.859888577151429023e-02
3.447000000000000000e+03 6.247331197937445779e+01 -5.036722633717376496e-01 2.196835917834528973e-02 -3.444617600059998175e-01 -7.123383551417340753e-02 1.401749549788990357e-01 2.117234161402163639e-01 -1.876102847025956644e-01 -1.526848053215204559e-01
3.548000000000000000e+03 6.252145672203954518e+01 -7.904759312244507008e-01 3.607959555799417628e-01 -2.371382949797634088e-01 7.415204442152799613e-01 8.180930842568374939e-02 2.777168961404121172e-01 -6.436631596230324437e-01 -6.159013906410331085e-01
3.649000000000000000e+03 6.333860898558920383e+01 -9.088127236846124113e-01 7.285080888113903974e-02 1.881096256447612192e-01 2.275107682115978802e-02 1.983341568823014378e-01 3.977772758468033354e-01 1.085227589852467700e-01 2.670329689879429869e-01
3.750000000000000000e+03 6.456391798134268356e+01 2.207555239929517299e-01 7.342276305537427661e-02 -2.111294714697991293e-01 -1.634812232081682692e-01 5.857026260722503208e-01 -2.089553445210622362e-01 -5.326853094075657824e-02 3.488158860942836004e-01
3.851000000000000000e+03 6.630926902171196957e+01 -8.480040178407494134e-02 -3.084462059555826974e-01 -4.674372650289230768e-01 -4.420382514205479230e-01 2.352088894511047412e-01 2.564531904334361179e-01 -5.250748013656402202e-01 3.566993488726106221e-01
3.952000000000000000e+03 6.744196350503945325e+01 -1.003273675040966761e+00 5.176385905239639929e-01 -1.644488090860559693e-01 1.885726595321648436e-01 -6.634118801879218541e-02 -4.516719334907285527e-02 1.517630062914387401e-01 7.923735014833704904e-02
4.053000000000000000e+03 6.930559971315486223e+01 -3.841329164556152032e-01 -6.482388429243435279e-01 3.071449011190505174e-01 1.287987138031880807e-01 4.255799081599492273e-01 1.945986771916446978e-01 6.000186687698028098e-02 1.290745773716431288e-01
4.154000000000000000e+03 7.124527518348369881e+01 -1.988142183401122032e-01 -6.907553545075073576e-02 -4.674173571656689563e-01 6.236564814744429697e-01 7.894466448975658024e-02 -1.498509018461651188e-01 1.533057242310975621e-02 -4.454766996552730340e-01
4.255000000000000000e+03 7.369780151017693015e+01 -8.319669398786419534e-02 8.314180847377125594e-02 -1.461440466825827400e-01 -4.483984983276606551e-02 1.192150294980124647e-01 7.521147841689488356e-01 6.858373049875852168e-01 2.291915219335153853e-01
4.356000000000000000e+03 7.671577676339441609e+01 3.765496982794038633e-02 -9.661131430359684025e-01 -8.346881751979465802e-01 3.925692880940000462e-01 -7.680857316175211391e-01 1.159422340797230389e-01 -1.530859438753501833e-01 -3.688174822221528260e-01
4.457000000000000000e+03 7.847988694719205682e+01 -4.408434981812707210e-01 -8.237414599756381905e-03 2.250450941787538461e-01 -8.817904806375908011e-01 8.018561811371620329e-02 -4.745540307938379554e-01 2.900524016895177914e-01 -4.582736114383326176e-01
4.558000000000000000e+03 8.124131175285819495e+01 2.295943456935889138e-01 4.526718404262118911e-01 5.259785557139966539e-01 2.739353605088223342e-01 4.453328905852068087e-01 5.474735406049282549e-01 3.787451645691968793e-01 3.440820276151345114e-01
4.659000000000000000e+03 8.369822743845884361e+01 3.293994669430176658e-02 -5.499320128987850165e-02 2.828427072914988516e-01 -4.828439270640886294e-01 8.576936015570019167e-02 -2.296781812814429058e-01 -2.671238133380313684e-01 -7.128700701366217363e-01
4.760000000000000000e+03 8.661792759473672731e+01 2.388767154798052683e-01 -3.680929060114183082e-01 -5.178069090199710622e-01 8.085931583650312060e-01 1.677778233074150194e+00 2.706291737444369364e-02 7.035130533300215649e-02 1.381788380660506355e-02
4.861000000000000000e+03 8.931707404175278953e+01 -5.057518838133717026e-02 1.725045661573661737e-01 7.734213264225421602e-02 3.515737546604483788e-01 4.952481274012503487e-01 -1.401612771105022470e-01 -2.702667570661304586e-01 -4.849924886137050445e-02
4.962000000000000000e+03 9.186009904184035690e+01 8.235842327752471159e-02 -3.403591803147860695e-01 8.504197152249433067e-01 -1.197642482662272245e-01 3.659775462063332707e-01 9.421875366001736252e-01 4.274194269738526009e-01 -2.221191416385109307e-01
5.063000000000000000e+03 9.584389978703521251e+01 -1.399218928591850486e-01 -6.899710760045502100e-01 4.654861559117559056e-01 9.811967061364344767e-02 -8.061721091432578756e-01 -2.443376939630116373e-01 1.237816151520057417e+00 3.670936919039436974e-01
5.164000000000000000e+03 9.875943633697669100e+01 -4.338048968127575233e-01 4.755393729301684580e-01 4.519171549771307528e-01 -3.365970182007416156e-02 -1.054500922442692668e+00 -6.051731452920560139e-01 4.977076860378363277e-01 -1.434629987997027900e+00
5.265000000000000000e+03 1.006520610562130003e+02 -7.728459294579286265e-01 -1.067946405076531796e-01 5.959213768600274408e-01 -1.067908481279239430e-01 -1.234722376710483793e+00 -4.309865059949090083e-01 -7.872415802967730469e-02 6.032741492696178653e-01
5.366000000000000000e+03 1.045472117670466048e+02 -3.768893679402611774e-01 6.077549710800195237e-01 3.794149176675032376e-01 5.930517998246509492e-01 -1.005110369410919802e+00 -8.511279142653624952e-01 -1.741648649105075330e-01 -4.748793152264004780e-01
5.467000000000000000e+03 1.086992855697426990e+02 1.054692344229208656e+00 -4.000278747475142227e-01 -7.160516948342496857e-01 -1.023287799388882924e+00 -1.060293531332647587e+00 5.930257145098034588e-01 2.781544746795786560e-01 1.082996757789605802e+00
5.568000000000000000e+03 1.128798976199823016e+02 7.505552636687485846e-01 -3.336621624258440111e-02 4.938226642181302584e-01 6.071557277888443016e-01 1.608140964769092240e-01 3.342304542832414960e-01 -4.106925287715601502e-01 1.324265474056534497e+00
5.669000000000000000e+03 1.159450058659156184e+02 9.518310296944351157e-01 -1.120473052774728417e+00 9.390583344893002060e-01 -8.223340776509603378e-01 -9.031684033030067393e-01 2.292085911703997336e+00 2.480903209715299429e+00 -7.672193778243446838e-01
5.770000000000000000e+03 1.204057419733516667e+02 1.560390383847118090e-01 -3.064748352086267280e-01 3.533467183326115535e-01 -4.825840883700726613e-01 -2.837823948020116172e-01 -2.258836929457829434e+00 -5.351393479009249887e-01 -6.653902531032357404e-01
5.871000000000000000e+03 1.245653447583949571e+02 2.941926557571655776e-01 -6.600117670570269102e-01 -8.745099179899380459e-01 -4.617675876767364240e-01 1.427547584429067484e+00 7.242463755392940516e-01 1.431282774082746512e+00 6.479314924819569166e-01
