# l Dl_TT Dl_TE Dl_TB Dl_ET Dl_BT Dl_EE Dl_EB Dl_BE Dl_BB
7.050000000000000000e+01 1.812291593839600864e+03 -4.628169650228186605e+00 1.959763030410835549e+00 1.507646964579012483e-01 -3.919841485740326537e+00 3.572591404778090451e-01 -3.157860897729394822e-02 2.313707580359389282e-02 -1.842492588737803735e-02
1.065000000000000000e+02 2.729162267477698151e+03 -2.143485370153332426e+01 1.481634648226687334e+00 -2.681432161843343209e+01 -3.024120298468409018e+00 7.424735729959672792e-01 1.704820982522202606e-03 1.655582223470537101e-02 -3.610288009341147686e-02
1.425000000000000000e+02 4.172731497763019433e+03 -4.931147679072407186e+01 -7.690545074197180364e-02 -5.028088687145560698e+01 1.023076296412042119e+00 1.117315307408424552e+00 -2.584176812878253432e-02 4.252817466567164473e-02 2.278739319970411736e-02
1.785000000000000000e+02 5.399030789212356467e+03 -3.570966129163937808e+01 -9.787165940561621813e-01 -3.911009816973006537e+01 -7.704561472313709025e-01 8.115498967327685609e-01 3.828419220144105989e-02 -7.003072106152802637e-03 3.213668849680224177e-02
2.145000000000000000e+02 5.703308398427752763e+03 2.445669117140341964e+00 8.852087380514750414e-01 6.827059832762358837e+00 -6.143351342963296324e-02 7.365704736395550789e-01 -2.639363768528010801e-03 -2.462561482665142493e-03 3.322428377318319137e-02
2.505000000000000000e+02 5.510034483675375668e+03 6.002690797658841859e+01 4.522936155835770577e-01 6.386061724513314886e+01 -1.171227279770500340e-01 2.348113135980622879e+00 8.050527822278425935e-03 2.383495930801989710e-02 3.361825580187363660e-02
2.865000000000000000e+02 4.517375142913655509e+03 1.093613490266226052e+02 2.580661632592801347e+00 1.133878965875708218e+02 -7.842477829586873561e-01 7.017992911681409041e+00 1.503004707776732507e-02 1.617240388528526016e-02 4.833786546369402137e-02
3.225000000000000000e+02 3.334488585208654513e+03 1.137297251122383415e+02 6.290392950698587837e-01 1.123839777421724762e+02 -4.813958325937650606e-02 1.286242218599247167e+01 7.315934645824438698e-02 -8.462176987041450382e-02 3.652311644043498839e-02
3.585000000000000000e+02 2.324737041020081961e+03 7.565476700697911383e+01 -4.515472838310985448e-01 7.940052270695795755e+01 3.608088572320530263e-01 1.917059711962270541e+01 6.552645305429329048e-02 -1.575287048206560486e-02 2.337239581465780369e-02
3.945000000000000000e+02 1.803605549913727828e+03 1.556580381250312151e+01 -1.019339279806398935e+00 1.390790685567325013e+01 2.379299634468370062e-01 2.130199522060732420e+01 -3.893650792500366609e-02 -3.324962990109526367e-03 3.373913405121832521e-02
4.305000000000000000e+02 1.767154202933429588e+03 -4.632867500034426200e+01 -1.277782704405172387e+00 -4.686210326799604076e+01 2.586110328263128699e-01 1.881327526216188772e+01 1.920975019376609250e-01 3.837035278973054131e-02 5.042582304336822030e-02
4.665000000000000000e+02 2.122672869519039523e+03 -7.338582117349984912e+01 -1.295107330798069389e+00 -7.331191396691738760e+01 2.701540572546071162e-02 1.328859543982951585e+01 3.505610588564107843e-02 -2.648582142696305833e-02 4.574993898863437269e-02
5.025000000000000000e+02 2.450679197033744913e+03 -5.769220980887116923e+01 1.471511229937028098e+00 -5.828622654246258605e+01 -2.246450771306816585e-01 8.261572723613619829e+00 -3.100952435487557002e-02 2.964001210188266927e-02 1.404549997351843549e-01
5.385000000000000000e+02 2.616468170490366902e+03 -1.412490344799108044e+01 -4.947235713605069307e-02 -1.380513576395183506e+01 3.751046084152072635e-01 7.359915818019628908e+00 5.679853501269816612e-02 7.789102370322119329e-02 7.356907525258354896e-02
5.745000000000000000e+02 2.428349337075810581e+03 2.140787357864375551e+01 1.202622971458647161e+00 1.713333931459622761e+01 -6.867390850199864838e-01 1.284124860479905195e+01 8.440159995013990502e-02 9.094287888878321846e-02 1.007975614609891990e-01
6.105000000000000000e+02 2.110742948344282013e+03 2.684666377849058705e+01 -1.940123753848316257e-01 2.653533372414046454e+01 -4.500303376309139902e-01 2.301280307540670833e+01 8.871009731446016788e-02 -4.573958517962162240e-02 8.957072128886353624e-02
6.465000000000000000e+02 1.877532819954110209e+03 -9.165353879989712738e+00 -8.485083401552458993e-01 -9.159897759823016017e+00 -5.602730465028684659e-01 3.284801765924176209e+01 8.714901010234755996e-02 7.116234446526548130e-02 1.089786163388676565e-01
6.825000000000000000e+02 1.803437993450083468e+03 -6.600479255990875060e+01 1.793729773804188188e+00 -6.740040216700155895e+01 -1.525760273379438869e+00 3.721420881629528310e+01 6.929950263483253270e-03 -1.002484800693446976e-01 1.563039550915338582e-01
7.185000000000000000e+02 1.953160726566950643e+03 -1.140077180515965551e+02 -1.129677070607636002e+00 -1.158144506407592758e+02 1.105272032543660465e+00 3.500286622966864769e+01 1.020257382796833090e-01 1.272758295701625214e-02 1.242044652585246878e-01
7.545000000000000000e+02 2.261829758365975522e+03 -1.351497829199802823e+02 -1.116461119774032396e+00 -1.345416804246215179e+02 9.273378582665117720e-02 2.649910190477717009e+01 3.097206535288830609e-01 3.979710837984885841e-02 1.403883797554605350e-01
7.905000000000000000e+02 2.505782318818147360e+03 -1.024101560310898122e+02 6.089203734882507879e-01 -1.046457608327646511e+02 1.437708871064221405e+00 1.796963950637371710e+01 -2.144933274742414353e-01 -1.789938604910703834e-01 4.112120200356957078e-02
8.265000000000000000e+02 2.474387647268888941e+03 -4.230334847117042330e+01 -3.592982967520741422e-01 -4.333765990387796307e+01 1.035789511561409498e-01 1.269959780050990261e+01 3.451294427273068899e-02 -1.901889833810223307e-02 1.072090277605991654e-01
8.625000000000000000e+02 2.330702381823843552e+03 2.173841529586219679e+01 -1.015728646986367778e+00 1.879378261929753435e+01 3.927586977527840473e-01 1.520103707997517262e+01 -1.539830338877234417e-01 1.631697150307684363e-02 7.515803656879145589e-02
8.985000000000000000e+02 1.907117181222087311e+03 5.191464384928461584e+01 2.663914981966084561e-01 5.204292427560861256e+01 -3.904039700200613305e-01 2.343114994712591681e+01 -7.772256531490888409e-02 -1.355727276219723665e-01 9.023558611294474341e-02
9.345000000000000000e+02 1.499832846051552906e+03 5.093871046967919369e+01 6.312080454669597440e-01 5.183000515646904205e+01 4.804639393780415491e-01 3.375175074961009614e+01 -2.611883053578492042e-01 9.697991343021847288e-02 1.399268636246889519e-01
9.705000000000000000e+02 1.180982011780537277e+03 1.753043023483868268e+01 6.676801731985752830e-02 1.524679806236593116e+01 6.390958970736624334e-01 4.168394114542481077e+01 9.955347494709009676e-03 -7.932508673105274910e-02 1.831184033215876861e-01
1.006500000000000000e+03 1.060300574437553223e+03 -3.189548277248667318e+01 -9.288530469721546501e-01 -3.066479911629378918e+01 -1.374158018220439925e-01 4.122209192086450713e+01 -1.924663085325090117e-01 1.196125871973263699e-03 3.630975668598655781e-02
1.042500000000000000e+03 1.084475590099361398e+03 -6.587826064464931619e+01 -6.570679787572695219e-01 -6.879406265199159520e+01 -5.250967179466109469e-01 3.490432919405654388e+01 1.863145152848319219e-01 1.623038946462141974e-01 1.647238042688615178e-01
1.078500000000000000e+03 1.182510417677274745e+03 -7.741270239761608707e+01 5.002405549663830886e-01 -7.838760369320419841e+01 3.672935568900385084e-01 2.482523009798862290e+01 7.505543271508664793e-02 6.608557792383851215e-02 1.214766782297560244e-01
1.114500000000000000e+03 1.246166552381771908e+03 -6.027124779195118975e+01 6.064024180048231960e-01 -6.023053447037826658e+01 6.719417708369892495e-01 1.704944373056626361e+01 -1.716663006673889089e-02 -1.140135437694880655e-01 2.025539707293987912e-01
1.150500000000000000e+03 1.204511537449051957e+03 -3.049826540480879800e+01 1.546107557548351830e-01 -2.935698033493633119e+01 4.262288769833835755e-02 1.349504354781142723e+01 1.810794625834621918e-01 -3.885294891809328716e-02 1.400225973625047748e-01
1.186500000000000000e+03 1.109946984422665537e+03 -2.344768463347247867e+00 2.585884988893902392e+00 -3.043889123162069499e+00 -1.975951782787759292e-01 1.548148482645497381e+01 2.566408182777531466e-01 8.544514275402675940e-02 5.188853662581097842e-02
1.222500000000000000e+03 9.588555528621934627e+02 4.686301645377913161e+00 -3.629637594670629408e-01 4.927897763202212289e+00 -9.488834932945389156e-03 2.162399535912702575e+01 1.177904374412680477e-01 -1.405953491903009500e-01 1.394766151798918496e-01
1.258500000000000000e+03 8.129667339496763816e+02 -6.085910601605178272e+00 3.680427426393130252e-01 -4.208229281112411790e+00 -6.723876636068317758e-01 2.745492989472221623e+01 -9.831647944318150367e-03 -1.661251966547661052e-01 1.245481344473524654e-01
1.294500000000000000e+03 7.457956309441905205e+02 -2.940251446438092486e+01 1.686638646476163350e+00 -2.784222939192742174e+01 7.809741707453454751e-01 3.087884088830184837e+01 1.647585402598367443e-01 7.964144091095699818e-02 4.397815818375658270e-02
1.330500000000000000e+03 7.273958874553302394e+02 -5.054954212284670234e+01 9.320926103239457472e-02 -4.896382243272857693e+01 3.040086798421133274e-01 2.868415695331707482e+01 2.434022857963152181e-02 -7.835780630683501780e-02 5.168418756837268868e-02
1.366500000000000000e+03 7.703087065090894612e+02 -6.014530632711649361e+01 -3.878608440435479254e-01 -6.046946602746058375e+01 -2.387926490737797280e-01 2.335316720534246571e+01 1.099139873499992287e-01 1.207454711152399635e-02 1.520615994666885962e-01
1.402500000000000000e+03 8.172573264678471787e+02 -5.322160113024752803e+01 -4.663471152783592033e-01 -5.390192409344383861e+01 5.202287301371801009e-02 1.678364969371537541e+01 6.415378238982603898e-02 1.398680939770007292e-01 -8.818777591189648490e-02
1.438500000000000000e+03 8.104045262800682394e+02 -3.558368057532798900e+01 1.378089456318906114e+00 -3.615098165415214737e+01 2.951005561605611893e-01 1.271677799474367276e+01 1.247889117567779066e-01 2.272512647716106171e-01 1.096137879832345674e-01
1.474500000000000000e+03 7.604410781504027455e+02 -1.220943768354771208e+01 1.307379598491013484e+00 -1.146924517678676381e+01 -3.155365704810231264e-03 1.134473463002819571e+01 1.921920300108435065e-01 1.748140978777766585e-01 3.183651462505254770e-01
1.510500000000000000e+03 6.611167886018266699e+02 3.684317415902523152e+00 4.653568262222536056e-01 3.675947523295899799e+00 5.092877703593179373e-02 1.377230528530149911e+01 -5.595396617273462603e-02 4.078658128397748273e-02 3.204906761827233663e-02
1.546500000000000000e+03 5.532914448360609185e+02 4.789937552116199981e+00 -4.205633843477990519e-02 5.263851037737786953e+00 -6.418409793702601895e-01 1.706714932961361342e+01 -9.617545427418440485e-02 9.945291888887215770e-02 -1.924746078331919519e-02
1.582500000000000000e+03 4.645590411038901948e+02 -7.156891860168832498e-01 -2.203100311793557697e-01 -9.985209392127215589e-01 -2.084213434490748695e-01 2.004402744441861017e+01 -2.174301755443769912e-01 -6.354136297110998810e-02 2.121209142694531757e-01
1.618500000000000000e+03 4.076766563405506076e+02 -1.361061816305676686e+01 -3.931789412632382547e-02 -1.404365765914660180e+01 -1.081965881806271762e-01 2.056413766894872452e+01 2.165379248319751482e-02 -4.752771037844691349e-02 -7.875024969980472245e-02
1.654500000000000000e+03 3.910365765565317133e+02 -2.511257248090046446e+01 -2.379745325498596742e-01 -2.441861408628210484e+01 4.165018599174148961e-01 1.849594535040026955e+01 1.373586395447932637e-03 -7.103065226487893791e-02 -1.495796565555723157e-01
1.690500000000000000e+03 3.971047010319948640e+02 -3.027039117476544305e+01 5.347008617657892371e-01 -2.982523305789904811e+01 -4.726792124947574308e-02 1.488077888112435510e+01 -4.890804299982014214e-02 -5.843810587221887065e-03 2.628063500882912851e-01
1.726500000000000000e+03 4.048316284313452798e+02 -2.585411259082275137e+01 -1.381463795831799013e+00 -2.672076400947500474e+01 -1.200055535947603391e-01 1.095988805238221175e+01 3.382888225765790513e-01 3.153782668969953157e-02 1.038941172172592499e-02
1.762500000000000000e+03 4.015740925560860433e+02 -1.932282563005576037e+01 1.516052870478885151e+00 -1.915803802886478735e+01 -2.563909067674905451e-01 8.534841086789022313e+00 -2.289752206502883025e-01 1.340464259331775321e-01 1.698619983502062669e-01
1.798500000000000000e+03 3.658585605305972877e+02 -9.930461437222358967e+00 4.759061477027335951e-01 -9.465782795287683626e+00 -1.092023422387076170e+00 7.732223406690613920e+00 -3.034481109539536314e-01 -8.279788365741516665e-02 1.578615023276686846e-01
1.834500000000000000e+03 3.272295623483813642e+02 -4.891688251957436506e+00 -1.618864067180821320e-01 -5.717991702837592172e+00 3.725195477575283798e-01 8.482967306303159205e+00 2.686379097964074480e-01 -3.990192247231097999e-01 1.346582345641203771e-01
1.870500000000000000e+03 2.873266855172652186e+02 -5.607254035986454888e+00 2.282111471106630929e-01 -5.594294030330248191e+00 4.358830381382065855e-02 9.959345260681990553e+00 1.442350833284971046e-01 -1.582543647599320980e-01 8.223838044151146609e-02
1.906500000000000000e+03 2.568992351443589541e+02 -1.005813821288523791e+01 -1.938798146188922822e-01 -9.215518506411985555e+00 -1.329650470659854977e-01 1.106053263484431781e+01 4.862812547964774634e-02 -2.573752829366774408e-01 -6.110895464330262650e-02
1.942500000000000000e+03 2.446327636319376779e+02 -1.438712853174937401e+01 -4.868477753055573398e-01 -1.495489501903247032e+01 -2.572863839196209979e-02 1.091661482045135578e+01 3.112958176807162358e-01 1.192816135310475617e-01 -5.413240188541095649e-02
1.978500000000000000e+03 2.429024918209289012e+02 -1.713938436125393139e+01 -8.323582670055889032e-01 -1.844398727149754791e+01 -4.194095244847569903e-01 9.461650767415623164e+00 -1.634907460308820115e-01 -1.761240315020739522e-01 3.437386268725309280e-01
2.014500000000000000e+03 2.374634461645032388e+02 -1.713817816696695218e+01 -3.329854595166870102e-01 -1.689895915394334125e+01 6.478996357863676669e-01 8.162746155604507337e+00 4.004955964388597911e-01 -1.729187327884862402e-01 -2.049895141549184507e-01
2.050500000000000000e+03 2.394069162445330221e+02 -1.362205400693090951e+01 -1.559022412059702933e+00 -1.452081797332159496e+01 -1.534256438600511141e-01 6.195715268625648697e+00 2.461945901432501527e-01 4.390239991191876023e-01 5.205888809095597647e-02
2.086500000000000000e+03 2.244646121565679948e+02 -9.843474004379419995e+00 7.002196848725152911e-01 -9.712350285022925078e+00 -3.452079345518048736e-01 5.121108047924658457e+00 -1.505027085735690107e-01 3.005392763472733986e-01 1.401146043512367378e-01
2.122500000000000000e+03 2.020213954222372763e+02 -6.151965997491104510e+00 -2.318114186530906284e-02 -5.741617195955006636e+00 2.901754050852455302e-01 5.249880018745925803e+00 -2.794312451001423891e-02 -1.607793905380608401e-02 -3.729802016711716295e-01
2.158500000000000000e+03 1.784824655872247092e+02 -2.683379646788305095e+00 -6.770036135183971071e-01 -2.865984418303685111e+00 -3.554237546939651438e-01 5.341872947577991582e+00 4.123036250086422050e-01 -1.551073660476526284e-01 -8.467972248696117865e-02
2.207000000000000000e+03 1.518246316598592784e+02 -3.457507196536035998e+00 6.098593379119494617e-01 -3.442467832817613260e+00 4.358795419469629895e-01 5.988153503245365883e+00 -1.852828388320734709e-01 6.285798824994914824e-02 2.195468758545125465e-01
2.268000000000000000e+03 1.304171627139603515e+02 -6.922963545337990965e+00 -4.449163552301138025e-01 -6.830110829966406172e+00 4.025630860920943743e-02 5.478858719655455900e+00 -5.669538155701011467e-02 1.937634527553302732e-01 8.801007785773963532e-02
2.329000000000000000e+03 1.248938888859698153e+02 -7.922297054041627540e+00 -1.129399591448856377e-01 -7.910955723658624095e+00 7.667060355332240285e-01 4.804922924673126872e+00 -8.050503681324691629e-02 -2.501433977260668629e-01 2.936397180922173389e-01
2.390000000000000000e+03 1.189734376194985970e+02 -5.839089380722132461e+00 1.335827702980179610e-01 -5.836987100757580649e+00 2.359458273636975967e-01 3.389882606782707697e+00 -1.944508367557803985e-02 1.780063801478277974e-02 -4.219321812444561115e-02
2.451000000000000000e+03 1.044624943778831891e+02 -2.916451438745246705e+00 -5.568977304888360624e-01 -3.314904287476858169e+00 4.548663748052917954e-01 3.030785646812618417e+00 3.465671403882674140e-01 -1.230675797090205331e-01 2.195091261466554089e-01
2.512000000000000000e+03 9.075226575521426753e+01 -2.853311689227842507e+00 -1.476592511376184080e-01 -3.237942484497380313e+00 -4.834853542282022132e-02 2.914705182306608133e+00 -1.415808900174939100e-01 -7.161277912403227197e-02 5.989126678807409343e-01
2.573000000000000000e+03 8.148855936658816290e+01 -3.651198665362301199e+00 -2.102513198977460085e-01 -4.073773342054949786e+00 3.179683106910347057e-01 2.603787149918309396e+00 -1.301403790834120278e-01 1.737408659998278815e-01 -6.883300694548417920e-02
2.634000000000000000e+03 7.742066496399066011e+01 -3.999272454090976758e+00 -3.992570554858078102e-01 -4.369072722743511328e+00 8.263094049561239829e-02 2.392661688118729479e+00 2.812855448663070801e-01 -2.393443468034398003e-02 3.537920718291829303e-01
2.695000000000000000e+03 7.319318408518687136e+01 -3.413214136920313280e+00 -6.826135339645995614e-01 -3.326339515325862806e+00 5.243985427853412734e-02 1.905760212217831651e+00 -4.682235566982251296e-02 1.041688472851591829e-01 2.657592004285740384e-01
2.756000000000000000e+03 6.502786802605356797e+01 -1.802023029774416862e+00 3.031757964915260395e-01 -2.393980059123832937e+00 -1.771069940997230807e-01 1.481998107176263790e+00 1.007774944949762636e-01 1.748737858225834219e-01 3.882831442078438777e-01
2.817000000000000000e+03 5.767554546409374439e+01 -1.345564906256188520e+00 6.696017843899497723e-01 -1.115016418889196892e+00 9.158345850075533257e-02 1.299950596468609110e+00 8.775355395255202140e-04 -2.294408831621131684e-01 1.034112585948001872e-01
2.878000000000000000e+03 5.222231704404181585e+01 -1.662787389935930893e+00 3.349221156172885183e-01 -1.013339431418290415e+00 1.651866062148854564e-02 1.276510781307637732e+00 2.995406433135542335e-01 -1.416890987652043021e-01 -1.177714057904597073e-01
2.939000000000000000e+03 4.917572472713192155e+01 -2.011129725966304349e+00 -4.742100109940700636e-01 -1.801974948816475353e+00 -4.965344869259980670e-02 1.167399314928280862e+00 -4.671497283698854419e-01 6.031986793563937077e-01 -1.567911567071537948e-01
3.000000000000000000e+03 4.661355108232295663e+01 -1.317606367247794008e+00 -9.442694113052364779e-02 -2.060086005635994866e+00 -4.065914605789703318e-01 1.296221975624448852e+00 6.296184859943682044e-04 3.248837491183320658e-01 -8.476757221141890952e-03
3.061000000000000000e+03 4.353142564754099197e+01 -1.402938172046568788e+00 1.156181437723196315e-01 -1.429905500429898169e+00 5.507745721109813530e-01 9.635349015043739307e-01 5.260858070081109172e-02 -3.342002509776545449e-01 1.435669011807820528e-01
3.122000000000000000e+03 4.153876510699542735e+01 -7.694414550235092465e-01 4.662292327692052485e-02 -7.807933801183275513e-01 -3.500849540260174697e-01 6.688315541814802145e-01 -3.983387693084757819e-01 -3.745282277866378573e-01 9.659776315350965259e-02
3.183000000000000000e+03 3.931521037271860308e+01 -9.157876142017977728e-01 -1.274860484160264262e-01 -7.848870197731846465e-01 -2.608835086806111231e-03 1.013276960955785011e+00 6.261854648309003180e-01 -6.511240888302590735e-01 1.289773595855799038e-01
3.244000000000000000e+03 3.681679875145252367e+01 -8.288195188758089582e-01 1.408919142744052486e-02 -4.718927297352309980e-01 9.048183015677663255e-02 5.365815502478324950e-01 5.532672739415350760e-02 -1.541363772835861456e-01 -1.121159625123840375e-01
3.305000000000000000e+03 3.623597217505011514e+01 -1.016877742326868894e+00 -6.041704913146036526e-01 -1.061192184345500333e+00 -3.757101725123633829e-01 6.929371309723042494e-01 8.441887283004709253e-02 -3.766860883812216398e-01 1.198485025659488945e-02
3.366000000000000000e+03 3.612288087368551004e+01 -4.944044228967854893e-01 -5.848867372363302231e-01 -5.738525263879727945e-01 -1.743231121081337265e-01 -4.049485897853262184e-01 -2.264249493007545744e-01 1.848480140050994813e-01 -2.891574053565402203e-01
3.447000000000000000e+03 3.416872321273734769e+01 -3.612627746641319249e-01 -2.455816076785635182e-01 -5.536987496560006328e-01 -1.074560931119525886e-01 4.739645898651727585e-01 1.633604355129288366e-01 2.860093425709194781e-01 -4.999404142099796999e-01
3.548000000000000000e+03 3.331837265482078436e+01 -7.961652051115470918e-01 5.732452788460398740e-02 -1.695614413691720612e-01 -8.048935539954858720e-02 4.925336014478582936e-01 -1.593247550001636315e-01 -4.661755130380952350e-01 -8.031000131286003541e-02
3.649000000000000000e+03 3.291620971855604694e+01 -3.886106159158081441e-01 -3.163986232260196929e-01 -3.556344023664977927e-01 3.236201384537681358e-01 4.045084710689802465e-01 2.767387989940176540e-01 -1.253928802780678586e-01 -5.816396488474971926e-01
3.750000000000000000e+03 3.251851600603207260e+01 -8.622292756549189141e-01 -4.304921798262091315e-01 4.553730268308348039e-02 -3.247304363389138526e-01 -3.634337113616499526e-02 -3.121845130636797805e-01 3.058468542106315691e-01 -5.449986078093614905e-01
3.851000000000000000e+03 3.315966138135125618e+01 6.111825838495910101e-01 5.081935688033188958e-01 3.534358926265950274e-01 -4.516494406568593023e-01 -1.351657529323946616e-01 1.479684570101301722e-01 7.937065055718603435e-02 -5.034472696255942736e-02
3.952000000000000000e+03 3.243420340098914778e+01 -6.547708125131337376e-01 1.643382554658672223e-01 -1.709088578162478167e-01 6.796602661289993241e-01 3.234030912744962905e-01 -9.830244873066160127e-02 3.094058880710066073e-01 1.542276047993152432e-01
4.053000000000000000e+03 3.288846007495244095e+01 -2.949290152199207649e-01 -2.067359759678943365e-01 -2.627961172561840142e-01 -2.629401705799128686e-01 1.232865231646909782e-01 -4.995010830969441318e-01 4.382680009039462421e-01 9.065042533254097368e-02
4.154000000000000000e+03 3.464728814798908729e+01 2.601061507918834836e-01 -1.292966241730007515e-01 -2.764139946499720724e-01 3.281141749621600545e-01 6.323037886518633188e-01 7.648846354896788879e-01 -1.708269623346141963e-01 -4.588131561966659611e-01
4.255000000000000000e+03 3.525040479529458537e+01 -3.370442503530449163e-01 5.619358306923973867e-01 -8.788659020379085973e-01 6.917882008641449421e-01 5.393030433762422415e-01 1.754082547456005670e-01 5.067380640744705289e-01 -1.207787097627805561e+00
4.356000000000000000e+03 3.636988621483912709e+01 -2.793656963316426545e-01 -2.563604747620866764e-01 -1.625550742307227126e-01 -5.444410917364461699e-01 1.330927782805394921e+00 -1.111826288309613942e+00 5.249718246609953454e-01 -3.437328531083215788e-01
4.457000000000000000e+03 3.810417680824194520e+01 1.313418315897129651e-01 2.177674329362003780e-01 -1.216178826570929183e-01 -2.615168654437243778e-01 -3.733895179499495121e-01 -7.441270015837414542e-01 -9.778606580737764231e-02 -7.205796833522827294e-01
4.558000000000000000e+03 3.842217809957625718e+01 5.472564070690070226e-01 -2.938600558249021555e-01 -8.475368310531887772e-01 7.922586964598778980e-01 -1.022357771202949683e+00 9.088104587993650618e-01 2.174947715027625295e-02 -2.813695994838475989e-01
4.659000000000000000e+03 4.034745321509804938e+01 -2.599997479436300107e-02 1.543590383966036983e-02 1.025088375806844754e+00 -1.439751024572376581e-01 7.509483387385080810e-01 9.984755743360176905e-02 1.015765320902015656e+00 -2.726366817748518967e-01
4.760000000000000000e+03 4.172396673855651983e+01 -8.651034594237935194e-01 5.722340490667646717e-01 -6.422289036959868413e-01 -6.183169261631146219e-01 6.349175379991794932e-01 -5.711691980887545483e-01 5.064490510020151770e-02 7.466286132055650615e-01
4.861000000000000000e+03 4.306567544398671998e+01 -8.127928960329420249e-01 -6.457783002341537237e-01 3.887866660868531943e-01 -2.319606800720994677e+00 1.274772560239969266e-01 -6.308228959706977390e-01 -2.006607755379021529e-01 1.787197150506543708e-01
4.962000000000000000e+03 4.362908084307647982e+01 -4.607257969242534168e-02 -7.629673871311730693e-01 -4.601033071662917751e-01 -1.814886211381422143e+00 -7.009107225604868097e-01 -6.661232736276319066e-01 -1.798909111744766420e-01 4.812130473792909369e-01
5.063000000000000000e+03 4.488890182689409158e+01 -4.294365691183762435e-01 1.155765297068491293e+00 -1.475831462131879546e+00 9.598258978542670850e-01 3.917854637262704887e-02 -5.942488274675332693e-01 1.210381611320364037e+00 -2.854844154144627333e-01
5.164000000000000000e+03 4.654054068663580779e+01 -1.070289172421089452e-01 -1.046202715003624828e+00 6.410352702913866274e-01 -4.806827010106173859e-02 5.804018717956150875e-01 -1.550881134047546128e+00 9.655320770975639455e-01 1.887669190218088655e+00
5.265000000000000000e+03 4.870491403095113725e+01 1.379115183541562484e+00 1.564440990712891999e+00 -3.503126533515510399e-02 5.143935901491629714e-01 8.067106215700304839e-01 1.206480435705491239e+00 -9.197313254136625371e-01 -1.086034006766223858e-01
5.366000000000000000e+03 4.889770942124900444e+01 6.506870720994342161e-01 -2.347138212515571087e+00 -1.241063612147140782e+00 1.855904166153956814e+00 3.558635213593950852e-01 9.901416715283978265e-01 3.828624133606364222e-01 -1.564677279387818309e+00
5.467000000000000000e+03 5.079524667881690192e+01 4.233391965683164226e-01 4.013459987339417223e-01 1.819018289358277807e+00 -6.701485814989931455e-01 2.419012869664676213e+00 8.001555200422030278e-01 -2.722568878778303114e-01 -6.258887166845622518e-01
5.568000000000000000e+03 5.196662023996228186e+01 6.153757027174502348e-01 -1.500617422840686555e-01 -1.655338825627369559e+00 -1.476406983993499011e+00 -9.213787577114707084e-02 -2.908344380263636619e-01 2.304754466587798367e-01 -1.345556072417333215e+00
5.669000000000000000e+03 5.471238749911038468e+01 1.018748008333841160e+00 3.969190670642513297e+00 -1.133715854734421158e-02 -1.493591047351173984e+00 -2.002297176961916225e+00 1.014551234135603330e+00 6.867932654149438987e-01 1.355697584950665835e+00
5.770000000000000000e+03 5.692050099052132595e+01 6.600742404668966667e-01 -1.203886325964911075e+00 2.129928792826296213e+00 -3.904907787806267905e+00 9.381182082460913785e-01 -3.875210918868510657e+00 3.324521907706921020e+00 8.495141373053471945e-01
5.871000000000000000e+03 5.902406718940306263e+01 -1.200751937884377618e+00 -2.108749309759347490e+00 5.994053898426972005e-01 -5.543297602065417884e-01 1.737019126486859744e+00 2.018617519595841792e+00 -2.885523081745395846e-01 -7.291856118273373211e-01
