# l Dl_TT Dl_TE Dl_TB Dl_ET Dl_BT Dl_EE Dl_EB Dl_BE Dl_BB
7.050000000000000000e+01 1.555310207876887489e+03 -5.250462467390856425e+00 4.651728010161358284e+00 -1.325841006917431208e+01 3.622572207249660892e+00 3.745501163979946813e-01 -2.986325869562126561e-02 1.505413279338118325e-02 -2.243182105362219458e-02
1.065000000000000000e+02 2.762920774968541991e+03 -3.046118538756962835e+01 -8.267600148585843023e-01 -2.789359331474859971e+01 1.547806270321674393e+00 8.923086353652471825e-01 3.805223056232438089e-02 -2.421957135393808941e-02 -9.197460500733091460e-04
1.425000000000000000e+02 4.166720658264814119e+03 -4.435066283336566073e+01 1.528637057717474157e+00 -4.083385292516459231e+01 1.670898465640378028e+00 1.008010153016169141e+00 7.677972042868814323e-03 4.531148937985503278e-02 3.661311099763817772e-02
1.785000000000000000e+02 5.198527160548657776e+03 -3.416314468286302741e+01 3.183646836432617810e+00 -3.696942460362138405e+01 4.353011529932615531e-03 7.918262612549591406e-01 -3.606317161325835186e-02 -3.064052095109414883e-02 2.416246780885461173e-02
2.145000000000000000e+02 5.809341961757468198e+03 5.865507259555736042e+00 1.447360685769870425e+00 3.735315123663207171e+00 3.542113517597462735e-01 7.624765327940645765e-01 -7.472555603172652272e-02 2.344305359203360459e-02 1.925591280230176672e-05
2.505000000000000000e+02 5.279972017039828643e+03 5.791300271275584066e+01 -6.613059628497566234e-01 6.431765526789021692e+01 9.107996179798687475e-01 2.447014085779755099e+00 1.622387959906511357e-03 -3.021510248232122525e-02 4.506602703518441944e-02
2.865000000000000000e+02 4.545101579043747734e+03 1.068064658997214451e+02 5.455197400734521640e-01 1.113896987641654022e+02 1.475694348081648677e+00 6.730955772340116994e+00 -1.288411989071732711e-01 -9.172997177838354554e-02 1.776719211818465066e-02
3.225000000000000000e+02 3.381341685807533395e+03 1.185573290352615743e+02 -7.137048923805097145e-01 1.226074962580754431e+02 -5.885896176022380466e-01 1.367624560898933339e+01 -1.125901470687386691e-01 5.779020443112649341e-02 1.233405527369000193e-01
3.585000000000000000e+02 2.305006453718075591e+03 7.724370436354038816e+01 -2.117199537622675154e-01 7.936029032186917220e+01 9.839698388728942424e-01 1.894227420358895841e+01 5.367808882037893720e-02 1.122435629591495010e-02 5.028444235880428353e-02
3.945000000000000000e+02 1.760438950509597362e+03 8.356193513582837795e+00 -5.850240388408889380e-01 1.318422712555350174e+01 1.133545148236673183e+00 2.190267257918522859e+01 -2.303283968491824651e-02 -4.268141654744850300e-02 1.077710648125810994e-01
4.305000000000000000e+02 1.800940325910141382e+03 -4.748118618804885926e+01 -5.148841355404825126e-01 -4.404025799398212371e+01 -7.069229407817684274e-01 1.875171309461485691e+01 -2.755709779481537586e-02 3.763993064495164964e-02 3.462873089070563071e-02
4.665000000000000000e+02 2.133659579037933781e+03 -7.518852023169750964e+01 -1.386869988445835977e+00 -7.677231855546904171e+01 -6.985991806060063425e-01 1.337018510442669239e+01 9.895475390614900946e-02 -8.043907687067207435e-02 1.371331877319234838e-01
5.025000000000000000e+02 2.478393562583285984e+03 -5.923722569478786681e+01 -2.334573525368218494e+00 -5.798935280374222145e+01 -1.831965660492931580e-01 8.300333920350752237e+00 2.219585817060202443e-02 1.448036024109467801e-01 7.733853310256039171e-02
5.385000000000000000e+02 2.580361815932983063e+03 -1.652340944781945709e+01 1.617967213973163787e+00 -1.158312145440131147e+01 -6.172861735226564672e-01 7.592358523675433624e+00 -1.620286343785914962e-02 -1.051224576133026334e-01 1.186535970114934169e-01
5.745000000000000000e+02 2.499444779642516551e+03 2.205761879263857139e+01 -4.445729126346997795e-03 2.352854134052239132e+01 -2.248607208878855290e-01 1.268142298570453264e+01 -4.721150363179331400e-02 7.794051186410116266e-03 4.305662045183662051e-02
6.105000000000000000e+02 2.162525246469783269e+03 2.687111708205962657e+01 2.330046809671808619e-02 2.432678630328683766e+01 -4.758851404786881845e-01 2.306374430662296859e+01 3.491820691183234598e-02 -3.896930061476407831e-02 1.036968547210933567e-01
6.465000000000000000e+02 1.882750020187105520e+03 -1.025397735152352752e+01 -1.956916113356611531e+00 -1.062233233928287568e+01 -8.999916794270932385e-01 3.243936649650979831e+01 4.423351541857748481e-01 -6.490568296452477182e-02 1.525842678482808856e-01
6.825000000000000000e+02 1.852646695998973883e+03 -7.076598948227572805e+01 -7.463673618575862312e-01 -7.288900082839091965e+01 1.065796932483635162e+00 3.722784359422936973e+01 -3.825148661401976680e-02 -6.070093228398540375e-02 5.694356855144452889e-02
7.185000000000000000e+02 1.977708033577500828e+03 -1.174309545288766969e+02 1.935703589982291195e+00 -1.190874022890901927e+02 -2.577774296002862675e-01 3.470723482904527657e+01 1.473563919339789807e-01 -8.153008557180016491e-02 1.212310719527187192e-01
7.545000000000000000e+02 2.291025270561633079e+03 -1.362544418758969584e+02 -5.455781169826562360e-01 -1.333241257150704939e+02 -6.560591290716628610e-01 2.682685080723978999e+01 -1.297055956601909921e-02 -5.593433869495068045e-02 -7.493125115398929781e-03
7.905000000000000000e+02 2.487421314594685100e+03 -1.025126704334167584e+02 -1.414464677065880416e+00 -1.013660727832167368e+02 9.829368885871114792e-01 1.750664140497260490e+01 7.085230991910364262e-03 5.448641886718023908e-02 5.387501342822353240e-03
8.265000000000000000e+02 2.533816161560922410e+03 -4.441698194651996801e+01 6.820679533745318546e-01 -4.578647542937588355e+01 -3.501525441700387153e-02 1.275486450453012921e+01 2.168645606595332731e-01 6.977282772083499840e-02 6.111782351336086938e-02
8.625000000000000000e+02 2.302211237520307805e+03 1.871591226692461163e+01 -2.153857776761438192e+00 1.619453677607677022e+01 -8.053171522129924931e-01 1.512169908073943958e+01 -1.759691441711770388e-01 -1.272533680611598883e-01 6.322690023456439823e-02
8.985000000000000000e+02 1.925948079621743773e+03 5.795172029181988194e+01 -6.517571184178988508e-01 5.730557307748441787e+01 -3.013064260030934305e-02 2.391063323466809720e+01 1.855523393754487244e-02 2.001268357157326983e-01 2.130431363840622899e-02
9.345000000000000000e+02 1.515382991275033874e+03 5.021202366229265124e+01 1.798466091673067702e+00 5.081810933155558985e+01 9.357570733372857497e-01 3.322207235816959781e+01 3.458963283461964355e-01 6.918480327500185767e-02 -8.166852295449184007e-02
9.705000000000000000e+02 1.211911790145870782e+03 1.765329417322422501e+01 1.216295100910019356e+00 1.726111902623321015e+01 -1.139074162242081023e+00 4.072228672386671633e+01 -2.762770617954184438e-01 -8.138350018621065551e-02 2.152179620218094280e-01
1.006500000000000000e+03 1.078468036377541921e+03 -3.370180962817547510e+01 7.129101599927513133e-01 -3.366472875808039333e+01 9.634991099659665492e-01 4.249923173979514956e+01 3.185957988223390991e-02 -1.509835254082119993e-01 2.611015226667498523e-01
1.042500000000000000e+03 1.068155399061190565e+03 -6.538981284129391724e+01 -8.203767244953641402e-03 -6.467848360539559849e+01 -7.940996904381814048e-02 3.539297488948703574e+01 1.338876561703152002e-01 1.710018610837400754e-01 3.355256181112255265e-02
1.078500000000000000e+03 1.181971384076181948e+03 -7.727493803929931460e+01 -1.100730793081323489e+00 -7.841968640129260848e+01 -4.924701130083417033e-01 2.542929929953800539e+01 7.664661680484197159e-02 -1.800690345844898066e-01 6.097646130426061933e-02
1.114500000000000000e+03 1.253122790706523574e+03 -6.152643108157205631e+01 -2.832861327912254534e+00 -6.004841449855405244e+01 9.015829048513722688e-01 1.718922234638060331e+01 1.338606272440915138e-02 1.534961482199005689e-02 1.449197448424406065e-01
1.150500000000000000e+03 1.233505303283058993e+03 -3.188120245704946143e+01 1.148613614671027516e+00 -3.193374973071536616e+01 -4.439678968491250766e-01 1.337747255483388642e+01 2.200351633355469155e-02 3.393492317881857678e-03 1.182281571784259688e-01
1.186500000000000000e+03 1.115921190240100259e+03 -1.039044010772926629e+00 2.898171262540736315e-01 -2.157494484674029600e+00 8.683346634582328472e-01 1.549196026414286465e+01 -1.173419645415933743e-01 1.867214025579586739e-02 9.398606977576873245e-02
1.222500000000000000e+03 9.507680937162372174e+02 6.464664075321175929e+00 -1.399400142718604023e+00 6.499933783778496732e+00 -7.162155916935181166e-01 2.136447392625295549e+01 1.340759561603451222e-01 -3.857597506649736857e-02 2.287717859808601761e-01
1.258500000000000000e+03 8.178387525024064644e+02 -4.157542399957334212e+00 -6.812177636985676799e-01 -4.213870349117360803e+00 -3.658927788370163192e-01 2.720830043166978385e+01 -5.419763928656068375e-02 -2.258679850871805339e-01 -9.575599264129244781e-02
1.294500000000000000e+03 7.344388966158151106e+02 -2.711790284800085260e+01 -3.242211938043124131e-01 -2.739271090512662710e+01 -5.374638319624066574e-01 3.109822718200274494e+01 8.471226510341905991e-04 -2.670213698653664536e-02 -3.870822374741215988e-02
1.330500000000000000e+03 7.365248489781807848e+02 -4.962550678690826800e+01 -4.226899092700155125e-02 -5.089775241537951445e+01 -3.227093310440880547e-01 2.837490401987427902e+01 9.175471372457187635e-02 1.566052361812708127e-01 2.111787352725535416e-01
1.366500000000000000e+03 7.817442686722670260e+02 -5.968627705807485029e+01 2.868137900289785547e-01 -5.794757956097352292e+01 3.893931912374468118e-02 2.304437402509517341e+01 1.749932026563899012e-01 -1.407224346937678561e-02 3.087081016120859500e-01
1.402500000000000000e+03 8.243339704483817059e+02 -5.436408767585714941e+01 -1.267891473176135486e+00 -5.436921576286604818e+01 4.383835460550720708e-01 1.714080739141500231e+01 1.485926949925758800e-01 -2.101819236135355762e-01 1.950057344843567075e-01
1.438500000000000000e+03 8.159817736068039267e+02 -3.334645158527986553e+01 -5.880076488457308681e-01 -3.383105981420150954e+01 -4.049687680999292105e-01 1.235454735272819704e+01 1.608662884081294153e-01 1.260253558179260103e-01 1.482536998974398335e-01
1.474500000000000000e+03 7.825873968958569549e+02 -1.472924873020994596e+01 -3.240964793624834250e-01 -1.324232448113147953e+01 3.423746913106683332e-01 1.163335663994897118e+01 -1.640625506738468964e-02 -1.884047024667840908e-01 1.314172595782460706e-01
1.510500000000000000e+03 6.723461806202765274e+02 2.711012834538392369e+00 -6.903971874970792344e-01 3.263877623703296926e+00 5.480556510181617824e-01 1.337521973452557233e+01 -1.056881945384537391e-01 -2.709094992742031582e-01 4.529220926407583059e-02
1.546500000000000000e+03 5.573588969246884517e+02 5.202441601164030871e+00 -1.936845016623196525e-01 4.565668940008954735e+00 4.104788838512913873e-01 1.721400733332635724e+01 4.632620713990934780e-01 2.287531758443233504e-02 1.587547087979498117e-01
1.582500000000000000e+03 4.737321478673881074e+02 -3.130267167302060116e+00 1.029907045822975320e+00 -2.938828614636394554e-01 -4.467342783532202155e-02 2.048661544077632612e+01 2.567275980812545530e-02 -1.383674269710302163e-01 -2.487535702704232049e-02
1.618500000000000000e+03 4.146980176346693270e+02 -1.359213576258260758e+01 -1.995142900894811278e-01 -1.433783702455937714e+01 -1.398901625146681538e-01 2.041728371392819241e+01 8.910554570015838394e-02 -3.635705780060392578e-01 -2.687273047240115037e-03
1.654500000000000000e+03 4.044018249589167908e+02 -2.584389844560336513e+01 1.196539262608352416e+00 -2.453217178867168968e+01 7.227343552775953306e-01 1.880277788001654216e+01 -3.347303363235620277e-01 4.226356493850622759e-02 -1.760999556928512927e-02
1.690500000000000000e+03 4.135406875797302746e+02 -3.142299410145413674e+01 -1.655160356842165781e-01 -3.047894728181043078e+01 -3.932782289585532443e-01 1.492216757459610577e+01 -1.445663114501833102e-01 -4.963839434722867178e-02 2.678576146296062777e-01
1.726500000000000000e+03 4.122062992845360441e+02 -2.613219850202446892e+01 -5.559121337640906546e-01 -2.651072138224309072e+01 -5.724657038271068199e-01 1.094331886730913261e+01 3.533846317668215553e-01 2.285239897970066103e-01 1.181175101889984924e-01
1.762500000000000000e+03 4.089404012461952789e+02 -1.921004013665707788e+01 4.478406826270568963e-01 -1.862513022025854070e+01 2.501646779380487517e-01 8.551037899721242397e+00 -1.578995675608845239e-01 8.920899864302400672e-02 -1.021682147655603862e-01
1.798500000000000000e+03 3.801297574112455777e+02 -1.010047815703037877e+01 -9.458361220682237613e-01 -9.905295692521093542e+00 -6.652470297661287058e-01 7.865441339184945591e+00 -2.129456377216749074e-01 -6.066422523731115901e-03 3.629813671212993587e-01
1.834500000000000000e+03 3.395887886400148545e+02 -4.967959223780626488e+00 -7.215816346614454257e-01 -4.999901904745687631e+00 7.450348514693116986e-01 8.662491129717867722e+00 -6.210009483972689370e-02 -2.289163104026841963e-02 1.675218769720910605e-01
1.870500000000000000e+03 3.004420548323788580e+02 -4.437785433050096984e+00 -4.127726835869875432e-01 -6.312152453565323285e+00 -1.684877284166033384e-01 1.015331508357054879e+01 6.951914844904029389e-02 -1.918148275009460418e-02 1.429493728947228703e-01
1.906500000000000000e+03 2.730742300658554313e+02 -1.019452097060311502e+01 -1.402820901919164254e-01 -9.590658778583286193e+00 -3.532458374532051470e-01 1.091622189549605082e+01 -3.456819402433305433e-01 -8.727878592301219207e-02 -2.001935650214978907e-02
1.942500000000000000e+03 2.592840882605617026e+02 -1.487339140396398918e+01 -8.011671948840688451e-01 -1.435744500395550460e+01 2.334793726671033909e-01 1.133239643482098558e+01 4.057546607145104400e-01 2.275944996143499099e-01 4.082341598370064495e-01
1.978500000000000000e+03 2.545279208561866255e+02 -1.829372482833833402e+01 -1.532996225259965761e-01 -1.702266121988854053e+01 -2.321302088355235993e-01 9.720451094731370034e+00 3.287683089735411457e-01 -4.713113258333267996e-02 1.852058823056481340e-01
2.014500000000000000e+03 2.538803316271708468e+02 -1.735108494396094159e+01 -4.944628526880855413e-01 -1.669725758194768872e+01 -5.165937537253872947e-01 7.954795584191257873e+00 3.196651425416014991e-01 -3.096518778367979285e-02 -2.216356341535206109e-01
2.050500000000000000e+03 2.534771019323497683e+02 -1.336232910046132716e+01 -8.678212089497607806e-01 -1.504393618321358161e+01 1.390367135569491597e-01 5.924842287092424442e+00 5.273506331970020389e-01 -3.842560870105427018e-02 5.631330749544570524e-02
2.086500000000000000e+03 2.370994149391370627e+02 -1.013317739130309469e+01 -7.815193679684271366e-01 -9.551930634206060589e+00 1.686651287114652731e-01 5.074963945267158216e+00 -1.381749010314039794e-01 -3.802567024763161413e-02 3.759579454936935461e-01
2.122500000000000000e+03 2.188728707993500393e+02 -5.212758632017843397e+00 3.995893663952393426e-01 -5.386678294801037659e+00 3.551555424700968411e-01 4.722683873877530303e+00 -9.683448351814145927e-02 -2.846582243139164636e-01 1.270174624877318803e-01
2.158500000000000000e+03 1.950214505690331634e+02 -3.779910896371896811e+00 -3.830160215354261322e-01 -3.197679467375726503e+00 -5.202854969606001134e-01 5.083172041575922506e+00 3.635349399370098322e-02 -2.793701054616898327e-01 -4.489610275265396716e-02
2.207000000000000000e+03 1.668203792664507432e+02 -4.532834024084349878e+00 1.342013118852160014e-01 -4.147294439790063514e+00 -8.909557705061890709e-02 6.499668560141790508e+00 -2.673646227588303836e-01 1.284898130956459994e-01 2.598614375937524090e-01
2.268000000000000000e+03 1.467440552386845241e+02 -7.080304328597618380e+00 8.409988958933073411e-02 -6.785992646425711428e+00 1.419873620635173916e-01 5.676440746661288728e+00 -5.650205814509846602e-01 -3.622642015210168071e-02 1.420667396867799637e-01
2.329000000000000000e+03 1.394796935437832417e+02 -8.400399772718252223e+00 -2.046009351394244558e-01 -7.719518433886140230e+00 -7.296739773475244273e-02 4.453471332077690192e+00 -3.175347695423129668e-01 1.494226742497467286e-01 -1.564059179802183841e-02
2.390000000000000000e+03 1.352599027693419771e+02 -5.840162360674737485e+00 2.314063052625089933e-02 -5.991414702115084978e+00 6.187100837881369664e-01 3.003918691020742493e+00 -3.077684678687077069e-01 1.238403547056400600e-01 -8.787054961906280715e-02
2.451000000000000000e+03 1.218828151571413514e+02 -3.493534868260333770e+00 2.120687581924658727e-01 -3.645416052872576973e+00 1.539484672649586439e-01 2.687409343588890387e+00 -1.474839216726017699e-01 1.251809573444943036e-01 -7.817621705240945795e-02
2.512000000000000000e+03 1.078621119883415531e+02 -2.777096179096703477e+00 1.077823278313572858e-01 -2.819358802563614930e+00 1.558206096077132119e-01 3.190613248990974427e+00 2.078883963241395239e-01 -1.336845188073505497e-01 -2.359311549761718974e-01
2.573000000000000000e+03 1.002412937896362308e+02 -4.558921003167526464e+00 5.392009308496864550e-02 -3.621747748227284625e+00 2.281947713548620194e-01 3.041403456436032826e+00 8.845882929132287131e-02 -2.912559094578164309e-01 2.941381428048016611e-01
2.634000000000000000e+03 9.700586993717740825e+01 -4.034140528480520516e+00 6.747197990049122462e-02 -4.937461316713624093e+00 -7.029979882465260399e-01 2.329141774541800824e+00 2.709971462616573845e-01 -2.005527544645771820e-01 1.231373792754880125e-01
2.695000000000000000e+03 9.203874697997721910e+01 -3.490232522024769413e+00 3.269668115564982047e-01 -3.228100984085002789e+00 1.084129446221931831e-01 1.829174245949145128e+00 -8.837243375887732233e-02 8.576592614686798233e-02 -2.924603945163278262e-01
2.756000000000000000e+03 8.585902061671852437e+01 -1.757837095962980101e+00 3.350136566531922155e-02 -1.964492363849744017e+00 2.160687254550910930e-01 2.177956746108612229e+00 -2.455947603109687877e-02 -5.029264497524568167e-01 4.759093516755513731e-01
2.817000000000000000e+03 7.841840394377828716e+01 -8.224345913168736866e-01 -1.360806568756464663e-01 -1.929128302468154477e+00 -2.574654535437965741e-01 1.181085327725287737e+00 7.915329776579635435e-02 4.618062588034927418e-01 8.904927865039713453e-03
2.878000000000000000e+03 7.354014559466321543e+01 -1.742160132849174037e+00 2.065982437662115118e-02 -1.818774024284712132e+00 -5.392756401343409278e-01 1.557000644296449909e+00 -3.920951369543898557e-02 -3.511386694913774531e-01 5.115932882512020941e-01
2.939000000000000000e+03 7.161988017967442488e+01 -2.102023747697402634e+00 -2.372905441138520866e-01 -1.996016678042852099e+00 -3.308398855476526457e-01 1.170245177593284058e+00 2.660540477339219945e-01 -4.157781948218189361e-01 3.484560590502004396e-01
3.000000000000000000e+03 6.933176697433967206e+01 -1.177032052301987708e+00 -1.320024005632658703e-01 -1.285835948480429369e+00 -2.263307507971638877e-01 1.026372966278032095e+00 -5.348140396006478836e-01 -4.122497507652904125e-01 -6.346628251397522236e-02
3.061000000000000000e+03 6.728722339678651565e+01 -1.344618238061042081e+00 5.341715438907375380e-02 -1.276872074058678308e+00 3.115621061054661411e-01 1.080766948523943727e+00 4.417967301491003140e-01 2.329261521079943331e-01 2.876605577386030510e-01
3.122000000000000000e+03 6.549353309465064399e+01 -1.963500814383456472e-01 3.205207603275530004e-01 -9.867205867265166352e-01 -8.936917279810017156e-01 1.307853968219073293e+00 3.333129364204658329e-01 -5.659064578539614310e-01 7.110551682850514699e-02
3.183000000000000000e+03 6.422720060971400358e+01 -5.548858910298731795e-01 -3.687670522924706429e-01 -9.433550343906885738e-01 2.636548833122979163e-01 1.388706142675225907e-01 -2.018082813444713186e-02 -2.225345683949537801e-01 3.388881119342655457e-01
3.244000000000000000e+03 6.345105740644039827e+01 -1.451130466114136652e+00 -2.724879198990213802e-01 -9.019764740204821996e-01 -2.212465823599919224e-01 -2.675794120383295782e-01 -3.571596156465675076e-01 -3.094663462024049849e-01 4.732836991006261762e-02
3.305000000000000000e+03 6.282810071002531060e+01 -1.018503705515496627e+00 -5.940491029900497183e-02 1.770906896936726982e-01 -4.943843588564982294e-01 5.645915468982614094e-01 8.378770301162936918e-02 -2.371849467675386791e-01 -2.032355817052648728e-01
3.366000000000000000e+03 6.209599752847534404e+01 -3.936672011370738189e-01 3.368388978133199929e-01 -2.255323594619491057e-01 1.353293124965032901e-01 9.789648600950415225e-02 6.252742484293258851e-01 -4.871315157482629388e-02 2.021040420289476336e-01
3.447000000000000000e+03 6.220695383364432018e+01 -5.704957592971644509e-01 -2.721986248364572925e-01 -7.785595701755185782e-01 1.493903086355557464e-01 7.644316412019640516e-01 -3.122068009996589733e-01 2.446594313985154812e-01 -1.722896993018262490e-01
3.548000000000000000e+03 6.223115890295855479e+01 1.501677110445343022e-02 -4.239699307589165356e-01 -5.881136121765360159e-01 -1.220851951591188089e-01 2.362256527741936896e-01 -2.403003429546674563e-01 -4.846875990489399322e-03 1.174040168782712334e-01
3.649000000000000000e+03 6.355319341844361247e+01 -2.852474925598287581e-02 8.774561356931399603e-01 -1.614082405699359124e-01 -1.363011935867198543e-01 7.050520731983470069e-02 -5.107612894875589171e-02 3.111538478083362980e-02 -3.495083141020068895e-01
3.750000000000000000e+03 6.418335463849940936e+01 -4.471009029119185074e-01 5.408960859925082687e-01 -2.032734836505298293e-02 -1.048879029592167528e-01 4.804117701579364852e-02 -3.424002108849186765e-01 1.458259456115241215e-01 -3.212342288784846844e-01
3.851000000000000000e+03 6.537228211322371862e+01 -3.500968582345694025e-02 -1.020086148529625314e-02 -4.112722903052455914e-01 -3.780008231574574773e-01 1.165220252755906127e+00 3.489212175275193117e-01 6.187376585120979433e-02 -1.296905197339394133e-01
3.952000000000000000e+03 6.783397174043597033e+01 -5.102315723676359438e-02 -1.851566744173398504e-01 -1.145324482959245160e-02 -8.282966058179186408e-02 2.411013569922809963e-01 3.946242310168611711e-01 -1.339224097026527893e-01 -2.338388699526442460e-01
4.053000000000000000e+03 6.922759140873922945e+01 3.133161503859883124e-01 3.005018639174610040e-02 -3.789785111119910455e-01 1.845953463992231203e-01 -9.599801176711444950e-02 -6.841605675787152396e-01 3.173441558112591321e-01 9.934441768323698518e-01
4.154000000000000000e+03 7.181699284083082091e+01 -5.366645576369982740e-02 -4.180014052418118409e-01 2.231775058725284644e-01 9.222483157707270784e-01 -4.552996551068487774e-01 1.512830026508639736e-01 -3.654557211819980944e-03 -2.684290120844096683e-01
4.255000000000000000e+03 7.335297363218171540e+01 -5.865884298385010132e-01 -8.384145285800606029e-01 -5.034256318757587279e-01 -5.987290755223627636e-01 8.477268887405113862e-01 -2.194023777891481453e-01 -9.328584064362616113e-01 -4.305775193644195697e-02
4.356000000000000000e+03 7.668476598917229126e+01 -4.721181397788273282e-01 -1.332024799531763837e-01 7.163845202244336630e-01 -1.041573004689828746e-01 -6.006898503344404450e-02 -4.490547205020881671e-01 -9.422291537513355353e-02 1.359586163946510107e-01
4.457000000000000000e+03 7.893626366836073771e+01 -1.956299758827617641e-02 -3.605478696780565206e-01 3.624236190774857147e-01 6.154335656186898929e-01 3.305368547259833756e-01 4.618526751863286095e-01 3.043986524154344009e-01 -5.727441675885631689e-01
4.558000000000000000e+03 8.146599387886550403e+01 -5.394730127161071476e-01 5.296485065417699811e-01 -3.701727795229938223e-01 9.009357077324231522e-01 -5.574043314844054908e-01 1.101366078519180558e+00 4.346438368184490364e-01 -6.415353814559862089e-01
4.659000000000000000e+03 8.379714176161829187e+01 -1.120872503948246446e-01 -7.479785767230069382e-01 8.937610787953840230e-01 -6.987621097047856944e-01 9.339398997153808279e-02 4.944006844500269393e-01 -1.216762825894865951e+00 9.004279354653438316e-02
4.760000000000000000e+03 8.644398432990809056e+01 -1.269025519896906096e-01 2.695074112763433671e-01 -7.188997052608930849e-01 4.926647974209955039e-01 9.173797950735540496e-02 -8.671541889982929963e-01 1.032945502481685818e+00 1.395122105521929556e-01
4.861000000000000000e+03 8.974117459081833204e+01 -9.318771884240617531e-01 3.285877597025395058e-01 -1.198814452594551550e-01 1.180736300640206939e-02 5.360750781431170009e-02 2.790861813270755776e-01 -1.257269672013594075e+00 1.489244057213241046e+00
4.962000000000000000e+03 9.188633546649896289e+01 1.872698856672717627e-01 4.461630762258225746e-01 7.493454055635571098e-01 2.617164346613959913e-01 6.970631414019360372e-01 4.369576742286338522e-01 -9.966342837441488633e-02 -7.936582818912591986e-01
5.063000000000000000e+03 9.560832854948483828e+01 -5.261726077906416776e-01 -1.910788194455779743e-01 -9.291535049023309512e-01 8.196303579933768013e-01 -2.557875336262517285e-01 -6.706677416705669748e-01 -3.901345831249786178e-01 1.655912489979930458e-01
5.164000000000000000e+03 9.956074735461336900e+01 -1.019092969388364134e+00 8.258137373241781765e-01 1.235866683756294548e-01 5.486463701960975214e-01 -8.196396391503912859e-02 6.619746403964382742e-01 5.826015845046633723e-01 -2.352153977636295412e-01
5.265000000000000000e+03 1.015316839449511264e+02 -3.469996512213406881e-01 -2.860350567345948947e-01 4.092442162224178559e-01 -3.992295101458516182e-01 1.171211202966462861e-01 -3.295905990393347418e-01 -1.515389771336060010e+00 6.075920678895913030e-01
5.366000000000000000e+03 1.053331790467139228e+02 4.648697497885913021e-01 8.650416313062367912e-01 3.234501310285241571e-01 7.048573821573347331e-01 2.070721159548018220e-01 1.180670212230097382e+00 1.414210233881441292e+00 9.061063784863945259e-01
5.467000000000000000e+03 1.085506910083025218e+02 4.086848334928662174e-01 -8.436626067682292951e-02 8.834510171337033313e-01 1.318312556497343024e+00 -6.224064116123704249e-01 -1.086953101674278166e+00 -9.550379216311832842e-01 2.095829097195159640e+00
5.568000000000000000e+03 1.110307533635850064e+02 -7.638345125063187302e-01 4.448672855908385460e-01 -7.848860262256697196e-01 9.749115629743142497e-01 9.093385753115226233e-01 1.248735653865450601e+00 -1.070122420031129451e+00 -1.573558094262919926e+00
5.669000000000000000e+03 1.143342786617270264e+02 -9.325957418478377781e-01 -3.849299216477100050e-01 -2.530503378382354951e-01 -1.546365360306519998e-01 -1.101480753282566782e+00 -8.820078300728160237e-01 4.383724396042392724e-01 -8.005041529671191869e-01
5.770000000000000000e+03 1.189439179491924108e+02 3.990403078963677963e-02 1.576217251961173904e-01 -1.655107700382862923e-02 3.096798312090709437e-02 8.410407658217800009e-01 2.782530387441375375e-01 3.458443061607256452e-01 -1.036411939713932640e-02
5.871000000000000000e+03 1.225861401520915308e+02 3.863855779046663219e-01 -1.413957813140667152e-01 1.199913694812171361e-02 -7.384107979600981198e-01 -5.244493082651761062e-01 4.438990580441992684e-01 -9.995046125522337732e-01 2.516376056914624293e-01
