# l Dl_TT Dl_TE Dl_TB Dl_ET Dl_BT Dl_EE Dl_EB Dl_BE Dl_BB
7.050000000000000000e+01 1.715047053950483132e+03 -3.627757816414982628e+00 1.499100651163101761e+00 -7.818083409028624864e+00 1.307786164715025734e-01 3.286903861554279493e-01 -2.805407633275346785e-02 -9.103637994730436403e-03 1.535183888364125872e-02
1.065000000000000000e+02 2.907207975002914736e+03 -2.821083382126531802e+01 7.632050700317223324e-01 -2.580893088368826938e+01 1.108009422657960208e+00 9.096006292048939290e-01 -4.660831975632587221e-02 -2.419501834340478941e-02 1.909534689322843135e-02
1.425000000000000000e+02 4.029698235965917775e+03 -4.343244951808142673e+01 -5.673049156498801704e-01 -4.513826551095040429e+01 2.904482943196377231e+00 1.156458413803997498e+00 -2.144454130502668893e-02 4.311095032129035574e-03 2.430975380246640227e-02
1.785000000000000000e+02 5.275066416126152035e+03 -3.563543180484429485e+01 5.901457435992077727e+00 -3.707052714790150105e+01 -1.101676789689213676e+00 8.964201200792835111e-01 -7.019321941021673672e-02 2.463347333897285968e-02 2.514246510083391339e-02
2.145000000000000000e+02 5.729930553806039825e+03 9.144585035203299128e+00 -1.527784911193119433e+00 7.115552731537077236e+00 -2.445773508466591473e+00 7.805758198335841502e-01 -2.655202237625449435e-05 -1.146950113635200434e-02 2.989102332731964282e-02
2.505000000000000000e+02 5.513984134278189231e+03 6.132216002846659819e+01 2.697062305032386753e+00 6.352194925055059116e+01 -1.655287989101562163e+00 2.515448573940375798e+00 9.299846818307500040e-02 2.187337324564097435e-02 5.635412511305698535e-02
2.865000000000000000e+02 4.360970400221525779e+03 1.049879732310045313e+02 2.793631387111306985e+00 1.039165332538307638e+02 6.679801788896549963e-01 6.870808099837324434e+00 8.096817085263446900e-02 1.645959953754085048e-03 -8.404571099045441557e-03
3.225000000000000000e+02 3.347820825941626936e+03 1.139243733378977481e+02 -1.856191407097653734e+00 1.184740686539250021e+02 1.077928222996504815e+00 1.286383847036631423e+01 3.357670401670588556e-02 -5.660479236195952064e-03 5.499858491646384545e-02
3.585000000000000000e+02 2.329645600289455615e+03 7.814642196085807768e+01 1.496383979214097160e+00 8.325027946078373020e+01 5.453226446852752485e-01 1.944956588019164911e+01 1.029522064835233092e-02 2.809741598632498408e-02 5.201588575511397264e-03
3.945000000000000000e+02 1.816933170451704655e+03 1.212954774189723040e+01 -5.053938991781800061e-01 1.347424539268767774e+01 2.087304499234075017e-01 2.175108810526744918e+01 2.492957734547750909e-02 -2.500709206503669291e-02 -9.515757818111370003e-03
4.305000000000000000e+02 1.799090288495865934e+03 -5.171788609281088611e+01 -6.647581047410339172e-01 -5.251585599644866420e+01 3.057186893006378359e-01 1.926641821759558582e+01 1.132675046020388265e-01 -1.126465017925879115e-02 2.056050967229736820e-02
4.665000000000000000e+02 2.184295319356555410e+03 -7.611890207957478083e+01 1.414144304225378068e+00 -7.743474900549648510e+01 2.190561193197548273e-01 1.344125741205423452e+01 -7.322337552833918517e-02 3.841591471490482523e-02 1.007084265879321927e-01
5.025000000000000000e+02 2.490951843615649523e+03 -5.558534586188049076e+01 -5.457424098068363039e-01 -5.782552676267246738e+01 4.797718366778375154e-01 8.020796984994078116e+00 1.206964531421401976e-01 -3.287525162475114782e-02 5.530840403206083167e-02
5.385000000000000000e+02 2.628046580500441905e+03 -1.355368725276117914e+01 -1.549839583790935560e+00 -1.339385754174766774e+01 2.164217259811380134e-01 7.573532106726213797e+00 1.685769718905396064e-01 4.161553244427930454e-02 2.495862703747470449e-02
5.745000000000000000e+02 2.456525439101183110e+03 2.301910523691453392e+01 4.561565439480120832e-01 2.079196147136022077e+01 -4.029234673985598314e-01 1.313782082194897072e+01 -8.608101629989947656e-02 5.252404286388968890e-02 1.423814996698500798e-02
6.105000000000000000e+02 2.155281485300198256e+03 2.372225765035004130e+01 5.249392051181583918e-02 2.509872340772840005e+01 6.369171857317019736e-01 2.266348443991706318e+01 -9.458264816787391449e-02 9.242464253843288291e-02 1.104618202052463083e-01
6.465000000000000000e+02 1.884405728275030469e+03 -9.912013675815792624e+00 -6.385573659342107522e-01 -1.101490652388365987e+01 -2.855677096420292105e-02 3.233862636486787068e+01 1.620821798108183498e-01 2.976955656818092849e-04 2.460701321482541143e-02
6.825000000000000000e+02 1.867249090404403432e+03 -7.148645432535276711e+01 1.020261077465718369e+00 -7.177525974839571177e+01 -6.722822723152416247e-01 3.648759056827955760e+01 -2.762900390122688399e-02 1.096088866169151466e-01 7.516912068782130585e-02
7.185000000000000000e+02 1.983791180975658335e+03 -1.171809935029340011e+02 -8.025241059616994299e-02 -1.190309248175304901e+02 -1.902437896611311186e-01 3.469192572088795146e+01 -6.887652164624666340e-02 6.345991371380262092e-02 1.101115309055928360e-01
7.545000000000000000e+02 2.303167819170321309e+03 -1.393013917650500275e+02 2.596012970490451099e+00 -1.369228824390095269e+02 4.587724006351507899e-01 2.713178138328106215e+01 -6.277241995428067822e-02 1.199333416808640376e-02 -5.383037842383564531e-02
7.905000000000000000e+02 2.500552499736222671e+03 -9.916980165202259911e+01 6.042175415072711386e-01 -1.005842780104525787e+02 1.310879342618215038e+00 1.700599060925062389e+01 -1.174687777302539787e-01 3.628072496218809513e-03 2.247430778881961411e-01
8.265000000000000000e+02 2.491664692147832739e+03 -4.130944370324873205e+01 5.198582973563768972e-01 -4.269717743094062001e+01 6.073675721428667407e-01 1.264338221321028755e+01 2.211367573421808841e-02 -9.473378002982288382e-02 1.960350610470473071e-02
8.625000000000000000e+02 2.313939019935087344e+03 1.987581135152849754e+01 -1.733447280729163431e-01 1.787786882819230172e+01 -3.978154394630203927e-01 1.504523878572888762e+01 2.504505444646980966e-02 1.549361088444555640e-02 -2.348784385882951575e-02
8.985000000000000000e+02 1.936556717772692309e+03 5.395006146254124246e+01 -8.544412031050593326e-01 5.560686004570140284e+01 -2.750978545435656120e-01 2.330649027618022018e+01 1.660566157447982416e-01 5.832782654796087041e-03 2.481898559569844370e-02
9.345000000000000000e+02 1.527135749866548167e+03 5.120899630508107236e+01 1.123287505221890914e+00 5.159066871609977056e+01 -2.552318062968976786e-01 3.390954138245206195e+01 2.637177548045361308e-01 -5.834064303124674583e-03 1.421562320444196281e-01
9.705000000000000000e+02 1.179868193854205401e+03 1.408903155719279710e+01 1.256938188543820445e+00 1.544467515756217324e+01 -3.737934674964515924e-01 4.077358807721304856e+01 3.322592395517488528e-01 1.242451441054682193e-01 1.404538066674834440e-01
1.006500000000000000e+03 1.063792869763352883e+03 -3.515570649918251434e+01 -8.083336657169949424e-01 -3.181884180582844834e+01 -1.944967327012492309e-02 4.189854542265384652e+01 -1.682482315461486522e-01 -5.201910993753780521e-02 -1.113415710315695528e-01
1.042500000000000000e+03 1.077964535901388444e+03 -6.848828841040267434e+01 8.946332017418863192e-01 -6.688707600873026138e+01 -2.642844863159954372e-01 3.551257840434365676e+01 -3.935643765107843528e-02 -1.877082762227331170e-01 1.506830327713329018e-02
1.078500000000000000e+03 1.149470292589615383e+03 -7.645774382350300868e+01 1.217646450969906535e+00 -7.587299991636875518e+01 -7.634496894930842270e-03 2.511450734957927011e+01 -1.080973630518148459e-01 -3.076582533062751507e-02 2.149477014301029998e-01
1.114500000000000000e+03 1.240741926975643310e+03 -6.077440410814975991e+01 1.270031521711244560e-01 -6.049342740970739385e+01 4.291939954866694218e-01 1.689049893688317638e+01 3.243156642300572268e-02 -5.226421110050624708e-02 1.401872363488238515e-01
1.150500000000000000e+03 1.208036204215432463e+03 -2.778011268195538719e+01 1.258015664115549104e+00 -2.740291313961077080e+01 7.717310441254674469e-01 1.365997827033957002e+01 1.164798527069710737e-01 -5.695533147302589416e-02 1.973129289865485636e-01
1.186500000000000000e+03 1.111903325623342880e+03 -2.050052472277429594e+00 8.680012929526130794e-01 -2.724434784516831520e+00 1.604689920711678819e-01 1.539287695832178926e+01 1.191209356027859156e-01 -4.320709689154217381e-02 8.186338254230569877e-02
1.222500000000000000e+03 9.512388054397850965e+02 6.273090604296087669e+00 -6.020190242572592831e-02 6.867180940494317376e+00 4.326958131213847203e-01 2.142112552379539991e+01 -1.893235757255487539e-02 -9.589426039196777274e-02 3.603949044579313199e-01
1.258500000000000000e+03 8.206306033159200979e+02 -3.400992693853700732e+00 2.106671681220173120e+00 -4.235809860244609482e+00 2.536515215273114077e-01 2.717665521220848035e+01 1.369328303195557761e-02 -2.727303652045259819e-01 9.656772695597522216e-02
1.294500000000000000e+03 7.435109265239120759e+02 -2.774548313197829685e+01 4.006175577549372369e-01 -2.749088721933078716e+01 7.571249330980984737e-01 3.044959147105286235e+01 -3.693223333145231879e-01 4.682860389089545106e-02 1.824776159565832251e-02
1.330500000000000000e+03 7.295003597787882654e+02 -5.148349832661321557e+01 -7.536863576576091628e-02 -5.222420001314119986e+01 4.332975466206090420e-02 2.888946553706095699e+01 -4.965227734117230174e-01 -1.082417601434645243e-01 8.777439072815645948e-02
1.366500000000000000e+03 7.725943305769465042e+02 -5.930967644793285132e+01 2.559657050319987803e-01 -5.973751165651928829e+01 -1.464736340917752178e-01 2.319658657135379443e+01 -1.174602326030793759e-01 1.520444607420055882e-01 1.133149546013371978e-02
1.402500000000000000e+03 8.116921581014819367e+02 -5.244746461490198897e+01 1.019404132803711560e+00 -5.274227308970821326e+01 2.783083384179176334e-01 1.692238159449370016e+01 1.896797056329245224e-01 -7.073239854544043081e-02 -5.594281288480888736e-02
1.438500000000000000e+03 8.173640550755303593e+02 -3.251743251344494468e+01 3.241663862980553867e-01 -3.449970086655866908e+01 -5.566805685750353394e-01 1.254529902423911381e+01 -7.825373573509500358e-02 -2.938009258034903620e-02 1.478622063857798485e-01
1.474500000000000000e+03 7.590794719262544277e+02 -1.266911300255736705e+01 -1.072539532036852705e+00 -1.203807785864278479e+01 -9.832159064055219500e-02 1.140589536988185415e+01 -1.730462642089992606e-03 -5.157064804667878255e-02 1.065614085386609455e-01
1.510500000000000000e+03 6.603051958486568083e+02 2.399498640094279711e+00 8.739582763201283466e-01 1.658084824391790946e+00 3.359683582698318460e-01 1.346798108284640705e+01 -7.027621667064520850e-02 2.897080727375157816e-02 2.237148827933236883e-01
1.546500000000000000e+03 5.511273944301931351e+02 6.579354262337492543e+00 -8.028693560085460312e-01 6.285371028601119292e+00 -9.114496434551136450e-02 1.728201593897144051e+01 -2.106463649688071760e-01 -1.309268091642566689e-02 1.000506382872801275e-01
1.582500000000000000e+03 4.618503185403125144e+02 -2.040673637652234085e+00 -3.894807079239794856e-01 -1.434446166816571777e+00 -4.633958310302969119e-01 1.997374605662423264e+01 -7.267892279364010499e-02 -4.097114196800205610e-02 1.163371131550015314e-01
1.618500000000000000e+03 4.082329623076790313e+02 -1.518559809719718068e+01 -1.626320266102672107e-01 -1.394339829269388886e+01 -7.093776900033332833e-01 2.070439883661668290e+01 -1.981952983680552727e-01 3.395381006446764743e-02 6.845527898003443690e-02
1.654500000000000000e+03 3.950710910512516421e+02 -2.642976869782351912e+01 -8.877641715613917572e-01 -2.565929960590229797e+01 2.387504231606020211e-01 1.878458430685013880e+01 3.823124817804500752e-01 2.058679346377546571e-01 5.561335287314419368e-02
1.690500000000000000e+03 3.994602310834486616e+02 -3.121317631692348016e+01 4.343412316733709644e-01 -3.069228110472492332e+01 -2.833804700965755763e-01 1.473459765924921783e+01 3.012739851340784369e-02 -1.007992540592258374e-01 4.938721886076501144e-02
1.726500000000000000e+03 4.073711424201854356e+02 -2.618558578708339724e+01 -2.124736586266598726e-01 -2.697590352973514172e+01 2.554120591135721208e-01 1.080311711371816052e+01 4.054909303685394484e-02 -1.632850836468176248e-01 1.020218159323809867e-02
1.762500000000000000e+03 3.971765462093817405e+02 -1.885708138955809332e+01 -4.937902906051344076e-01 -1.774892742850207128e+01 4.759534453543762811e-01 8.556974149697218479e+00 -6.553732151895289015e-02 1.200416793391012871e-01 2.031097923881930722e-01
1.798500000000000000e+03 3.602345342801770585e+02 -1.028627487195386436e+01 2.079894634876798820e-01 -9.925840693488567013e+00 -4.979057162043878382e-01 7.942902410415055847e+00 4.049841602305382371e-01 -8.668527340474246889e-02 1.863468353188200977e-03
1.834500000000000000e+03 3.288917331164803954e+02 -5.994342710154566767e+00 -2.640235147974226981e-01 -5.853559833149333258e+00 8.978493162460714494e-01 8.911366204546553149e+00 5.865501662401195748e-02 5.683385175596190886e-02 1.127783425225724681e-02
1.870500000000000000e+03 2.874397865143463378e+02 -5.158134445965865567e+00 -2.172653657026820395e-01 -5.860656299167483319e+00 -4.362649381393892134e-01 1.020721514348282710e+01 4.602765510844201158e-01 6.934465256710070635e-02 -4.000270245979986594e-02
1.906500000000000000e+03 2.613324416525001652e+02 -9.322100608095070129e+00 8.016499259306264502e-02 -8.978168828345530983e+00 2.443078716863151811e-01 1.115578062850102015e+01 4.292379623128010635e-02 6.765730162234569189e-02 2.167144058835686338e-02
1.942500000000000000e+03 2.461193644846519533e+02 -1.455935815236862041e+01 -3.086917861921307238e-01 -1.439785453268794768e+01 -3.737335562735826233e-01 1.105813835196086714e+01 3.880301129990023495e-02 4.516150579376939506e-02 1.974148526253209912e-01
1.978500000000000000e+03 2.398141959137961976e+02 -1.731573907587057803e+01 -1.753956007378350002e-01 -1.770292859172107569e+01 2.954925540443602006e-01 9.911048762173786386e+00 1.046987861813975240e-01 2.773869029294545596e-01 -4.558982975749600874e-02
2.014500000000000000e+03 2.397642167358288816e+02 -1.705185143419311089e+01 -6.118504696411838362e-01 -1.724247081666756998e+01 -4.223336680158039647e-01 7.766639462595232857e+00 4.843759459002182355e-02 4.968153445369267729e-01 -7.967493748350368277e-02
2.050500000000000000e+03 2.343912448041675702e+02 -1.482404986355718179e+01 2.953030127123741355e-01 -1.396195094169197759e+01 -2.592069822824302205e-01 6.050867827377821584e+00 1.877264491690843751e-01 -3.272292021313669141e-02 1.734898926180044043e-01
2.086500000000000000e+03 2.245111810679266853e+02 -8.876729142869443479e+00 9.693844430622648722e-02 -9.172717043467818243e+00 3.297460318056719686e-01 5.247878890500720317e+00 -2.573164341834571767e-01 -2.935687162788602755e-02 -1.083792655192463983e-01
2.122500000000000000e+03 2.031400944969403213e+02 -6.064477598790589674e+00 -1.908037569827754076e-01 -5.274089946130946949e+00 2.032096254493768461e-01 4.877113022186986058e+00 -8.448220286362172204e-02 2.517296303338401042e-01 -2.404163736607920210e-01
2.158500000000000000e+03 1.781570156727769927e+02 -2.994370654950287758e+00 -4.438481702418419217e-01 -1.963640010788874513e+00 -1.591261158541606990e-01 5.588103026189693345e+00 2.295025741842654787e-01 2.509053489189409514e-01 4.849864230358366113e-01
2.207000000000000000e+03 1.518059713494020286e+02 -3.502489023370941368e+00 -4.786981736818446964e-01 -4.406930002004946445e+00 2.593277282254449201e-01 6.265922382270528779e+00 -1.006641023600712004e-01 9.137970958426501478e-02 -7.475627997890658960e-02
2.268000000000000000e+03 1.302102171846048009e+02 -6.546132694684317244e+00 -2.136122589891853996e-01 -6.883150503569677170e+00 5.585512530896433736e-01 5.965084697713402662e+00 -1.059264946480700659e-01 -1.112089508618404748e-01 -4.295960391399863965e-02
2.329000000000000000e+03 1.247270729752561351e+02 -7.938585039778128127e+00 3.261539275702726171e-01 -8.222172793224935106e+00 1.897023601934954284e-01 4.341566020975101026e+00 4.047322538690150545e-02 -9.257741273290578943e-02 2.804844777418762369e-01
2.390000000000000000e+03 1.181784782885261365e+02 -6.283797701736271613e+00 -2.615387342871829945e-01 -6.044906103963608501e+00 -3.935707949999109889e-01 3.141660581250476980e+00 2.306717017168850026e-01 -8.214656273147613597e-02 -1.791871676155138149e-01
2.451000000000000000e+03 1.042202452044836321e+02 -3.539501839571010500e+00 -6.747192434778406245e-01 -2.925393209919354476e+00 -6.531661997114504015e-01 2.752533621674590592e+00 7.825924595399114114e-02 2.518773388532688506e-01 -2.071452604337174486e-01
2.512000000000000000e+03 9.093708225642156151e+01 -3.272441654662527455e+00 4.540646941542575976e-01 -3.297112615427258753e+00 1.187329892605068077e-01 3.254274941512280250e+00 -9.133507584883629460e-02 -1.782024217380501485e-01 -3.064406339766467813e-01
2.573000000000000000e+03 8.176844612358971176e+01 -4.011048166564599171e+00 3.081006761150659190e-01 -4.036379575637691453e+00 -8.097800351527006946e-02 2.852926591727404038e+00 -2.305698647533932499e-01 -1.730163024657861981e-01 3.221730762353621769e-01
2.634000000000000000e+03 7.704327475336128828e+01 -4.486255638517668842e+00 -5.296532336946768726e-03 -4.648602938391935169e+00 -9.954966453663881276e-02 2.483121282161048882e+00 2.533685454216275668e-01 -7.711026671382920084e-02 3.607945094038718103e-01
2.695000000000000000e+03 7.282206865421332509e+01 -3.147483674720667590e+00 9.117738237008667923e-01 -4.244936966752128171e+00 4.917959531954302355e-01 1.943569771002503943e+00 2.946428483248333952e-01 2.039162402626431281e-01 1.133491843975008018e-01
2.756000000000000000e+03 6.601423437443068565e+01 -2.254020977422716232e+00 -1.621326597619587584e-01 -1.817653082335545012e+00 -3.601240136781387324e-01 1.361209042787181911e+00 1.230326080827587876e-01 -4.302244373679333100e-01 2.720461281458116942e-02
2.817000000000000000e+03 5.664619252395367255e+01 -1.343805234930260495e+00 -1.579894705735985366e-03 -2.066010939914532774e+00 -3.451320720277728515e-01 1.215517713543505351e+00 -4.469050380161267988e-01 -2.770839000425101006e-01 3.555210265364243394e-02
2.878000000000000000e+03 5.269542079207030838e+01 -1.809608288539118037e+00 2.335366388106744351e-01 -1.197299501976224256e+00 2.691346643687009266e-01 1.404150735836644737e+00 -5.390443802132759837e-02 -1.490812092497334485e-02 -1.798773608113165001e-01
2.939000000000000000e+03 4.855870242787938196e+01 -1.899155194133930635e+00 3.323850752185536495e-01 -1.715365624492460661e+00 4.911920755106600200e-01 1.397696291333871965e+00 2.859738697966554555e-01 4.498224284013568885e-02 -6.682514614704657130e-02
3.000000000000000000e+03 4.636055735962960966e+01 -1.391385597631244142e+00 -1.896390885766866818e-01 -1.860648672026884221e+00 3.863946345309934860e-01 9.558464750949625666e-01 2.785907255554827266e-02 -4.152163918120777009e-02 2.491771849090462787e-02
3.061000000000000000e+03 4.427555255258900502e+01 -7.186507766104734962e-01 2.012497297980816446e-01 -1.275372423619874240e+00 -2.207524860663157007e-01 6.228000361656510497e-01 8.937576279185946090e-03 -6.430083645419538974e-02 -3.485610738283895227e-01
3.122000000000000000e+03 4.046495344609944311e+01 -1.025376544130686796e+00 1.521341783404989156e-02 -9.614952604664590563e-01 2.631165167590193699e-01 2.924291284925892298e-01 -6.825203934599137490e-02 1.592480627159997275e-01 3.415503491877588949e-01
3.183000000000000000e+03 3.893494109934749758e+01 -6.912745987102979495e-01 -3.613051618054834435e-01 -2.640878412174934020e-01 -3.238219666895525428e-02 5.474007160032878794e-01 -1.384838056437625309e-01 -1.084143711367762108e-01 4.194707321313159709e-01
3.244000000000000000e+03 3.770103764387506828e+01 -1.141420671391835118e+00 -3.361286141001912919e-01 -1.776417642364289673e+00 6.492464715742634063e-01 7.824682077819584691e-01 2.039630229350477830e-01 -2.651481923627775350e-01 -1.278352409168317938e-01
3.305000000000000000e+03 3.717904187320836229e+01 -9.962802336409224413e-01 7.815280341076878967e-01 -6.743251036573938428e-01 4.621699928375279098e-01 1.644863297651604772e-01 -4.826227569025161035e-01 2.707158049265427358e-01 -4.437164409319944991e-02
3.366000000000000000e+03 3.605153218974948004e+01 -8.117988979922601267e-01 2.106538532445604295e-01 -1.917282589152600747e-01 9.593061801073428374e-02 -1.644418734088080314e-01 -3.472197900981364715e-01 -4.062277637693932908e-01 -1.710032899488928004e-01
3.447000000000000000e+03 3.440316215953447454e+01 -5.369101799407219877e-01 -1.121097000492033424e-01 -8.978671462960672311e-01 1.420467907353355486e-01 3.202804994583723364e-01 -4.914257445691683213e-03 1.779521201658738616e-01 -1.895935800651815661e-01
3.548000000000000000e+03 3.330101354293356053e+01 -4.721214984936985548e-01 1.952741966667144724e-01 -4.487556251201114954e-02 2.276338279336350134e-01 1.928722603652429091e-01 1.641871277859767442e-01 3.481697305975600676e-01 3.710684484224470447e-02
3.649000000000000000e+03 3.263362093221000748e+01 -3.438666189444454790e-01 1.282394454861914834e-01 -6.935408757787969725e-02 -2.449730054119519385e-01 -2.900324755435149671e-01 -2.595471476614639728e-01 -3.845726040637817977e-01 -6.551210141012375754e-01
3.750000000000000000e+03 3.265907993746148463e+01 -1.405554584693975706e-01 -6.895467937032243033e-02 1.624964601154574306e-02 2.425217211510443671e-01 -1.772005346126037661e-02 -5.498496736256927031e-01 -6.182858641651445275e-02 2.721877782230758269e-02
3.851000000000000000e+03 3.320201736951363358e+01 -5.246566587084153244e-02 1.418777201782873282e-02 -6.956606391731512407e-02 5.111200619395488420e-01 3.520999379559143772e-01 7.886848837425436409e-02 -8.941237604237565195e-01 -1.316128250480171624e-01
3.952000000000000000e+03 3.412474785371009034e+01 -2.186432197807425537e-01 5.329205858363962323e-01 1.376259885531841975e-01 3.493867218462536894e-01 2.656278631213896402e-01 1.098695527832107555e-01 -1.731806180450634336e-01 9.397040434795142505e-02
4.053000000000000000e+03 3.312515836338779707e+01 -1.422247435551887706e-02 -7.694854453087160429e-02 -8.133623220313798696e-02 -9.982243675379163239e-01 6.451308196670623163e-01 4.610533649838399750e-02 -4.046396254924717328e-01 6.340622575436360986e-01
4.154000000000000000e+03 3.474552582074086615e+01 2.624622545932614459e-02 -4.883904691928849795e-01 -9.140201621228924989e-01 2.922764542959530032e-01 8.576401307427715670e-01 -2.591256127086951078e-01 -1.438751031157869953e-03 5.394114793371362904e-01
4.255000000000000000e+03 3.555553163525639349e+01 -2.106308107474877400e-01 -1.036568973937436744e-01 2.669556696433357246e-01 2.548225623872238388e-02 1.532242859835975246e-01 -5.456799350584212727e-02 -6.456857523941805788e-01 8.155830266546231222e-01
4.356000000000000000e+03 3.649728524926753437e+01 2.520879546494809720e-01 -2.908665598367597971e-01 -4.736030978887347809e-01 2.501367455551912755e-01 -1.137716588342918278e-01 1.308160587319594503e-01 6.344847222159630817e-01 8.662958164919625226e-01
4.457000000000000000e+03 3.617871048882192753e+01 2.487036424136075952e-01 -2.378553873540110164e-01 4.873674163138419502e-02 -1.510859322737990951e+00 1.721275096494115364e-01 -1.711051471019390535e-01 -1.690327084334686536e-01 -1.132005301486453064e+00
4.558000000000000000e+03 3.916796492931628393e+01 -1.382160865736583033e-01 -2.856631637262838641e-01 4.101451757097347994e-01 -3.846719276746324856e-01 -7.114560253623225528e-03 -3.743096161011507106e-01 4.084513187433603809e-01 1.603126261013004816e-02
4.659000000000000000e+03 4.013781978012144691e+01 3.907403422945773808e-01 2.759132290794006348e-01 7.543664508475038666e-01 9.959290331911516692e-01 -5.180900462230023651e-01 -9.957944792944960488e-01 6.927275295086615658e-02 1.758003538385018105e+00
4.760000000000000000e+03 4.234167574411158341e+01 -3.589972557461609259e-01 -8.749663669054568160e-01 -3.809427791283572784e-01 -7.197219364489275684e-01 1.391363830010031721e-01 -7.441169376941363378e-01 -2.300619541885396968e-01 -7.614057043831308214e-01
4.861000000000000000e+03 4.297593995355708785e+01 -3.243123097439894464e-01 5.853318102678956025e-01 1.054779724048364953e+00 -3.041867824979324064e-01 -6.746351596942460338e-01 -1.059249828215748368e-01 1.926868827479688573e-01 -2.119979568266435743e-01
4.962000000000000000e+03 4.255514802769314286e+01 1.141034311924294276e+00 9.353275596994794494e-01 -1.398704886190913932e+00 -1.679072103350381373e-01 1.841735778016482250e-01 -1.053613164695439419e+00 -1.187187018853747666e+00 5.239574792276939785e-01
5.063000000000000000e+03 4.457965677045808661e+01 5.005559116255291485e-01 9.689279572078954850e-01 1.227197226933178342e+00 -7.441448000879847813e-01 5.682506569060180590e-01 1.452743102082121540e+00 -6.157827607966526173e-01 -1.026630454578775442e+00
5.164000000000000000e+03 4.684541629671321772e+01 6.179676490242631548e-01 2.027960594705474628e-01 -4.428922990445928465e-02 8.538538279509143569e-01 1.644986261179498532e-02 1.951676578373971571e+00 -1.330646981672375162e+00 2.718684714875024833e-02
5.265000000000000000e+03 4.758675558920513282e+01 -1.244635146706951634e-01 -5.879543954670733985e-01 9.707668271699513296e-01 2.517326412523315793e-02 -1.290374928883678773e+00 6.969446190669340568e-01 -1.162231202693106757e+00 -1.774423743509425888e+00
5.366000000000000000e+03 4.942962545817259468e+01 8.645639846094823611e-01 7.680231321574826353e-02 -8.755888431918271708e-01 -4.317009621213871995e-01 -6.545833791959621006e-01 -1.805678470703157679e+00 -1.677452174422811026e+00 -1.255567669317556145e+00
5.467000000000000000e+03 5.208123991287429533e+01 -4.003995926599176469e-01 4.698625929791467315e-01 -8.192999769719842007e-01 7.099596780101201654e-01 1.036294710637017946e+00 1.723301970393874338e+00 7.097819569913016435e-01 5.365323245366941940e-01
5.568000000000000000e+03 5.354762170197545146e+01 -2.107746973785929789e+00 -8.694198515433474439e-01 2.622271357938488201e-02 1.692364985853156201e+00 1.252737247633389783e-01 1.162002480854725794e+00 9.120728035871439321e-01 1.784065290223844968e+00
5.669000000000000000e+03 5.439244573603349409e+01 8.326641649683635960e-02 1.876485965784989052e+00 -6.417299499488799963e-01 -5.225647672001569877e-01 -8.287521856885567972e-01 -8.298907519512256359e-01 1.607795249288709094e+00 -2.595187262799205197e+00
5.770000000000000000e+03 5.794728187212598414e+01 1.270799363428887219e-03 -1.390074889635355193e+00 8.617238071281011491e-01 -7.111366740781788209e-02 7.991278924414567664e-01 -1.626195082890162569e+00 -2.341840032987542397e+00 -7.820889596832638624e-01
5.871000000000000000e+03 6.247671627966113306e+01 -4.065979453555366163e+00 5.595965431923410893e-01 -1.044835004408440016e+00 -2.192850773019739408e-01 -1.186216976068497964e+00 -1.004038781194359853e+00 3.966938004813744811e-01 2.352198522274799031e-01
