# l Dl_TT Dl_TE Dl_TB Dl_ET Dl_BT Dl_EE Dl_EB Dl_BE Dl_BB
7.050000000000000000e+01 1.681194909531355279e+03 -6.030710018918818527e+00 3.688030232880534776e+00 -5.474845726883303954e+00 -6.050347300335018552e+00 2.865676906660911127e-01 -5.643598778357063195e-02 1.065998974043010951e-02 2.152375933875994365e-02
1.065000000000000000e+02 2.711932193311040464e+03 -2.385661070460762545e+01 -4.839917929921787376e+00 -2.241134623553998750e+01 -2.117478804571820472e+00 8.048598979311849533e-01 5.399558590949684461e-02 4.343057487704959918e-02 1.830973223729761429e-02
1.425000000000000000e+02 4.165221255601218218e+03 -4.663250253062933837e+01 8.049295430479888047e-01 -4.141579380291690171e+01 3.738750922697591683e+00 1.180036408265590975e+00 5.043498445347398274e-03 1.353380020263406092e-02 1.857724082018507444e-02
1.785000000000000000e+02 5.213866852530476535e+03 -3.830189610718741733e+01 -1.854622282619945439e-01 -3.919883242426156045e+01 -8.697926681044876318e-01 8.329885888014652018e-01 -1.821561522551755005e-02 -1.694587053758363215e-02 3.442774947819755155e-02
2.145000000000000000e+02 5.608207904055760082e+03 5.932650681629112910e+00 -3.934103358246876070e+00 4.618260756129539679e+00 -9.636044209986230902e-01 8.259497182965191975e-01 -6.653845177648280013e-03 6.201766190173680499e-02 2.254348785477005776e-02
2.505000000000000000e+02 5.352759554410101373e+03 6.366639844354195077e+01 2.429124035613553723e+00 6.175908213853627160e+01 -9.933533701851838815e-01 2.466561015193083684e+00 7.576855719797367938e-02 7.086884948371542647e-03 1.300863390117440802e-02
2.865000000000000000e+02 4.683694962023423614e+03 1.085580806232395474e+02 1.966405454314241519e+00 1.155565074831403081e+02 -8.161112919821351674e-01 6.791608585495051642e+00 4.062397494795467329e-02 -1.167783045800271230e-02 1.170418924000940150e-02
3.225000000000000000e+02 3.230957462998365827e+03 1.167402372800913923e+02 3.475087536659829945e-01 1.150893698008683970e+02 1.180339983939243664e+00 1.303793176289570255e+01 7.785426056864568067e-02 7.576260767632347903e-02 4.342206174145944036e-02
3.585000000000000000e+02 2.339144703385638422e+03 7.407239138170601223e+01 1.074532869537855317e+00 7.952766411746458175e+01 1.640119846560622596e-01 1.896737671776632794e+01 1.735778563165270294e-02 5.818154927220670070e-02 6.489606556160053275e-02
3.945000000000000000e+02 1.797508640580727388e+03 1.176395055710595550e+01 7.359460032860764001e-01 7.240221911535863697e+00 -6.449763895477365061e-01 2.139763479966560311e+01 2.480341091092603811e-01 -7.357163596707046171e-02 9.850835343054949178e-02
4.305000000000000000e+02 1.730957188510594278e+03 -4.651655281883098780e+01 -3.194978628429770429e-02 -4.741606362344771242e+01 6.192376858641694959e-01 1.921657466146181292e+01 -5.953247380850769377e-03 -4.899349123069451917e-02 -1.334577272942500878e-02
4.665000000000000000e+02 2.148458055373226671e+03 -7.618738091334475371e+01 -5.300356063844019472e-01 -7.364697246040779532e+01 1.623608467813887124e+00 1.360225561968455210e+01 -9.051703969557757523e-02 3.800784361324693883e-04 9.784085473881949657e-02
5.025000000000000000e+02 2.461622006868665267e+03 -5.677391717492072587e+01 1.594433340035371183e+00 -5.640059685132472111e+01 -2.877461229801736575e-01 8.388294641484097980e+00 -2.948476472634607715e-02 2.391375472149789849e-02 1.045386224972453676e-01
5.385000000000000000e+02 2.592133622584814475e+03 -1.114234913635643132e+01 5.206412673696922955e-01 -1.178259154908044692e+01 1.092295291813622782e-01 7.266025674580216531e+00 -1.312200024985039903e-01 -4.185918364094112776e-02 8.521494159646884892e-02
5.745000000000000000e+02 2.398589106348837049e+03 2.211342345227655315e+01 -8.307486441120389697e-01 2.141055825538927593e+01 1.778102838217159753e+00 1.279122070955606816e+01 -1.087340151000816962e-01 -2.303394132381440113e-02 3.346390078840221979e-03
6.105000000000000000e+02 2.106902004092032257e+03 2.647037328012762103e+01 -1.665562209380951009e+00 2.382008126550320526e+01 -3.641809789141927656e-01 2.283611495750434983e+01 4.644518298051487221e-02 -3.293343027462734829e-02 9.243782636599940164e-03
6.465000000000000000e+02 1.894533211066496733e+03 -9.317986709819116697e+00 -1.022590347352222206e+00 -1.004240444829382106e+01 4.524724543639478402e-01 3.289457812136673454e+01 9.405087275921952816e-02 -3.992394184003826563e-02 1.299118494100295618e-01
6.825000000000000000e+02 1.803173689137170413e+03 -6.696011468650024767e+01 4.207014990603379356e-01 -6.652294613275191182e+01 2.066588128534145863e+00 3.717580062492611148e+01 4.377949395818563072e-02 -1.560605452206068333e-01 1.805988018800115391e-01
7.185000000000000000e+02 1.986126048241698300e+03 -1.211753720158014289e+02 5.395493684337538953e-01 -1.204999541373215663e+02 4.995793929012448675e-01 3.469948980634754321e+01 1.463260993207739780e-01 -2.124453253687393905e-01 4.808211421769832683e-02
7.545000000000000000e+02 2.270962506866601416e+03 -1.327694928195577972e+02 -9.171153011206295558e-01 -1.317559475174558088e+02 7.433932068285366013e-01 2.713672129882506567e+01 3.440882681823140277e-02 1.892084968994082322e-02 7.674281460585781478e-02
7.905000000000000000e+02 2.452430546647539813e+03 -9.962451093881915654e+01 -1.903352705366236908e-01 -1.005937024353158620e+02 -5.341076258793827636e-01 1.760151581682935884e+01 -1.810488653216754396e-01 -1.673580568570355587e-01 1.064730320530051649e-02
8.265000000000000000e+02 2.525106862930771058e+03 -4.249201390435322168e+01 2.684995564967952220e+00 -4.236977781432835855e+01 3.464065136561695346e-01 1.261899473025173535e+01 -5.829862587913450800e-02 -3.921757947454440618e-02 1.665072661441299173e-01
8.625000000000000000e+02 2.287423719873466780e+03 1.629320413960131475e+01 -5.585490849454707307e-01 1.722267077604196928e+01 -6.135246408297967413e-02 1.458840464212098098e+01 9.648217014089681409e-02 -1.079313981449623455e-01 2.035960276788234199e-02
8.985000000000000000e+02 1.884614466078612168e+03 5.236120047013139356e+01 -8.976654116908142633e-01 5.469884810778199125e+01 2.994664252676217941e-01 2.348772380903686141e+01 -1.876472483412268133e-01 5.990195978969072715e-02 -5.978770530229769037e-02
9.345000000000000000e+02 1.524701399104380243e+03 5.192090154576385430e+01 2.801916209778658740e-01 5.119816772090285895e+01 3.478934728708450441e-01 3.427415062690901948e+01 -4.764807320628264981e-02 -1.581468373285088713e-01 3.347007175623355202e-02
9.705000000000000000e+02 1.184685530989473818e+03 1.530213186539413250e+01 -1.151530867966275018e+00 1.406963537603494352e+01 -7.719448369351951111e-01 4.164068093776904078e+01 -2.168592269577928333e-01 1.224682319846619322e-01 1.013050829140287601e-01
1.006500000000000000e+03 1.078320112417562768e+03 -3.259032707507660120e+01 -8.466864370535643891e-01 -3.263522804631294605e+01 8.374274841705472427e-01 4.168485245978011022e+01 -1.186589860357570858e-01 -8.706824047144548495e-02 2.159626875799970369e-01
1.042500000000000000e+03 1.088460646755539756e+03 -6.772234746099633185e+01 5.627548150399889204e-01 -6.968216873183428106e+01 -1.004484095606733018e-01 3.539409252942499506e+01 1.231626964834665883e-01 6.124599766829898900e-02 9.541764895070474484e-02
1.078500000000000000e+03 1.181577999188369176e+03 -7.627722489536158434e+01 -1.441345289192450974e+00 -7.590538649244297176e+01 -9.166466582721372047e-02 2.541333762607821001e+01 -9.329371414267564194e-03 -5.332461644506153453e-03 2.995580502092624192e-02
1.114500000000000000e+03 1.250274032722769789e+03 -5.956782525443813370e+01 -8.091643611914527412e-01 -6.036024010647859939e+01 -6.596575753782634166e-01 1.707049408856494921e+01 1.133176582567871071e-01 -8.870632780269088746e-02 -1.210034253499026463e-01
1.150500000000000000e+03 1.229411433232189438e+03 -3.023924672224277543e+01 -7.896990214946304487e-01 -2.865878600818395938e+01 3.766483869839662990e-01 1.337291034172479698e+01 6.312219230615816190e-02 2.472358979370991444e-02 1.584940884423985952e-01
1.186500000000000000e+03 1.123626551440398771e+03 -2.530419048673276272e+00 -2.514543934113872004e-01 -2.866674763261148229e+00 -3.733022410309752570e-02 1.546796226781763295e+01 -1.565996890528822960e-01 -7.427797378303144238e-02 4.701993112384479645e-02
1.222500000000000000e+03 9.773753902596552052e+02 5.986435548392424977e+00 -1.235254868730248923e+00 4.996678979766215889e+00 3.095959515660666739e-01 2.152358619437498177e+01 1.585010435115335181e-01 -1.531080975639216024e-01 1.051500091370632523e-01
1.258500000000000000e+03 8.171114868284887507e+02 -4.239910025952131178e+00 7.120102052523162861e-01 -6.797703473761496085e+00 1.067484878291397044e+00 2.700876367612103834e+01 -1.684881081582214613e-01 2.242600849402062169e-01 -1.441236399854185432e-02
1.294500000000000000e+03 7.390882654059009838e+02 -2.815515983174637427e+01 7.626617350985359645e-02 -2.917757638410036236e+01 -4.202683536963870425e-01 2.997089042655947821e+01 5.208499448126074904e-02 6.133813120390387008e-03 7.389588582305813003e-02
1.330500000000000000e+03 7.275895838715990749e+02 -5.155054039346186556e+01 -7.502540374278147128e-01 -5.038700443732532364e+01 6.610419139067548189e-01 2.901020358892546014e+01 3.653437432608338392e-02 2.081275885851788798e-01 1.719025200814094101e-01
1.366500000000000000e+03 7.882143059891122903e+02 -5.864527694427288651e+01 1.515560369236970129e-01 -5.970654583880433819e+01 -8.500126293101043506e-01 2.349235228464409886e+01 -3.350817911909972358e-01 -7.383835862796878091e-02 6.903590739237130958e-03
1.402500000000000000e+03 8.200321336328822781e+02 -5.359783727045957136e+01 -9.599313894902788968e-01 -5.448910506396114783e+01 4.244465926485111451e-01 1.662603344334117850e+01 -1.232798882104127192e-01 2.693114629335622082e-02 2.572940038451036471e-01
1.438500000000000000e+03 8.263316030595963184e+02 -3.424533802931641446e+01 6.495001260936842380e-01 -3.513603878497028177e+01 5.574427942922781654e-01 1.233993990162841925e+01 9.277657627859149658e-02 -1.999006406423630422e-01 -9.648925028281971072e-02
1.474500000000000000e+03 7.688135685562381241e+02 -1.300204302649855848e+01 5.892679255357331503e-01 -1.278890326206325589e+01 -9.699451715753225622e-01 1.142852874371102345e+01 1.039316997290512246e-01 -9.279511832927789250e-02 -4.600802592290310911e-02
1.510500000000000000e+03 6.765104096963741540e+02 3.112062736171540056e+00 1.388857394311501459e+00 2.877718293059633226e+00 2.954747679860982301e-01 1.369995992345107183e+01 2.238044724972863830e-01 1.164483517108454436e-01 1.026072669353373379e-01
1.546500000000000000e+03 5.624620841821219983e+02 7.039912296866348562e+00 2.943269392814802377e-01 5.721580280291071574e+00 -2.957178545952142690e-01 1.691672273030103923e+01 1.663058514044895020e-01 1.955218422348854457e-01 -6.906814971516973822e-02
1.582500000000000000e+03 4.730697793201641161e+02 -1.314597894153984203e+00 7.798453986288667039e-02 -3.321729116158294026e-01 4.685946042831859448e-01 2.006087239581990644e+01 -1.753812813644608226e-01 -1.652836342447371043e-01 1.434049384833907537e-03
1.618500000000000000e+03 4.239329139804004853e+02 -1.402341676679301230e+01 3.127527153972983198e-01 -1.457567788211702364e+01 -6.876917172442718051e-01 2.048462311657308277e+01 -2.969449529127166088e-02 2.203691977368550659e-01 2.160032778868089531e-01
1.654500000000000000e+03 4.045452453445207084e+02 -2.511851426088114891e+01 5.369254777690257718e-02 -2.538480590844883977e+01 -4.602922091520227355e-01 1.854253507983137439e+01 8.350227242910154835e-02 5.808975514000946916e-02 2.958728509791004879e-01
1.690500000000000000e+03 4.147315977151303059e+02 -2.842758893569875411e+01 -3.199131715086737660e-01 -2.865097469621833071e+01 1.135765735018112732e-03 1.447311509718512923e+01 1.798381290684040179e-01 9.465937963777143471e-02 2.361667483352114516e-01
1.726500000000000000e+03 4.147195542193808819e+02 -2.702015942322327291e+01 -4.950282578392559696e-01 -2.722042133514683115e+01 -1.108541061556199470e+00 1.119829062744980064e+01 1.629199607280501505e-04 -3.189177293763651444e-01 1.082328104126927815e-01
1.762500000000000000e+03 4.029273303877107537e+02 -1.871732119477140088e+01 5.688964307720905111e-01 -1.836172170154402750e+01 -1.905129215736134085e-01 8.560488216326788802e+00 -3.557867347101562050e-02 3.416445021312245617e-02 -1.220909826354070887e-01
1.798500000000000000e+03 3.804557824220278235e+02 -9.401006690717935044e+00 -4.895371459619900500e-01 -1.027063669194948403e+01 -8.249774773138812689e-01 7.769013197835193729e+00 -3.251267776978066654e-02 -3.990383571377666971e-01 3.425719989627331596e-01
1.834500000000000000e+03 3.399022900876685185e+02 -5.463427397430800525e+00 6.014500630670427395e-01 -5.525169469552420054e+00 -5.042576490922732191e-01 8.528417103939323951e+00 4.124277733089717901e-02 5.154424393172687968e-02 -5.745545251555012750e-02
1.870500000000000000e+03 2.983259228477594434e+02 -6.144015374873770696e+00 1.046288385986591907e+00 -6.132357409500714951e+00 7.469857675274598208e-01 1.003724219092589820e+01 -1.941038323068471350e-01 2.698819504407400927e-01 2.440950940648550227e-01
1.906500000000000000e+03 2.718475603211935550e+02 -9.755691000601515839e+00 -1.241520095244204036e+00 -9.359318648611925084e+00 -5.242253479331153709e-01 1.110649687534340657e+01 -2.769085286028920290e-03 2.160082618156581868e-01 -2.693920176035797254e-01
1.942500000000000000e+03 2.548514388934837598e+02 -1.433760671487169702e+01 8.246815728134639922e-01 -1.427220268642774847e+01 -5.570530624152341126e-01 1.118817627620989441e+01 2.138961920319536747e-01 2.193160860332247011e-02 -1.295603561188919395e-01
1.978500000000000000e+03 2.551890736759682454e+02 -1.717492946158233735e+01 1.377053812372744268e+00 -1.719900860559812017e+01 2.671138587800832020e-01 9.511013049320904855e+00 1.317997429232054540e-01 -2.028169655280704919e-01 1.918882154693379860e-01
2.014500000000000000e+03 2.545994269705390138e+02 -1.768847517654282342e+01 1.400071532983114597e+00 -1.758021346981594490e+01 -4.323785486059944505e-01 7.863799287316743936e+00 -2.974103564007218869e-01 1.071029375726016697e-01 -1.401013076883770581e-01
2.050500000000000000e+03 2.493410354823473654e+02 -1.390269964623760401e+01 1.769492251147939954e-01 -1.366469453941468437e+01 -3.127912858103159555e-01 6.925526419340615192e+00 -1.514612131627423586e-01 -2.657737042776997516e-01 9.060672485359616557e-02
2.086500000000000000e+03 2.370772152039551770e+02 -9.646656241709887780e+00 5.401369783186370510e-01 -1.008000471467758885e+01 8.602832670691943351e-01 5.251208662017217144e+00 -1.007332388180798288e-01 -2.117135032168222242e-01 9.014656844262677882e-02
2.122500000000000000e+03 2.167425257420426021e+02 -5.383207409821544331e+00 -4.243467900343068089e-01 -4.353503158272129525e+00 -8.160813465707721370e-01 5.047313223065843957e+00 3.823532931016102032e-02 -2.398329063151703189e-01 -4.485508472009330783e-02
2.158500000000000000e+03 1.953913739663011029e+02 -3.692919915603081193e+00 -2.133467566730136156e-01 -3.472086624237270769e+00 -3.287432133167334514e-01 5.285254521254927340e+00 4.953130605314733093e-02 -2.052527358646467626e-01 -2.330260258259173045e-02
2.207000000000000000e+03 1.670429616254627945e+02 -4.216763938352229957e+00 -5.124290130422657352e-01 -3.888108751532974416e+00 5.378741252271983242e-02 6.125450662455452999e+00 1.661136994359052599e-02 1.397345796815895325e-01 -2.395576359853611795e-02
2.268000000000000000e+03 1.483986331562442160e+02 -6.872134958505784930e+00 -1.584784437415328595e-01 -6.326520354585419170e+00 -5.833008049067023304e-01 6.055864158115173979e+00 -1.452179492594160570e-01 -5.768246083782174738e-02 1.016962900911807799e-01
2.329000000000000000e+03 1.411807335871108080e+02 -8.434147525860813843e+00 4.364020324297799291e-01 -8.169096143935313137e+00 -1.978301447458677143e-01 4.265100998888874173e+00 1.186697040102304701e-01 1.230026911619855889e-01 -8.806816727256322475e-02
2.390000000000000000e+03 1.342544923568188437e+02 -5.629515972822050962e+00 -2.533338306109496063e-01 -5.374945959863045353e+00 -1.119791610344895161e-01 3.326789213644689713e+00 4.597782811606803549e-02 1.338959126168706437e-01 1.241332956184581782e-01
2.451000000000000000e+03 1.215627398784918967e+02 -3.463988161073508376e+00 -1.406122023990710179e-01 -3.256175694836350054e+00 4.105799018895756047e-02 2.626227692466694741e+00 3.312958144675462457e-02 1.671198679714964164e-01 -2.663205792985983145e-01
2.512000000000000000e+03 1.083261188434745179e+02 -3.054088745304733177e+00 -2.637803887733844999e-01 -2.967804191210777098e+00 -3.503486217535942693e-01 3.499995956376821482e+00 -8.561260934183248517e-02 -2.741348356771506900e-01 5.272815029868798131e-01
2.573000000000000000e+03 1.005442823299851796e+02 -4.600935794239144450e+00 -1.126888422085138147e-01 -3.931379884047849771e+00 9.088329028729047465e-01 3.126594294519535300e+00 -4.146153632393062560e-02 -3.364255350917049192e-01 -9.661894432573556180e-02
2.634000000000000000e+03 9.663922678665559829e+01 -4.085499274641792411e+00 -3.606943715333112976e-01 -4.150328483306974015e+00 6.136174792890298768e-01 2.170889104560848715e+00 -4.660879125705419401e-02 1.259595147213050936e-01 -1.898388416941518553e-01
2.695000000000000000e+03 9.365119762031997652e+01 -3.313347394278332469e+00 8.762102412640560001e-02 -3.514894297932084299e+00 -2.697075751524501963e-01 1.650189978732875762e+00 2.104856048531247026e-01 7.746115124337898949e-02 -2.488910269573749445e-01
2.756000000000000000e+03 8.631378957444702849e+01 -1.815288335063964809e+00 -4.599002431308149008e-01 -1.754800273502585384e+00 2.956109074802667491e-01 1.427047720713511270e+00 2.768375761477269714e-01 4.818199520197751218e-01 2.011710265448075213e-02
2.817000000000000000e+03 7.942924832190198003e+01 -2.261625051625292482e+00 -3.583816540575734400e-01 -2.157493145473408092e+00 -9.988982836314849734e-02 2.035496763945268572e+00 6.282284869781300241e-02 -5.194246038391266834e-02 1.372651313750011814e-01
2.878000000000000000e+03 7.470721232507111154e+01 -1.776193792879181554e+00 1.484887170783062427e-01 -1.908073012834718751e+00 -1.732593943184195240e-01 1.873790152433715717e+00 -5.664019156785611575e-02 1.674265333228738828e-01 -3.379767346643123838e-01
2.939000000000000000e+03 7.086471881216223778e+01 -1.847026911409987537e+00 3.933636983908626039e-01 -1.260818670643855333e+00 2.866745148315426317e-02 1.304836971168413129e+00 -1.428088714583919949e-01 1.207390215327923955e-01 2.957029339027193726e-02
3.000000000000000000e+03 7.023048513705504092e+01 -1.683723917002734272e+00 2.429113487481634748e-01 -1.787149757382955562e+00 -6.721815170046783194e-01 1.002614630301154053e+00 -1.604764360683267332e-01 -3.666630619938233138e-01 3.000720269999512801e-02
3.061000000000000000e+03 6.793773345069358527e+01 -1.124320198334274989e+00 6.382837558131093658e-02 -1.364245648288544999e+00 4.154555993957189663e-01 6.641214762892241330e-01 4.943503061588397363e-02 6.230251640135170410e-02 1.597838102302926999e-01
3.122000000000000000e+03 6.591031630233743499e+01 -9.900997333361618580e-01 1.305118709521404796e-01 -8.183688176946906090e-01 2.583713485020565637e-01 7.679275095373692128e-01 4.920176803101173890e-01 -6.436287509957514530e-01 -4.843391495312728001e-02
3.183000000000000000e+03 6.356197456954151903e+01 -4.177114962643704854e-01 3.203576378314617057e-01 -7.603301091851694116e-01 4.227949836384385929e-01 -2.201432365246316913e-01 -3.915480785639136596e-01 2.800898480872177077e-01 3.942465284465092035e-01
3.244000000000000000e+03 6.364609778656081573e+01 -1.793716382582900559e-01 2.695596712016780083e-01 -8.709026961983958870e-01 -6.936568830748470749e-01 9.172014696151833402e-01 8.334271223634751036e-02 -4.136842838627725616e-01 2.786365779726076575e-01
3.305000000000000000e+03 6.323594497781746782e+01 -1.129415375915931996e-02 2.696042807166099675e-01 -1.130247670870422994e+00 1.282663222917242440e-01 7.424482363664062223e-01 -4.700224902673731386e-01 -3.742403109309780929e-01 -1.426108023694513394e-01
3.366000000000000000e+03 6.223096721422898270e+01 -1.159324453244670039e+00 5.532559693904594289e-02 -1.092770320708128962e+00 -5.950212499243132669e-01 8.846377667299956116e-01 -1.198926255543969477e-02 2.410527381088143350e-01 1.333606983346514729e-01
3.447000000000000000e+03 6.181278653261603040e+01 -6.515419610688119034e-01 -3.107663291192008237e-01 -5.962338116589158132e-02 -2.439945478233744303e-01 4.589526178973347692e-01 1.867752064596383543e-01 5.746184296910150646e-01 2.765064916802258133e-02
3.548000000000000000e+03 6.213967632555723242e+01 -3.069771157904979675e-01 -2.534284203166003446e-01 5.909753181970345270e-02 -2.490904582185661797e-01 4.073910574407744734e-01 -5.579878527078705464e-01 2.822110791443618871e-02 3.606201284630686232e-02
3.649000000000000000e+03 6.320087717565835561e+01 -5.272500541938428542e-01 -5.410393156243952228e-01 -5.343349060625829372e-02 -3.269191564529992655e-02 6.610775828623903783e-01 5.064003723217527786e-02 1.118452765465399734e-01 2.283256269356418733e-01
3.750000000000000000e+03 6.413218289563542385e+01 -5.732737017276290370e-02 1.208501131164737563e-01 -6.473213700113840119e-01 3.003695556017211832e-01 2.695385261872211835e-01 -3.088950668164340829e-01 -3.349354922486801056e-02 -3.998165972733114248e-01
3.851000000000000000e+03 6.582495558098551669e+01 -2.968962239910394318e-01 -3.938190136296926269e-01 -2.651469307059181602e-01 -3.948473599282910085e-01 7.779081195874192334e-01 -5.127692958092783249e-01 5.444359600512973518e-01 1.501018036508343645e-01
3.952000000000000000e+03 6.806948101811359209e+01 -9.942696462923217293e-02 -1.925464809585793191e-01 -4.079785386054413099e-01 -1.977630300289362764e-01 -3.202559556728229451e-02 6.751087587338466811e-01 -3.190366983778273324e-01 -3.226854096031320229e-01
4.053000000000000000e+03 6.944823522964270524e+01 -7.110623467186993896e-01 1.029153903850248963e-01 -2.596830504026056419e-01 -3.333934715158350937e-01 -8.469864305676672034e-03 8.114612138770408434e-01 -1.101702512555592511e-01 2.390910562319275567e-01
4.154000000000000000e+03 7.081251881724898567e+01 -4.013325682402039130e-01 7.691339062034934226e-01 -1.673691558881202024e+00 3.772246277956722293e-01 9.962049749591543879e-01 7.638519246351777037e-02 -3.940516381650477351e-01 8.542568943026775941e-01
4.255000000000000000e+03 7.444570979888504780e+01 -4.986957711105233781e-01 7.036501884807455642e-01 -1.085683201503991668e+00 4.052445236545758056e-01 -6.339169450566596309e-01 -2.809065315680077043e-02 -5.591404118811643675e-01 2.535625854053306649e-01
4.356000000000000000e+03 7.667375969354588960e+01 1.963688646430797324e-01 5.899423533006958875e-01 1.091216722149238177e-01 -1.197859288522407084e-02 7.789479380464201519e-01 1.281318421709293498e-01 -1.081136062857057933e-01 8.887718507747564833e-02
4.457000000000000000e+03 7.738483315159621156e+01 -2.882610335071930097e-01 -3.233278189652050716e-01 -1.262199389209618661e-01 -8.350207260336937054e-01 1.051464266697284655e+00 -2.168297758659597507e-01 7.427909538929367006e-01 3.861036123493756800e-01
4.558000000000000000e+03 8.166736321688580347e+01 -1.085176914589393693e+00 -5.635205914588463649e-01 -9.954999594446165001e-02 3.392711029407790013e-01 -7.549115810437936336e-01 -7.245708185627560693e-01 6.988147707710945511e-03 -1.076849079284737165e+00
4.659000000000000000e+03 8.416360043990439976e+01 2.286879719237164821e-01 -6.704635663593341843e-02 -4.145974186688974328e-01 7.537232966076551355e-01 -5.745091438496047198e-01 -2.217426204341600149e-01 -4.911226209355051830e-01 -7.022160090944769006e-01
4.760000000000000000e+03 8.652405686172498633e+01 -5.562241625529300570e-01 5.015925480753289367e-01 -4.064331349344986188e-01 4.098346126167741188e-01 -4.049289219880050084e-01 -5.542154313642171093e-02 -2.329887405304590098e-01 -7.624500234479985039e-01
4.861000000000000000e+03 8.997311682526247978e+01 -1.926398048420756570e-01 -3.163477913506420602e-01 -8.318604040000951994e-01 -1.603557039491445291e-01 3.856525151347479641e-01 8.819632851702039478e-01 -4.622241735766807746e-03 -4.917631850236506286e-01
4.962000000000000000e+03 9.276583729467370176e+01 -1.317356660346931108e+00 6.615775384966632311e-01 3.991552215816944471e-02 2.508436384270861241e-01 8.567381226104047176e-01 -2.549033208707527365e-01 5.253527048563421120e-01 -9.940019697147532973e-01
5.063000000000000000e+03 9.620239648364201912e+01 3.088692506352967437e-01 -1.217834525055163930e-01 5.711639806665496089e-01 4.014027039333180058e-01 3.906986966241021708e-01 -2.765956901170374405e-01 6.998435648971007561e-01 -1.365954806153821810e+00
5.164000000000000000e+03 9.940311649224761936e+01 -2.222894798466157340e-02 3.542207809272285290e-01 1.254690486593538490e-01 -4.569568717509079336e-01 -3.968189123225449033e-01 -2.033201848936494471e-02 4.400353503614592432e-01 2.881417269428724337e-01
5.265000000000000000e+03 1.018117006617041511e+02 -4.858466667769030800e-01 1.026568879151700031e+00 1.933859295285791369e-01 1.166921972947571051e+00 -3.434379677416375953e-01 7.939898903094252947e-02 -3.628051495683238814e-01 4.102768574258153222e-02
5.366000000000000000e+03 1.045762485327930875e+02 2.882627414901953178e-01 9.045859705576146936e-01 1.040302344650945732e-01 -3.870960480868850251e-01 -7.235594574396961853e-01 -1.407624859878748858e+00 -1.752804896523071365e-01 -7.847662427084040049e-02
5.467000000000000000e+03 1.096095354014552186e+02 3.522587218937394127e-01 -3.097784190617224320e-01 -2.932049331052642982e-01 -1.950770855804329074e-01 -1.280156665900276103e-01 -6.507817408719839269e-01 -2.677132617389443858e-01 3.749718678903417590e-01
5.568000000000000000e+03 1.114207320666133114e+02 -6.266779465236892444e-01 6.162400876323943510e-01 1.165539066708817906e+00 3.835276018465366699e-01 1.316607847695504541e-01 1.265442267552618349e-01 2.289093522674545134e-01 -4.081471807243454153e-01
5.669000000000000000e+03 1.150427528137726796e+02 9.035136818065403475e-01 6.403899716937400122e-02 -4.185235276817141359e-01 4.492344596981129312e-02 1.165581533762525490e+00 6.568804500348969233e-01 -4.310637244780566313e-01 -1.244211388126556850e+00
5.770000000000000000e+03 1.176354109829044177e+02 1.209879012634325290e+00 2.603174235966086436e-01 -3.596065638727229397e-01 2.080501074065427558e-01 -1.307890796237829167e-01 -4.609552507710236169e-01 -1.417564293074999426e+00 4.066078481725963201e-01
5.871000000000000000e+03 1.237881553033140847e+02 -1.472729487534618187e+00 2.972385867908945017e-02 9.529103289434320834e-03 8.488198226185368345e-01 3.099699840815048901e-01 5.640704910987596188e-01 -8.022827141093182846e-01 -8.354136720564486751e-01
