# l Dl_TT Dl_TE Dl_TB Dl_ET Dl_BT Dl_EE Dl_EB Dl_BE Dl_BB
7.050000000000000000e+01 6.705907856069569561e+02 -5.020865210762180730e+00 1.881633685054419303e+00 -5.020865210762180730e+00 1.881633685054419303e+00 2.512611352402971954e-01 2.952372135996724628e-02 2.952372135996724628e-02 -1.140588920817095925e-01
1.065000000000000000e+02 2.688723792653332112e+03 -2.435067885677501920e+01 1.038512617044776487e+00 -2.435067885677501920e+01 1.038512617044776487e+00 7.690830198752071079e-01 8.517190588820562624e-03 8.517190588820569563e-03 5.405473562665259052e-03
1.425000000000000000e+02 4.966304347951706404e+03 -4.908190593681569425e+01 2.735147685936329065e+00 -4.908190593681569425e+01 2.735147685936329065e+00 1.057986285285590577e+00 4.311710994603808189e-02 4.311710994603806801e-02 1.569134199678391683e-02
1.785000000000000000e+02 4.991123689391090011e+03 -3.453407126793851489e+01 2.891262149043885898e+00 -3.453407126793851489e+01 2.891262149043885898e+00 8.757654739370445141e-01 -4.276373834769289090e-02 -4.276373834769289783e-02 -1.212670669422558078e-01
2.145000000000000000e+02 5.985641700549909729e+03 -1.482723139035967197e+00 1.674146742983015912e+00 -1.482723139035967197e+00 1.674146742983015912e+00 5.457484099561313862e-01 1.996302025306585098e-02 1.996302025306584751e-02 -1.767807927834335047e-01
2.505000000000000000e+02 5.618322130134221879e+03 6.148379546592171607e+01 -2.234654308147602020e+00 6.148379546592171607e+01 -2.234654308147602020e+00 2.586692896756034532e+00 1.836179860194616514e-02 1.836179860194616514e-02 -2.431744402295130808e-02
2.865000000000000000e+02 4.391926776264798718e+03 1.040794950035487716e+02 2.139646466014452297e+00 1.040794950035487716e+02 2.139646466014452297e+00 6.867096263346852858e+00 1.632671900647477137e-01 1.632671900647477137e-01 7.510886454959744829e-02
3.225000000000000000e+02 3.377184820886956004e+03 1.144730953890837668e+02 -3.009263945706419086e-01 1.144730953890837668e+02 -3.009263945706419086e-01 1.302643768011114567e+01 -2.193638372614956644e-01 -2.193638372614956644e-01 3.426115977952107206e-01
3.585000000000000000e+02 2.361252346765083530e+03 7.694588189355036434e+01 1.274293131854863814e+00 7.694588189355036434e+01 1.274293131854863814e+00 1.914752320417242970e+01 -9.137506498158204371e-02 -9.137506498158201595e-02 2.436770918386503004e-01
3.945000000000000000e+02 1.854545671541504362e+03 1.327584992212844739e+01 1.130650761437837382e+00 1.327584992212844739e+01 1.130650761437837382e+00 2.118919788570703844e+01 1.023338211772420181e-01 1.023338211772420181e-01 2.171177239948093307e-01
4.305000000000000000e+02 1.794888313730232539e+03 -5.059190413771865735e+01 1.308603134151041514e-01 -5.059190413771865735e+01 1.308603134151041514e-01 1.851140018298175605e+01 -1.389702890358616161e-01 -1.389702890358616438e-01 -1.496691701079244478e-02
4.665000000000000000e+02 2.109618786402238129e+03 -7.158769616816992709e+01 1.621611156420986077e+00 -7.158769616816992709e+01 1.621611156420986077e+00 1.318452185876562055e+01 -9.292569119785751286e-02 -9.292569119785748510e-02 1.203453138577944143e-01
5.025000000000000000e+02 2.466930112820186878e+03 -5.561488186865701522e+01 -1.224541837391155408e+00 -5.561488186865701522e+01 -1.224541837391155408e+00 8.168159491626530766e+00 2.948583925094620528e-01 2.948583925094620528e-01 2.391719634460445602e-03
5.385000000000000000e+02 2.612301910494481035e+03 -1.201785872716358483e+01 -8.499500921493526873e-01 -1.201785872716358483e+01 -8.499500921493526873e-01 7.815159144747551245e+00 1.940381931252070369e-01 1.940381931252070924e-01 3.633130881054274369e-02
5.745000000000000000e+02 2.489886334605143020e+03 2.349295260027519561e+01 -4.714396419624045098e-02 2.349295260027519561e+01 -4.714396419624045098e-02 1.303704788742625276e+01 -9.534450908222816268e-03 -9.534450908222795451e-03 9.729577723798325806e-02
6.105000000000000000e+02 2.204427727600893377e+03 2.546829222981679663e+01 -2.858181659352227122e+00 2.546829222981679663e+01 -2.858181659352227122e+00 2.391558339831965085e+01 4.280221168928985964e-01 4.280221168928985964e-01 3.959098438802309550e-02
6.465000000000000000e+02 1.876725736892525902e+03 -6.676731605830447336e+00 1.177085395242332133e+00 -6.676731605830447336e+00 1.177085395242332133e+00 3.346814611308621323e+01 -2.350663019720765634e-01 -2.350663019720765634e-01 -1.559254047218760764e-01
6.825000000000000000e+02 1.848578155718530297e+03 -7.148687112440313740e+01 -6.308382087216610756e-01 -7.148687112440313740e+01 -6.308382087216610756e-01 3.811275859274888944e+01 -2.560964876724742822e-01 -2.560964876724742267e-01 2.814613050882642381e-02
7.185000000000000000e+02 1.998825793605605895e+03 -1.180565862765864722e+02 1.613131024797048729e-02 -1.180565862765864722e+02 1.613131024797048729e-02 3.551171131695195271e+01 9.630865208863710614e-02 9.630865208863712001e-02 7.342353333934144299e-02
7.545000000000000000e+02 2.247601142682246973e+03 -1.280368435907521132e+02 6.184220517079876966e-01 -1.280368435907521132e+02 6.184220517079876966e-01 2.653696850844627875e+01 2.953701729681763866e-02 2.953701729681764560e-02 6.088947373643486399e-02
7.905000000000000000e+02 2.515583342970809554e+03 -1.037985893017670094e+02 1.219005880993419000e-01 -1.037985893017670094e+02 1.219005880993419000e-01 1.782252556493872930e+01 4.703159644928377181e-02 4.703159644928379263e-02 4.962429607591618552e-01
8.265000000000000000e+02 2.518203322642080821e+03 -4.564659300571057088e+01 -3.240644275376897698e-01 -4.564659300571057088e+01 -3.240644275376897698e-01 1.259321157286913540e+01 -5.733618946792354287e-02 -5.733618946792350124e-02 2.088800773973355229e-01
8.625000000000000000e+02 2.359857396625783622e+03 1.541953833844191557e+01 1.110135851120998218e+00 1.541953833844191557e+01 1.110135851120998218e+00 1.512930065848153127e+01 2.659112698625186177e-01 2.659112698625185622e-01 -7.393113124215044962e-02
8.985000000000000000e+02 1.953655729523311265e+03 6.004833190874684590e+01 -3.127210621233700305e+00 6.004833190874684590e+01 -3.127210621233700305e+00 2.284896873482896851e+01 1.092557143454488539e-01 1.092557143454489232e-01 3.637884499133790528e-01
9.345000000000000000e+02 1.556461314394383407e+03 5.215245351638175464e+01 6.479247660664234632e-01 5.215245351638175464e+01 6.479247660664234632e-01 3.383728475927300394e+01 2.175482974241483014e-01 2.175482974241484124e-01 4.236471720485604497e-01
9.705000000000000000e+02 1.246270270078545082e+03 1.441027454598338409e+01 -1.447553484215965636e+00 1.441027454598338409e+01 -1.447553484215965636e+00 4.195437588715675759e+01 4.855982131008967917e-02 4.855982131008965141e-02 1.211991432935543705e-01
1.006500000000000000e+03 1.102305556182399414e+03 -3.096147292658528372e+01 6.606586396124349836e-01 -3.096147292658528372e+01 6.606586396124349836e-01 4.054679331664279118e+01 2.657129852536218584e-01 2.657129852536218029e-01 6.885504031603850716e-02
1.042500000000000000e+03 1.114531522410273055e+03 -6.664209841498190201e+01 -9.545639185167964502e-02 -6.664209841498190201e+01 -9.545639185167964502e-02 3.513387581958227912e+01 1.682247480611180901e-01 1.682247480611181456e-01 4.476900112948412058e-02
1.078500000000000000e+03 1.208142092426210638e+03 -7.787394941786837421e+01 -5.438000931048159181e-01 -7.787394941786837421e+01 -5.438000931048159181e-01 2.574050460310706256e+01 -1.185864714554243221e-01 -1.185864714554242944e-01 -5.303776661307346187e-03
1.114500000000000000e+03 1.276020309334018748e+03 -6.253647644545532813e+01 -7.491525180133586925e-01 -6.253647644545532813e+01 -7.491525180133586925e-01 1.692380066748897605e+01 -1.535806338610226640e-01 -1.535806338610226085e-01 -1.756203662795196574e-01
1.150500000000000000e+03 1.260298316081864414e+03 -2.897626358527546842e+01 -3.090402385193141477e+00 -2.897626358527546842e+01 -3.090402385193141477e+00 1.366630935544064762e+01 2.634145996967244274e-01 2.634145996967244274e-01 3.125762958465008179e-01
1.186500000000000000e+03 1.150765149537475736e+03 -3.494899055410407129e+00 1.621249853791665529e+00 -3.494899055410407129e+00 1.621249853791665529e+00 1.496568957298346803e+01 -1.797689443087667205e-01 -1.797689443087667205e-01 4.208801618661042743e-01
1.222500000000000000e+03 9.980251069866133093e+02 7.890190350298698974e+00 -1.276725008250527038e+00 7.890190350298698974e+00 -1.276725008250527038e+00 2.177288713122140962e+01 4.111880254044978922e-01 4.111880254044979477e-01 -1.177920911213246324e-01
1.258500000000000000e+03 8.510451143685228317e+02 -2.903095914270365618e+00 -6.281869142779262782e-01 -2.903095914270365618e+00 -6.281869142779262782e-01 2.689499304483264197e+01 -3.114432870537677256e-01 -3.114432870537678366e-01 -1.874099354610525292e-01
1.294500000000000000e+03 7.810515211360586818e+02 -2.795030290058087985e+01 -1.081193005538372276e+00 -2.795030290058087985e+01 -1.081193005538372276e+00 3.015905385293583407e+01 -2.520517902855675119e-01 -2.520517902855674564e-01 -8.367457393142374578e-02
1.330500000000000000e+03 7.779375559882406606e+02 -5.072238506798886704e+01 1.238223513927591224e+00 -5.072238506798886704e+01 1.238223513927591224e+00 2.945184115194718899e+01 -4.885542453924043294e-01 -4.885542453924044404e-01 -3.676407162386989835e-01
1.366500000000000000e+03 8.338653027196662606e+02 -6.219073885319993167e+01 1.301568531505968851e-01 -6.219073885319993167e+01 1.301568531505968851e-01 2.299472872769587184e+01 3.171216663390079571e-01 3.171216663390079571e-01 -3.510191494824849157e-01
1.402500000000000000e+03 8.556262588711515491e+02 -5.502632303327860086e+01 -8.897281170604034450e-01 -5.502632303327860086e+01 -8.897281170604034450e-01 1.679762294565756520e+01 -2.496765919227673935e-01 -2.496765919227672825e-01 1.082682659539543901e-01
1.438500000000000000e+03 8.708965884963797635e+02 -3.466083485106706519e+01 -9.108652165816677471e-02 -3.466083485106706519e+01 -9.108652165816677471e-02 1.211012917369090403e+01 4.293895879237237256e-01 4.293895879237238367e-01 -1.563288973500797929e-01
1.474500000000000000e+03 8.015717363794252606e+02 -1.062153336594190378e+01 -7.876898515972209358e-01 -1.062153336594190378e+01 -7.876898515972209358e-01 1.189312664391649577e+01 -1.050230316104707462e-01 -1.050230316104705797e-01 8.113213115327724267e-01
1.510500000000000000e+03 7.049584280860580066e+02 3.582633688780694214e+00 -3.667443816557981462e-01 3.582633688780694214e+00 -3.667443816557981462e-01 1.362065866933504488e+01 -1.930837993199906177e-01 -1.930837993199904512e-01 5.120391505916911390e-01
1.546500000000000000e+03 6.010281089896154754e+02 6.100619755344942163e+00 1.643868180530206891e-01 6.100619755344942163e+00 1.643868180530206891e-01 1.659840221413439210e+01 3.527919866634336987e-01 3.527919866634336432e-01 -9.240436423199856197e-02
1.582500000000000000e+03 5.236221538422801132e+02 -1.423096579003505058e+00 -3.030369101581967262e-01 -1.423096579003505058e+00 -3.030369101581967262e-01 2.131417737213542551e+01 -1.074972647989109742e-01 -1.074972647989110575e-01 -2.097075478630437417e-01
1.618500000000000000e+03 4.663058294652976201e+02 -1.448793008091256951e+01 -2.926548487468669801e-01 -1.448793008091256951e+01 -2.926548487468669801e-01 2.059628238877225570e+01 2.887126709009108505e-01 2.887126709009107395e-01 -1.010563769880707952e+00
1.654500000000000000e+03 4.443798993740388710e+02 -2.586201286626767981e+01 5.292366138999714531e-01 -2.586201286626767981e+01 5.292366138999714531e-01 1.930272499056042790e+01 3.970363956088035495e-01 3.970363956088035495e-01 1.909191651539992457e-02
1.690500000000000000e+03 4.674020538122288144e+02 -3.067184514212777913e+01 -2.384727312175956904e+00 -3.067184514212777913e+01 -2.384727312175956904e+00 1.513539928361807085e+01 2.926417148543740132e-01 2.926417148543740687e-01 2.433441078390642942e-01
1.726500000000000000e+03 4.700045179703326994e+02 -2.622542152207709876e+01 -2.334511594859952632e-01 -2.622542152207709876e+01 -2.334511594859952632e-01 1.148529664651098514e+01 4.359152000019040907e-01 4.359152000019042572e-01 -1.256684039560876376e-01
1.762500000000000000e+03 4.527110045021978522e+02 -1.783320957346228397e+01 9.814700443022872367e-01 -1.783320957346228397e+01 9.814700443022872367e-01 8.431867477338833794e+00 2.504789513597532880e-01 2.504789513597530659e-01 6.049326018463833110e-01
1.798500000000000000e+03 4.404046699159760010e+02 -1.017651590849587251e+01 -1.285077955600646415e+00 -1.017651590849587251e+01 -1.285077955600646415e+00 8.028570047817288113e+00 -1.722979920691964928e-01 -1.722979920691964650e-01 5.768052570682894453e-01
1.834500000000000000e+03 3.913737648476996469e+02 -5.789868352142088170e+00 1.267139678239205258e-01 -5.789868352142088170e+00 1.267139678239205258e-01 8.145635255565565558e+00 -4.537633379320521465e-01 -4.537633379320519800e-01 -1.031715502937379014e+00
1.870500000000000000e+03 3.610920815875765584e+02 -6.945867505822707955e+00 -1.069680173318052485e-01 -6.945867505822707955e+00 -1.069680173318052485e-01 9.735157425539497922e+00 3.910032029101477291e-01 3.910032029101474516e-01 -5.029348384844972708e-01
1.906500000000000000e+03 3.283493056982214853e+02 -8.164058202073658066e+00 1.410901659584020029e+00 -8.164058202073658066e+00 1.410901659584020029e+00 1.024474039100432421e+01 3.146408432462885485e-02 3.146408432462884791e-02 8.388204928336189248e-01
1.942500000000000000e+03 3.145225413572738375e+02 -1.390811530111798078e+01 7.049881558908880352e-01 -1.390811530111798078e+01 7.049881558908880352e-01 1.107613068427893666e+01 -2.540902906702173225e-01 -2.540902906702172670e-01 1.546828037804549139e+00
1.978500000000000000e+03 3.139856683056542579e+02 -1.838432774511763768e+01 -1.111644027808290414e+00 -1.838432774511763768e+01 -1.111644027808290414e+00 9.033387918047868226e+00 1.570092927027392782e-01 1.570092927027392227e-01 7.322014116974105979e-01
2.014500000000000000e+03 3.191205020213708394e+02 -1.716180011003611838e+01 5.930548260668888627e-01 -1.716180011003611838e+01 5.930548260668888627e-01 7.582942256489550559e+00 2.750413955471319727e-01 2.750413955471319172e-01 -1.037014613621247278e-01
2.050500000000000000e+03 3.130699376435622980e+02 -1.175966025719429098e+01 5.021886129792069164e-01 -1.175966025719429098e+01 5.021886129792069164e-01 6.219879514955595212e+00 -3.508270800476941120e-02 -3.508270800476938345e-02 -7.869711298385322074e-02
2.086500000000000000e+03 3.067260171836462632e+02 -9.889232541114733266e+00 -1.491434248004735785e+00 -9.889232541114733266e+00 -1.491434248004735785e+00 4.783003247855739382e+00 -7.836774002822305407e-02 -7.836774002822297081e-02 3.401728433554992298e-02
2.122500000000000000e+03 2.886729924972802905e+02 -5.143443927842965557e+00 7.486965622234727225e-02 -5.143443927842965557e+00 7.486965622234727225e-02 5.892798445002799923e+00 -4.149245542509817919e-01 -4.149245542509819584e-01 -6.954790103695992487e-01
2.158500000000000000e+03 2.660885246906441921e+02 -3.508343631479467817e+00 1.376437635650262781e+00 -3.508343631479467817e+00 1.376437635650262781e+00 4.961719954250073172e+00 4.289238254307836673e-01 4.289238254307836118e-01 1.217680352720662135e-01
2.207000000000000000e+03 2.351862962864589122e+02 -4.456123725277256753e+00 7.931050878162662632e-02 -4.456123725277256753e+00 7.931050878162662632e-02 5.513112827263535465e+00 1.475363037858723469e-03 1.475363037858612447e-03 1.260761438921302435e+00
2.268000000000000000e+03 2.241505256773140786e+02 -6.701436669834675897e+00 6.046935065885872262e-02 -6.701436669834675897e+00 6.046935065885872262e-02 4.792793788465520066e+00 6.734856441450713938e-01 6.734856441450710607e-01 -3.684745958850175196e-01
2.329000000000000000e+03 2.185220651110689971e+02 -7.853600852422307099e+00 1.173270187662902586e-01 -7.853600852422307099e+00 1.173270187662902586e-01 5.435315077518339422e+00 -1.315890594672319835e-02 -1.315890594672322611e-02 -1.617592392626398812e-01
2.390000000000000000e+03 2.166328179547876402e+02 -6.170099117135235289e+00 3.495325077058525354e-01 -6.170099117135235289e+00 3.495325077058525354e-01 3.213517943389913700e+00 4.041204386006569949e-01 4.041204386006567728e-01 -1.541827199027079875e-01
2.451000000000000000e+03 2.017648133116277052e+02 -3.707442628356548031e+00 -1.260413426107697576e+00 -3.707442628356548031e+00 -1.260413426107697576e+00 3.515116316019327058e+00 2.336193048741133094e-01 2.336193048741133371e-01 -2.892109050016923311e-01
2.512000000000000000e+03 1.924364498764811344e+02 -3.108633995970048858e+00 1.485987702476876948e-01 -3.108633995970048858e+00 1.485987702476876948e-01 3.597375721578978780e+00 8.626091472101159174e-02 8.626091472101159174e-02 3.987012702864534130e-01
2.573000000000000000e+03 1.898093439141172496e+02 -4.397160446540474332e+00 -1.225480678089528874e-01 -4.397160446540474332e+00 -1.225480678089528874e-01 3.534765934567046575e+00 3.206635025595436783e-01 3.206635025595437338e-01 -4.826512985519295085e-01
2.634000000000000000e+03 1.875631718160011303e+02 -5.100418781185910078e+00 6.155770200387677971e-01 -5.100418781185910078e+00 6.155770200387677971e-01 1.928422183530502654e+00 3.687966478759446831e-02 3.687966478759419076e-02 -9.892323536765861014e-02
2.695000000000000000e+03 1.902237423512290775e+02 -2.476692516631404217e+00 1.671420414501832985e-01 -2.476692516631404217e+00 1.671420414501832985e-01 2.974921047767239646e+00 -7.269846706730200836e-01 -7.269846706730200836e-01 3.960946789760860787e-01
2.756000000000000000e+03 1.809948355092354575e+02 -2.285511475709943952e+00 -6.646774574479953346e-01 -2.285511475709943952e+00 -6.646774574479953346e-01 2.451871414053681253e+00 -2.166107911717195522e-01 -2.166107911717194134e-01 -9.363867400454933820e-02
2.817000000000000000e+03 1.776120833453137777e+02 -3.006522299132927678e-01 6.061873946997876558e-03 -3.006522299132927678e-01 6.061873946997876558e-03 1.020461064534885942e+00 -2.604243085682778069e-01 -2.604243085682778069e-01 -1.489600850469670057e+00
2.878000000000000000e+03 1.758622058904590233e+02 -2.264004918857753346e+00 -1.094017013030920138e-01 -2.264004918857753346e+00 -1.094017013030920138e-01 2.453082170422213326e-01 7.724428961077767219e-02 7.724428961077761668e-02 -2.883263543851665167e-01
2.939000000000000000e+03 1.797578270365585809e+02 5.799362623593851129e-02 -6.389517027741546951e-01 5.799362623593851129e-02 -6.389517027741546951e-01 1.371817105212468579e+00 -6.059131812120926996e-02 -6.059131812120932548e-02 -1.073723021320113880e+00
3.000000000000000000e+03 1.803223334093019332e+02 -2.361246295522615724e-01 -5.183765995983284913e-01 -2.361246295522615724e-01 -5.183765995983284913e-01 1.812280861059070380e+00 -4.990567401987749951e-01 -4.990567401987746621e-01 1.599126395464848249e-01
3.061000000000000000e+03 1.808009887227828472e+02 -2.282816135800476709e-01 -5.989552253656242886e-01 -2.282816135800476709e-01 -5.989552253656242886e-01 7.475461160186776255e-02 -1.542658649712428387e-01 -1.542658649712423946e-01 6.065368709695292404e-01
3.122000000000000000e+03 1.810169284166877048e+02 3.220521872332581248e-01 5.063144284618721347e-01 3.220521872332581248e-01 5.063144284618721347e-01 3.752079802092906924e-01 -1.481109096477581932e-01 -1.481109096477581377e-01 -4.683977845244887694e-01
3.183000000000000000e+03 1.855484699493925689e+02 -1.693350240862184330e+00 -3.798160459245070175e-02 -1.693350240862184330e+00 -3.798160459245070175e-02 -1.174060565602898398e+00 -4.519521532672957642e-01 -4.519521532672957087e-01 -5.049697037610957340e-01
3.244000000000000000e+03 1.867285402379226014e+02 7.936514162384664672e-01 6.551293849390722457e-01 7.936514162384664672e-01 6.551293849390722457e-01 1.348451039784904992e+00 5.444546037027272467e-01 5.444546037027273577e-01 9.358635645962082306e-01
3.305000000000000000e+03 1.891161057260356984e+02 -5.443792674626992678e-01 2.615649979793783775e-01 -5.443792674626992678e-01 2.615649979793783775e-01 1.083895908520984719e+00 1.102174555532760447e+00 1.102174555532761113e+00 -4.081598558523515385e-01
3.366000000000000000e+03 1.942105130605675924e+02 5.239811058027410429e-01 -1.868922590384861637e-01 5.239811058027410429e-01 -1.868922590384861637e-01 1.544550785912526293e-02 -7.033657474801436882e-01 -7.033657474801435772e-01 -7.004419720571348762e-01
3.447000000000000000e+03 1.968037596637415163e+02 -1.225925061921029346e-01 -1.089643864443098131e+00 -1.225925061921029346e-01 -1.089643864443098131e+00 2.534080002004759358e+00 2.415622924808802086e-01 2.415622924808801808e-01 -8.123828199450970899e-01
3.548000000000000000e+03 2.031323012602434517e+02 -1.989614518557152878e-01 -2.553459255851177612e-01 -1.989614518557152878e-01 -2.553459255851177612e-01 1.734678924385612220e+00 -2.564733201834552556e-01 -2.564733201834553111e-01 2.106611038558453206e-02
3.649000000000000000e+03 2.101220118847168123e+02 -4.021034481218068724e-01 -3.284330183565240535e-01 -4.021034481218068724e-01 -3.284330183565240535e-01 -1.518853824767087524e+00 6.301643001923242782e-01 6.301643001923239451e-01 -6.845461838457899129e-01
3.750000000000000000e+03 2.198708481170708637e+02 7.007524928736550418e-01 -2.331928767356135079e-01 7.007524928736550418e-01 -2.331928767356135079e-01 -3.320604244843958219e-01 4.485373969305043174e-01 4.485373969305044284e-01 3.190917189237407574e-03
3.851000000000000000e+03 2.253911794914632765e+02 -1.602930181736809678e-01 3.523056024179919143e-01 -1.602930181736809678e-01 3.523056024179919143e-01 2.888296719801107804e-01 7.034772205581542037e-01 7.034772205581538707e-01 4.004075926618057002e-01
3.952000000000000000e+03 2.347132348075363382e+02 -1.383931488154037215e+00 -6.759896270968639431e-01 -1.383931488154037215e+00 -6.759896270968639431e-01 -1.013689473396641949e+00 7.867211978114768689e-01 7.867211978114765358e-01 -7.082269079781196019e-01
4.053000000000000000e+03 2.447800843485731264e+02 -1.495585126916962215e+00 -6.977085145348129736e-01 -1.495585126916962215e+00 -6.977085145348129736e-01 -4.581346866599720347e-01 1.536628349337254340e+00 1.536628349337254340e+00 1.850317823621137281e+00
4.154000000000000000e+03 2.542421856107305018e+02 -1.960654884448924440e+00 3.517028932656192097e-01 -1.960654884448924440e+00 3.517028932656192097e-01 -6.636123543740259922e-01 -1.304763557627389048e+00 -1.304763557627389048e+00 4.254653459679159644e-01
4.255000000000000000e+03 2.626532816666880876e+02 3.450436442069171328e-01 -3.309745203978052830e-01 3.450436442069171328e-01 -3.309745203978052830e-01 -5.804353442725573853e-01 8.258797167603127987e-01 8.258797167603131317e-01 1.811308666841841220e+00
4.356000000000000000e+03 2.691572697345023357e+02 -7.687840662601537201e-01 1.097987270878319599e+00 -7.687840662601537201e-01 1.097987270878319599e+00 1.789480762356495669e-01 4.520251872871720034e-01 4.520251872871720589e-01 -1.755478096483504835e+00
4.457000000000000000e+03 2.802797549771923968e+02 -1.669005986522538842e+00 8.517447983550006096e-01 -1.669005986522538842e+00 8.517447983550006096e-01 1.040860246274594447e-01 -1.042097874103688593e+00 -1.042097874103688593e+00 2.588190027588904152e-01
4.558000000000000000e+03 2.929260176967989651e+02 4.152079610400020715e-01 1.067839187397395140e+00 4.152079610400020715e-01 1.067839187397395140e+00 -2.859453220328002643e-01 2.055922439784207967e-02 2.055922439784141353e-02 -1.125855033999898280e+00
4.659000000000000000e+03 2.969796671040884917e+02 -3.072436572484836259e-01 5.341599538365791044e-01 -3.072436572484836259e-01 5.341599538365791044e-01 1.386706648651832685e+00 -4.777523099444295207e-01 -4.777523099444294097e-01 1.996483675389243873e+00
4.760000000000000000e+03 3.087027338619104739e+02 -1.065104407112061669e+00 -1.781802538606052089e+00 -1.065104407112061669e+00 -1.781802538606052089e+00 -1.467364194213104378e+00 1.814282504248282635e+00 1.814282504248283079e+00 1.500731199761815571e+00
4.861000000000000000e+03 3.225821621010659896e+02 1.209295627619772606e+00 1.031268458418372003e+00 1.209295627619772606e+00 1.031268458418372003e+00 -1.913524973650318817e+00 -2.239788146811189096e-01 -2.239788146811190206e-01 2.301959484076844809e-01
4.962000000000000000e+03 3.282344187247956029e+02 -9.977209579814575457e-01 4.022285223853698244e-01 -9.977209579814575457e-01 4.022285223853698244e-01 -2.008888455693807196e-01 2.541735029314483030e-01 2.541735029314482475e-01 -8.471637039349585452e-01
5.063000000000000000e+03 3.418867892544502638e+02 1.551466393861536730e+00 -7.534698110828880191e-04 1.551466393861536730e+00 -7.534698110828880191e-04 -2.671447762676267268e-01 8.207824205236294857e-01 8.207824205236293746e-01 -4.127756130863987072e-01
5.164000000000000000e+03 3.550613432125188069e+02 -8.007502587492483226e-01 1.245643670935117964e+00 -8.007502587492483226e-01 1.245643670935117964e+00 -1.491708951291581320e+00 8.325866963305958990e-01 8.325866963305958990e-01 6.680935680910965457e-01
5.265000000000000000e+03 3.642933297624051647e+02 -1.266695805070917613e+00 3.257834636572555231e-01 -1.266695805070917613e+00 3.257834636572555231e-01 3.114665563339263921e-01 1.752133032653697686e+00 1.752133032653698130e+00 -3.630674692840248685e+00
5.366000000000000000e+03 3.743564867172896697e+02 -4.627311541856611310e-01 6.801807718345882492e-01 -4.627311541856611310e-01 6.801807718345882492e-01 -1.035197082389996526e+00 -1.376028687539318618e+00 -1.376028687539317952e+00 -2.880305023979613299e+00
5.467000000000000000e+03 3.874062986188906166e+02 5.275478843695650122e-01 -1.216093930681922952e-01 5.275478843695650122e-01 -1.216093930681922952e-01 -1.492622263248571945e+00 -1.843565647420652764e+00 -1.843565647420651654e+00 -5.740871254216106667e-01
5.568000000000000000e+03 4.037048213483404879e+02 -3.918995768938694502e-01 -2.047962257534472474e+00 -3.918995768938694502e-01 -2.047962257534472474e+00 -1.701765530692374462e+00 1.710125019949447100e+00 1.710125019949447100e+00 -3.244533741903734114e+00
5.669000000000000000e+03 4.141506954947036547e+02 4.409823415130328383e-01 2.593672140338030729e+00 4.409823415130328383e-01 2.593672140338030729e+00 -2.352929099241674038e+00 4.375921681732618251e-02 4.375921681732619639e-02 -2.831486779413281862e+00
5.770000000000000000e+03 4.285356555435740802e+02 6.976017505322356094e-01 6.432690739561316984e-02 6.976017505322356094e-01 6.432690739561316984e-02 -8.855158879340045974e-01 -1.125864349030543998e+00 -1.125864349030543776e+00 2.021372039519472530e+00
5.871000000000000000e+03 4.415014941632020395e+02 -2.802644998882683147e+00 2.042391308114618997e+00 -2.802644998882683147e+00 2.042391308114618997e+00 9.365648833655169092e-01 2.924977072462975336e-02 2.924977072462997540e-02 3.264697000103551350e+00
