# l Dl_TT Dl_TE Dl_TB Dl_ET Dl_BT Dl_EE Dl_EB Dl_BE Dl_BB
7.050000000000000000e+01 2.113142115977105277e+03 -8.143741357001731629e+00 7.239765245414411243e-01 -5.435182744446453107e+00 2.551631941717633190e+00 3.356852252497384281e-01 5.830453911505099895e-02 -1.303374239057527098e-02 -5.414161147885356018e-02
1.065000000000000000e+02 2.807939610370881383e+03 -2.939128116528047485e+01 -3.150281143809652296e-01 -3.110459936720150864e+01 -4.562309760178581697e-01 8.325788709585264513e-01 1.791859847101866330e-03 3.175022787900699112e-03 -1.072946039066223836e-02
1.425000000000000000e+02 4.172537767783651361e+03 -4.576000860064831954e+01 1.100999881952834158e+00 -4.109864421484893171e+01 1.805738712001031088e+00 1.135250772116489504e+00 -1.236238046426045151e-01 -2.575375870216430399e-02 1.494089731079093625e-03
1.785000000000000000e+02 5.312333669676669160e+03 -3.561659181796754581e+01 -2.683491133818045160e+00 -3.732616323066828556e+01 2.233021781837419617e+00 8.476291712442652893e-01 7.457576655594699844e-02 1.871339416266451505e-03 1.159207209001622899e-02
2.145000000000000000e+02 5.674910611021809018e+03 5.433843209350732728e+00 7.686015630955329581e-01 7.551726610492353053e+00 -6.133326682517693529e-01 8.055760423440609941e-01 7.289241704689522483e-02 -2.494784001857723588e-02 3.214414708234244328e-02
2.505000000000000000e+02 5.484756772545993044e+03 6.014562709753656122e+01 -1.830348518830069438e-01 6.225468895050424578e+01 -1.526938772280256873e-01 2.413122724918124629e+00 -3.179283024944999647e-02 8.469143560965914502e-03 4.487006511569847922e-02
2.865000000000000000e+02 4.582249124645004486e+03 1.097622013297790602e+02 7.526220218553070218e-02 1.106422273100481988e+02 -1.047578123765461111e+00 6.770400464003889063e+00 4.002156212330090779e-02 -9.749799111190421419e-04 9.244600183475226718e-02
3.225000000000000000e+02 3.340087079910887496e+03 1.155214575321612074e+02 -1.605655193980455531e+00 1.124319266762941396e+02 5.849877088041450790e-01 1.314912378953404470e+01 -2.057935965168438686e-01 1.098252934594386582e-01 1.278068996735223783e-01
3.585000000000000000e+02 2.351480486061606825e+03 7.800190597465635278e+01 -1.073472947562392088e+00 8.515178982369769756e+01 -3.055954661189411864e-02 1.985870235623688984e+01 1.263387902252213202e-01 -3.903175975655030078e-02 6.355038426291856335e-02
3.945000000000000000e+02 1.781141732106174004e+03 1.024761850338457414e+01 -2.029069188245677946e+00 1.059576548824101749e+01 4.254256330870183067e-01 2.176183245900140406e+01 3.752452009287163270e-02 2.386882653355744052e-02 6.647309108453632043e-02
4.305000000000000000e+02 1.787182474001276660e+03 -4.965460963277334372e+01 -2.073283441431475804e+00 -5.013915030950472840e+01 -9.046328245840934423e-01 1.945600715817334603e+01 8.995047604409717179e-02 9.888231998281203639e-02 4.094618348578414613e-02
4.665000000000000000e+02 2.168733248454938348e+03 -7.659868790444099318e+01 -2.636119583182451320e-01 -7.590226835256370919e+01 6.946589050336080540e-01 1.357355334988555740e+01 -1.161788677609890963e-01 -6.204619581492541724e-02 7.555543045789825385e-02
5.025000000000000000e+02 2.493264311936526610e+03 -5.410232244933528989e+01 -2.272447090846714701e+00 -5.448421366598197579e+01 5.358477321158320317e-01 8.136806603974534369e+00 2.486808670545461938e-02 -1.052584714949932575e-02 3.095772405669238933e-02
5.385000000000000000e+02 2.605220313038648783e+03 -1.405720527339638792e+01 1.202428022601431667e-01 -1.389062120593758642e+01 1.156016324197215006e+00 7.100438359943554545e+00 8.233148223234004748e-02 -7.956416071171810989e-02 1.027717867487396575e-01
5.745000000000000000e+02 2.396564348075001362e+03 1.695783283455775958e+01 6.001505030834715093e-01 1.852637004066918536e+01 -1.260122451874334137e+00 1.292762110863344382e+01 6.963681728745174659e-03 -5.655223547395039907e-02 1.026669562756712534e-01
6.105000000000000000e+02 2.111165564644787537e+03 2.127525610649952625e+01 1.178610873125605529e+00 2.321134735409439998e+01 -1.395559820309058008e+00 2.242397034589478011e+01 -4.293242252272052584e-01 2.814430674100308616e-02 1.443370559446973955e-01
6.465000000000000000e+02 1.889472047289765214e+03 -8.897103966508623785e+00 -1.448575149700575659e+00 -9.123714783506581938e+00 -3.664881662615392388e-01 3.242336381755066554e+01 -1.454140990533505096e-01 1.459889037183030036e-01 1.687233238753165984e-02
6.825000000000000000e+02 1.787496858281591358e+03 -6.531630449659827775e+01 -9.455415409154973583e-01 -6.749688807497474841e+01 -8.527817667826428916e-02 3.730880453642840422e+01 -1.401248034441368029e-01 -1.416041993462464343e-01 1.140274070197569295e-01
7.185000000000000000e+02 1.981986062844671096e+03 -1.200314290146910707e+02 -2.741744794522897433e+00 -1.212243822594958829e+02 9.874926087350830439e-01 3.520848190020689827e+01 -8.815746435416993432e-03 -1.255960656141867637e-02 1.252526343474301695e-01
7.545000000000000000e+02 2.283577375440869673e+03 -1.352148051456057374e+02 2.548224514582270728e-01 -1.347510093989849906e+02 4.510786851733636915e-01 2.693012344791945978e+01 -8.636530968433588085e-02 -1.609652516522781240e-01 1.324303851008097332e-01
7.905000000000000000e+02 2.498693315004848955e+03 -1.038344439696444113e+02 -2.642561174117419309e+00 -1.034933305969200035e+02 3.132982248876698406e-01 1.762980990685479554e+01 2.220992261025039882e-01 -5.037106905863582978e-02 1.274856941611789973e-01
8.265000000000000000e+02 2.515253644988454653e+03 -4.359343313761097249e+01 2.241264656326504401e+00 -4.267775939413620279e+01 7.301271413765955121e-01 1.269717697693692315e+01 -2.713236592260590690e-02 -6.546305015018380469e-02 5.523660559689824723e-02
8.625000000000000000e+02 2.351201396539056077e+03 2.038548253354260709e+01 1.088915393981605639e+00 2.203428781805165215e+01 -1.058470975004434100e-01 1.486445885363441022e+01 2.840195345497025792e-01 6.973983862303602399e-02 -3.470354064611869127e-02
8.985000000000000000e+02 1.929714554259704755e+03 5.271175990683850898e+01 1.828449149398444273e+00 5.562567641900136550e+01 2.777306951815086689e-01 2.389385674653280489e+01 2.644745185790480235e-01 1.414095799506904783e-01 2.743685601681064012e-01
9.345000000000000000e+02 1.516964066283594775e+03 5.214016119595123655e+01 -1.901678975430804441e-01 5.121795989232509783e+01 -8.003838214671643581e-02 3.407164950006213644e+01 1.866810859715044568e-01 -9.958569929303109913e-02 5.222419114152807712e-02
9.705000000000000000e+02 1.195920008343488462e+03 1.397128780196808684e+01 1.402483149484348157e-01 1.404289512905168280e+01 4.901173678107757503e-01 4.131904467160913441e+01 1.056748042012885247e-01 9.998932946727917548e-02 2.081904135669825073e-01
1.006500000000000000e+03 1.063964420374431256e+03 -3.318044449434633236e+01 9.139456494838334999e-01 -3.118790881430721029e+01 3.338625304361930723e-02 4.182213761890994874e+01 -3.397803971346090579e-01 -1.170993549474710349e-01 1.937155884520584959e-01
1.042500000000000000e+03 1.083133075665050910e+03 -6.701489292238922246e+01 4.500135382281643670e-01 -6.643995451362485483e+01 1.021870290383102287e-01 3.516928422322514791e+01 -1.181709462531898291e-01 -3.062690466864466041e-02 5.207450311286922900e-02
1.078500000000000000e+03 1.174156273336665436e+03 -7.649956838318078667e+01 2.618430758118505119e-01 -8.069307072838688555e+01 5.177680611676982458e-01 2.598974199286443110e+01 1.322489522317481514e-01 -4.965337554555763339e-02 1.050666567750540153e-01
1.114500000000000000e+03 1.259531854861604643e+03 -5.932538253585896371e+01 5.478116044557987951e-01 -6.023422328384133095e+01 8.267522566662934835e-01 1.718845131174595053e+01 1.132148719907500461e-02 5.664085303372613789e-02 3.823887786316440551e-02
1.150500000000000000e+03 1.238130855006256752e+03 -3.125676005095186127e+01 9.315110327524634970e-01 -2.855081085113971184e+01 3.725634789593633700e-01 1.326924124697853458e+01 -1.540301684272852023e-01 -8.954684502712577376e-02 7.145920266707768420e-02
1.186500000000000000e+03 1.128516565043404171e+03 -2.547913621736632717e+00 8.935953125221802740e-01 -2.085440046304924966e+00 1.226476470999158241e+00 1.543693090644759636e+01 7.966414810993932560e-02 -8.526386748665373827e-02 1.665073606823090357e-01
1.222500000000000000e+03 9.644593492282733678e+02 5.305030147504544047e+00 5.684263753450372603e-01 6.510063839335778368e+00 1.087062084003571627e-01 2.185470596186794623e+01 6.179631953112160736e-02 8.717097111517527197e-02 8.451999803883517015e-02
1.258500000000000000e+03 8.260699567667678593e+02 -5.608438884307709316e+00 -1.514338257517585662e+00 -4.799588603882106952e+00 8.711255751724416019e-01 2.743103165371990215e+01 -3.238471524104538091e-01 3.933854810505096888e-02 1.286612819794283047e-01
1.294500000000000000e+03 7.509374632258923157e+02 -2.709946166312010263e+01 -1.017754953689417929e+00 -2.674465872969969382e+01 4.886195625976680335e-02 3.015259584448065766e+01 -2.010465957038281848e-01 -1.047742125939597202e-01 1.401109290561297072e-01
1.330500000000000000e+03 7.517350268039958792e+02 -4.922862987876161611e+01 1.091791646293403417e+00 -5.147039832389853586e+01 -4.767781064831742577e-01 2.886852672359761840e+01 -9.621632806143179395e-02 1.367630498040812818e-02 4.982536333591871397e-02
1.366500000000000000e+03 7.808188257738244147e+02 -6.094558754473408158e+01 6.425979059621682588e-01 -6.253027352074681744e+01 7.828510941384929644e-01 2.325133913190893153e+01 -2.212022569039161779e-01 3.671693422460238498e-02 7.047695283898548768e-02
1.402500000000000000e+03 8.366496839838059714e+02 -5.327516995233517605e+01 1.068285353530721515e+00 -5.313172251839703364e+01 -2.837380394226157176e-01 1.674070894666981957e+01 -7.470805665440422016e-02 4.728918589992123223e-02 1.706212453697597276e-01
1.438500000000000000e+03 8.217715415087200199e+02 -3.306697928125561248e+01 -1.579498000476299846e-01 -3.326105672254010415e+01 7.840516384025443264e-01 1.244544935172722688e+01 -7.190074314935865352e-02 2.834845003922200068e-01 5.855843352918554956e-02
1.474500000000000000e+03 7.683607917400915994e+02 -1.265102830048658689e+01 3.535631315791361029e-01 -1.212866255234444424e+01 -3.937864488054029777e-01 1.140168226357147852e+01 3.275318195980977953e-02 -1.336747679084727969e-01 -7.227023692702018443e-02
1.510500000000000000e+03 6.755728013936068237e+02 1.157277027339119080e+00 -2.356096583472575001e-01 2.420218269203521011e+00 5.598772858101300764e-01 1.364530616759973292e+01 -1.354859134940000209e-01 -1.469437775430627313e-01 -9.543893300143070635e-02
1.546500000000000000e+03 5.688634384665584776e+02 6.326406417632574275e+00 4.274011724033818238e-01 5.717875591866196316e+00 7.355481683126628978e-01 1.714881179086780350e+01 1.014167391320591749e-01 -4.662692119762375936e-02 7.296463780802467380e-02
1.582500000000000000e+03 4.778355239170756477e+02 -1.668108340250856303e+00 1.916063285268358563e+00 -3.145755106487865937e+00 -2.958378083148853754e-01 1.988318564027802182e+01 -3.084184049582174292e-01 -1.902915843239477989e-01 1.593344596400314839e-01
1.618500000000000000e+03 4.248867948464761071e+02 -1.532867360609554197e+01 7.369448172386596774e-01 -1.398859914287525541e+01 -2.186717554051951784e-01 2.090896019771068381e+01 -2.894325121201312134e-01 -3.575519990533905235e-01 1.095588626824568201e-01
1.654500000000000000e+03 4.048411566191618931e+02 -2.444454643910688674e+01 2.876309062219138957e-01 -2.560617575629726161e+01 -1.337994374860477009e+00 1.861081743520366416e+01 2.741214870175859852e-01 1.644761209123486168e-01 -1.204319042218257862e-01
1.690500000000000000e+03 4.108084394549963463e+02 -2.995620282759163899e+01 1.009999087041962840e+00 -2.910859355484875621e+01 -3.599376153197791917e-02 1.483261725816464605e+01 1.108923505800487597e-01 1.891482328972443894e-01 1.580616600062497989e-01
1.726500000000000000e+03 4.144353493826788508e+02 -2.461504862170986740e+01 2.641164453344605617e-02 -2.536131584408087036e+01 9.890152280332782375e-01 1.106244457380056900e+01 -8.491901856549118055e-02 1.025246353530493149e-01 2.413446660468075711e-03
1.762500000000000000e+03 4.062392177585533091e+02 -1.815731257141775501e+01 -2.865168578816490452e-01 -1.866604804343037927e+01 3.620572355397647102e-02 8.305698403536386110e+00 7.313333764419069696e-04 -4.601918834267387237e-01 1.262774725774057916e-01
1.798500000000000000e+03 3.780367495489745693e+02 -9.130164250837990991e+00 -3.241521409177825497e-01 -9.980350014472927356e+00 -1.656117746369745181e-01 7.716680058461447445e+00 1.808888981641391669e-01 1.565781199642055366e-01 -1.567311882216090579e-01
1.834500000000000000e+03 3.372391742345679404e+02 -4.703837985272452116e+00 1.604833390999691689e+00 -4.787057994371743064e+00 2.616700760968909134e-01 9.305219391667591822e+00 -1.567362730477400434e-01 3.152414731535480019e-01 -6.855443510418449127e-02
1.870500000000000000e+03 2.996437827739088675e+02 -4.895455018142010672e+00 2.959642249068368258e-01 -5.728774444781981501e+00 6.718493380042386276e-01 1.032227180724695081e+01 -8.408575234543071153e-02 2.854014098569570557e-01 2.073252203294785878e-01
1.906500000000000000e+03 2.722442826079126235e+02 -9.165633154353209022e+00 -4.804167601171414059e-01 -9.847605918648447698e+00 2.331420235265936336e-01 1.121385561645933215e+01 -1.750498765096566989e-01 -3.296245317942432251e-01 1.090710375846424551e-01
1.942500000000000000e+03 2.551388799468841739e+02 -1.541911439086378621e+01 4.550357642761492794e-01 -1.445065421959673557e+01 6.722430588502814608e-02 1.092824747016994991e+01 2.002153833380390657e-01 1.130197461652674012e-01 2.643466600949571643e-01
1.978500000000000000e+03 2.513994660544267390e+02 -1.750780788626180851e+01 2.224995098908766622e-01 -1.790554264759472147e+01 6.105912179323138567e-01 9.557769746215635465e+00 1.510545698509579982e-02 -3.129678071379591309e-01 2.928176880174890306e-01
2.014500000000000000e+03 2.553514613952873447e+02 -1.745384540261695250e+01 1.688186814033568739e-01 -1.754238025815200785e+01 -1.620238546782445388e-01 7.669934910930517269e+00 1.794871663753900837e-01 -1.127373642305483370e-01 -1.056942805430045873e-01
2.050500000000000000e+03 2.515184902670235942e+02 -1.364828580673184710e+01 6.132755131433702545e-01 -1.528096184329490725e+01 2.682734307471980606e-01 6.228460134598801545e+00 -3.276563492193666771e-02 -1.245134520012458057e-01 2.943782600147029083e-01
2.086500000000000000e+03 2.368576512466235613e+02 -1.032738382118434473e+01 4.520063947993935294e-02 -9.745376159681326200e+00 -2.773382538971330691e-01 4.909973592697435052e+00 -4.350154074923082148e-01 -6.776705284240059496e-04 2.356765787911900278e-01
2.122500000000000000e+03 2.185728845954390351e+02 -4.643111229297071318e+00 1.501492404782996948e-01 -4.544545882287064131e+00 6.313984784102281145e-01 4.928221242616013242e+00 2.915406988453851933e-01 1.563072567890350928e-01 -1.894699934575000411e-02
2.158500000000000000e+03 1.952023932345077810e+02 -2.542559627059288729e+00 -2.063199558683393442e-01 -2.804617458110794104e+00 1.938928716563445009e-01 5.374703685669738107e+00 3.881586843254399843e-01 1.733985147977202268e-01 -2.114199355127098501e-03
2.207000000000000000e+03 1.667421718956838390e+02 -3.771586567550403224e+00 -2.275951539152113734e-01 -3.519918873806855419e+00 -2.192801150539427646e-01 5.765447281989440675e+00 -8.551269651085978418e-02 -1.993660368683480844e-04 3.638296258640775771e-01
2.268000000000000000e+03 1.472599632487718395e+02 -7.224352839387664815e+00 -1.883639562517936406e-01 -6.998475147422098530e+00 -5.302231167880092633e-01 5.538827055006308342e+00 2.995743936613596281e-01 -1.345716358032617022e-01 4.584330910272223225e-02
2.329000000000000000e+03 1.413200488750343311e+02 -7.602402307235510470e+00 -1.307531094749053713e-01 -8.430958612511696870e+00 9.580082095526848418e-02 4.436081238260612736e+00 -1.530798417052847138e-01 -1.785089917247982272e-01 -2.772925101367616774e-02
2.390000000000000000e+03 1.340225815544633292e+02 -5.789930239359255992e+00 4.130323767336001595e-01 -6.206519253046662854e+00 1.472451586107492993e-01 3.014814237580834444e+00 -3.423480427528202696e-01 1.059688514510291335e-01 -8.671607382507859341e-02
2.451000000000000000e+03 1.213340021746490720e+02 -3.559954679842655789e+00 6.122961651256935145e-01 -3.749242674427055277e+00 -3.533881678833733497e-02 2.734658981071696360e+00 1.197202585627120536e-01 -4.267611345572539516e-01 -1.434730686288754886e-01
2.512000000000000000e+03 1.086520216746862388e+02 -3.506968419140967796e+00 1.251967505964345362e-01 -2.853978424251192081e+00 -1.927239210398434266e-01 2.947929808201613877e+00 3.304667852126282890e-01 1.574350990145559348e-01 -6.284618275936074139e-02
2.573000000000000000e+03 9.931222007746779923e+01 -3.303350928156208344e+00 2.704812255214757433e-01 -4.002032527502482395e+00 -2.703559258378340213e-01 2.926287706518734488e+00 -2.783812076745330044e-01 1.977964658481741744e-01 1.339106837667687622e-01
2.634000000000000000e+03 9.626739567907540618e+01 -4.295559470782293943e+00 -6.739085252041061569e-01 -4.306011981176487424e+00 -2.279938676252012963e-01 2.042865807637989306e+00 -3.264603695082431145e-02 -8.418696218774722462e-02 9.054416287628867799e-02
2.695000000000000000e+03 9.262707225998028093e+01 -3.282384600761069748e+00 -2.889862010129942704e-01 -3.295602635035865369e+00 -1.115188032820500219e-01 2.311407351959188006e+00 -2.405811741543638360e-02 -4.571599322215691430e-02 5.601096701856651539e-01
2.756000000000000000e+03 8.636740557185829914e+01 -1.842536786327625853e+00 2.304965709261729279e-01 -2.095802490205667556e+00 4.834146138008107441e-01 1.070515600342143658e+00 2.950172755465428898e-01 -2.681199814754931521e-01 -4.086635365744361592e-01
2.817000000000000000e+03 7.825413046465770606e+01 -1.546370848107013307e+00 7.872076891922838437e-02 -1.236541590234851107e+00 -5.329112080239483129e-01 1.352885956138098145e+00 -3.124461280532687679e-01 -5.743499186682970992e-02 3.547163182256505287e-01
2.878000000000000000e+03 7.327678552242900878e+01 -1.074011935140733343e+00 1.217127462292527523e-01 -1.788739685620999831e+00 -6.786549268266416357e-01 1.917666602659002351e+00 1.644195064875397794e-03 -5.124928206938178521e-01 -2.973681110705270192e-02
2.939000000000000000e+03 7.156148187497856838e+01 -1.927195550948779257e+00 1.446153577887495933e-01 -2.124111269404063584e+00 3.190542531521681213e-01 9.955690846622889945e-01 5.622885694919408373e-01 -7.557265247490126125e-02 -2.187032237854454331e-01
3.000000000000000000e+03 6.899883487141582350e+01 -1.979589833010287458e+00 -3.759240775458488892e-01 -1.513796839020818297e+00 -1.005932432470160176e+00 1.033373454604393782e+00 -5.472654754624944884e-02 -4.222226458465691556e-03 -1.411435922154992695e-01
3.061000000000000000e+03 6.757696139622566989e+01 -1.352283707869188500e+00 -6.328856120794507101e-02 -1.633217704059472197e+00 2.916624695224932506e-01 5.145506042044304396e-01 3.134658925954209030e-01 1.272432542517641929e-01 -2.675356249988124491e-01
3.122000000000000000e+03 6.588127163206404191e+01 -6.953739303800763327e-01 -9.944247891695359720e-02 -1.008567195292280116e+00 -3.531653748476313304e-01 7.067883036686597453e-01 -1.871290187311657194e-01 -3.603865734259780185e-01 1.959250645768517707e-02
3.183000000000000000e+03 6.463930835016454068e+01 -4.693099314642770192e-01 9.284182338466201445e-02 -1.184534686434510764e+00 -4.198476452282349780e-01 8.767627555695838293e-01 2.651656547285243803e-01 3.255031912227245305e-01 4.553988383618016167e-01
3.244000000000000000e+03 6.316880790666841961e+01 -1.099593396806739953e+00 4.922072626468586565e-01 -1.379635117191035931e+00 -2.930863657889736656e-02 3.790124123829814451e-01 6.474062602048580306e-02 -3.461130240019075766e-01 -1.445739416637292774e-01
3.305000000000000000e+03 6.331675393765394233e+01 -1.022497651610355662e+00 2.430112812287257285e-01 -1.141413330308822083e+00 -3.206750927360401682e-01 2.605986257005366569e-01 -4.627364229945024610e-01 5.084085695755634626e-01 -4.371722294836075107e-02
3.366000000000000000e+03 6.365301404603994229e+01 -6.837982826034589845e-01 -5.905278248506575789e-01 -4.992347501406134147e-01 2.689113796314427374e-01 8.403762583212619486e-01 -1.094750925734730429e-01 8.134330568628259095e-02 1.202743405537774479e-01
3.447000000000000000e+03 6.171320077024015660e+01 -3.341889240216638912e-01 -1.506875285492410566e-01 -1.181153506816020049e-01 6.137211253605613648e-02 2.872705870175122911e-01 2.174221704676159439e-01 -1.164965415984604152e-01 5.972534789412890788e-03
3.548000000000000000e+03 6.218578811375305548e+01 -7.478048017135399128e-01 -3.240737434343125001e-01 -6.836305042169892321e-01 4.007708722015306257e-01 6.075399493090674619e-03 -4.336580405115692538e-01 -3.040167400069302972e-01 3.187553054880656322e-01
3.649000000000000000e+03 6.322224406539846342e+01 -5.825147032082833576e-01 3.127858791568439156e-01 -1.634742922470913129e-01 -3.690415333094680950e-01 -2.353035491179201466e-01 -1.462649594952580012e-01 -5.673631796287584295e-02 -1.250325018875232674e-01
3.750000000000000000e+03 6.367957329146634038e+01 -9.751834533291261486e-01 4.840075327617228695e-01 2.891367401988562125e-01 3.415366253217852477e-02 1.565732552295706070e-01 1.928449087772252379e-01 -2.960392821905694083e-02 5.565364571026713003e-01
3.851000000000000000e+03 6.565093420044281913e+01 -4.797171089845435610e-01 3.750298476870999043e-01 -1.508910851393420849e+00 -1.455623177628286857e-01 7.375704053879614808e-01 4.079869697715488019e-02 4.531365048061024026e-01 8.461023850581821382e-01
3.952000000000000000e+03 6.755133928922001019e+01 3.671395179054181002e-01 2.345886314178418641e-01 -3.832423414657067373e-01 -9.214402980211020000e-02 1.683210739294724867e-01 -2.858496369452118713e-01 5.871994698769906762e-01 -3.156469004865122274e-01
4.053000000000000000e+03 6.922003468001852866e+01 3.472702497418282686e-02 -6.137471038373140675e-02 -2.369538614382460384e-01 -2.993178450540239233e-01 7.914525614381562324e-01 2.073306958208454009e-02 -1.759676829040901780e-01 1.000282842679579287e-01
4.154000000000000000e+03 7.153845288817662151e+01 4.852697571549139388e-01 -2.910808531405974231e-02 -3.295357767058708642e-01 4.225023372344030026e-01 5.650449170467155557e-01 4.211019893148731930e-01 2.154173464774639390e-01 -4.770332481978636907e-02
4.255000000000000000e+03 7.364422721438565134e+01 4.266454282731820258e-01 -8.662374059143868044e-01 -1.219666957212475200e+00 -1.986085876862570265e-01 4.011092935092254175e-01 2.463751792473976021e-01 -9.668936378203971671e-01 1.391062105681827310e-01
4.356000000000000000e+03 7.700386727223509808e+01 -7.373003413588519184e-01 -1.180828511351969534e-01 3.222613700855478935e-01 1.774106608474342872e-01 2.146460078972549368e-01 2.958903214585482111e-01 3.076874479892690029e-01 4.517379015905974571e-01
4.457000000000000000e+03 7.950010542073547981e+01 -3.655025119881197826e-01 -9.888015035758853655e-01 4.609839544293160563e-01 -1.123882945845864789e+00 -3.095031218530888140e-01 -7.295407568318696967e-01 9.353341143382460920e-01 -6.888670241112390680e-02
4.558000000000000000e+03 8.155290464829661801e+01 7.164565263169110354e-01 3.753501749358992279e-01 -5.850405602288289986e-01 4.688918546284839839e-01 -4.264188385953601168e-01 -1.262366341385124380e-01 5.037529358939648594e-01 3.198835829738614911e-01
4.659000000000000000e+03 8.410114601087025221e+01 5.741612190760053691e-01 2.606255247565859579e-01 -3.450956576897683536e-01 3.187673496903936643e-01 3.430203279376530245e-01 -3.683352120355538606e-01 -6.594465241584310800e-01 -2.277678010369209582e-01
4.760000000000000000e+03 8.640594568516721097e+01 -2.159189886396339075e-01 -5.959079547481239691e-01 -4.346347417628195209e-01 6.547773462252275412e-01 5.270172595541522398e-01 7.548598632118777574e-02 -8.344701893358164035e-02 -2.296383780103605776e-03
4.861000000000000000e+03 9.015637399581140699e+01 9.162135429893666361e-01 -1.011278963563871924e-01 -4.404060746143240168e-01 -1.573608145799453295e-01 8.293140737447096678e-01 6.349198081621694190e-01 5.705067388912824639e-02 -5.302337414689037853e-01
4.962000000000000000e+03 9.268875811204961224e+01 2.966377257841837922e-01 -6.945169629203357120e-01 1.570770594982599799e-01 1.674547924592855175e-01 -8.966651486991588094e-01 7.268287401583970464e-01 5.235862995493115735e-01 -7.471671649848814489e-01
5.063000000000000000e+03 9.561888861472661461e+01 6.549028155181131350e-01 2.924222844180373038e-01 -3.986183751010857756e-01 6.228823011962441036e-01 1.310000419849203013e+00 -9.787392524128900595e-01 -3.838398969098280045e-01 -1.808449884115662099e-01
5.164000000000000000e+03 9.894626347494245522e+01 -5.964652862115877863e-01 2.075525617634622622e-01 6.665014837814606796e-01 1.514225805590854179e-01 4.311262796717517665e-01 5.955334770157422186e-02 -6.882209788523293570e-01 1.449839581835399294e-01
5.265000000000000000e+03 1.025950199211134617e+02 5.520657839470596295e-01 1.505571863954544010e-01 9.550637247226740900e-01 3.112403323959033186e-01 1.174551681976949702e-01 6.167993895186675291e-01 -2.230566423328100178e+00 -6.123979707885015555e-01
5.366000000000000000e+03 1.049993444431825367e+02 9.244084776428573846e-04 1.055855702854592987e-01 -1.496909100834521444e-01 -6.907430188712593289e-03 -9.287377220251888943e-01 -7.421587972586114468e-01 6.926752552359461967e-01 3.989935520239400457e-01
5.467000000000000000e+03 1.096183290505861265e+02 1.753272990680667109e-01 2.952503561239946395e-01 -2.252649481048943914e-01 -5.688359307696184697e-01 -3.421047219336685319e-01 4.362456054985403009e-01 -2.416865914933330473e-02 -1.439475328691273370e+00
5.568000000000000000e+03 1.118772709071182021e+02 1.398983775031665544e-01 -2.390970763220806594e-01 -5.459516484615508647e-01 9.244387162578894257e-01 7.252922979196976261e-01 -7.396727228917187036e-01 -1.035460025942021023e+00 -5.790798852593479484e-01
5.669000000000000000e+03 1.155604660036420199e+02 -3.844275784376973149e-01 1.719962710966003172e-01 5.282679404819634605e-01 1.939845900577338966e+00 1.241416565612130318e+00 -3.057642700866241015e-01 -4.063940237002438005e-01 -3.025137494618816980e-01
5.770000000000000000e+03 1.171555238999899871e+02 -7.393311848962726973e-01 -6.856962319896403590e-01 8.315337080237041878e-01 3.391660061160619577e-01 -1.805928780516054655e+00 8.207909291157514664e-01 -8.759084253989302127e-01 3.931467887506062686e-01
5.871000000000000000e+03 1.234849562448002303e+02 -5.679845283646256515e-02 -8.299892847880825375e-01 8.897095884193426674e-01 2.507711572022771618e-01 -3.340713779053975929e-01 -8.591076752422671658e-02 3.465139488800582646e-01 -9.937482106078543431e-02
