# l Dl_TT Dl_TE Dl_TB Dl_ET Dl_BT Dl_EE Dl_EB Dl_BE Dl_BB
7.050000000000000000e+01 2.008019820332702011e+03 -8.827865394983211544e+00 -2.142154900715575572e+00 -8.025530124862040537e+00 2.751045873078726167e+00 3.426184027972437596e-01 5.946960353639342903e-03 6.202253079571109703e-03 -5.043934394226222417e-02
1.065000000000000000e+02 2.885673081059964716e+03 -2.822416908038600525e+01 -2.543832283618095325e+00 -2.739564640719213884e+01 -2.186766152130643626e-01 8.184699704483425764e-01 -3.015875919172092412e-02 2.717406824389787673e-03 -1.324369091711866814e-02
1.425000000000000000e+02 4.330508594779348641e+03 -4.579585181250082826e+01 7.133142029015271390e-02 -4.431162373428355039e+01 2.096845436938690188e+00 1.064125227834327170e+00 -1.575976327696949203e-02 9.248061778862514543e-03 -6.434967396019515562e-03
1.785000000000000000e+02 4.949731119135243716e+03 -3.307564178825260370e+01 -1.404343442060696390e+00 -3.733989813002489200e+01 9.021660798858404107e-01 8.038427175737605790e-01 -4.565831713437160100e-02 1.171460886595318031e-03 1.486881350974244079e-02
2.145000000000000000e+02 5.779008179577924238e+03 3.146175681705472460e+00 2.235581288631415475e+00 5.757533454941041740e+00 3.734462864916671121e-02 8.170139827789573150e-01 -1.789654481514610027e-02 2.787585143553873712e-02 8.897148994917829234e-04
2.505000000000000000e+02 5.336199942868684957e+03 6.526031174469724760e+01 1.156117044695261775e-01 6.113777321545163090e+01 -1.933908894440466986e-01 2.586186020693549192e+00 -5.581522902495182625e-02 5.567246619929498014e-03 2.547246726448467759e-03
2.865000000000000000e+02 4.565463821368300160e+03 1.130547704211295610e+02 6.315061780240374123e-01 1.108599792189019126e+02 1.089202429507766468e+00 6.943412603187372412e+00 1.097356969327722281e-01 4.553866883001514432e-02 -2.289233129527885185e-02
3.225000000000000000e+02 3.299212359642051524e+03 1.165859406067341126e+02 1.330473047943503406e-01 1.166030310791621361e+02 -1.213898708332339371e+00 1.319835855013420023e+01 7.703831711608878641e-02 1.875409922034586459e-03 2.201313796845643603e-03
3.585000000000000000e+02 2.338712936145802814e+03 8.139868653670700382e+01 2.795799520001988059e-01 8.041084188148872158e+01 -1.574270460292709783e+00 1.939510307624793128e+01 1.580898935199406830e-02 -5.036024149122402850e-03 4.946464067743880366e-02
3.945000000000000000e+02 1.732113956911104651e+03 7.045995004913901738e+00 -1.649497772181020672e+00 8.746802685987578485e+00 -4.253674781115835968e-01 2.126547359592251496e+01 1.293151858064794379e-01 4.582424921322998668e-03 4.896664106327330845e-02
4.305000000000000000e+02 1.816563863859400954e+03 -4.835167317990766378e+01 5.814478809554488592e-01 -4.811169475130387241e+01 6.396494328481069358e-01 1.886299316154915573e+01 4.052159358990965049e-03 -9.525766899012030886e-02 8.291706115031745317e-02
4.665000000000000000e+02 2.068361646116997690e+03 -7.369549859287542404e+01 -6.842481931877375523e-02 -7.263720764332050805e+01 2.074290008209921099e-01 1.307109341888160081e+01 -2.009606611394314235e-03 -3.376358913481710550e-02 8.887280163949054512e-02
5.025000000000000000e+02 2.503677639539452684e+03 -5.703659321379219449e+01 -1.006275061972803586e+00 -5.818479745785732860e+01 -9.149081150959552655e-01 8.246774867329637715e+00 5.000307752374009984e-02 8.995092864652351472e-02 7.995120523855896166e-02
5.385000000000000000e+02 2.611798399683513253e+03 -1.356763841748795585e+01 -1.047754209856102570e+00 -1.348047043769469866e+01 6.691510463619446680e-01 7.571724188946149958e+00 -1.158637861364546218e-01 1.060057467615069249e-02 7.473113476687819057e-02
5.745000000000000000e+02 2.474080348404217148e+03 2.725659475769802498e+01 -3.171449755988514640e-01 2.342530832817269371e+01 1.196980318958211997e+00 1.287265450393876520e+01 9.730301587959941378e-02 -7.066233490004666939e-03 4.119304099140312647e-02
6.105000000000000000e+02 2.093744561993279149e+03 2.610070419769512284e+01 -5.913220327605068771e-01 2.521926400582398742e+01 -1.267233821466382526e+00 2.290228826975638654e+01 1.396696004030918425e-01 -2.960452648176711138e-02 1.848102915563069881e-02
6.465000000000000000e+02 1.832771363797842696e+03 -1.211794409568055642e+01 3.099126342199414186e-01 -1.394236493835329327e+01 -3.479382999439672997e-03 3.240781978979127587e+01 1.790885970649870040e-01 2.507685923697191427e-02 6.434194298349958652e-02
6.825000000000000000e+02 1.782718249454500210e+03 -6.824627017600661816e+01 -1.567812410898591358e+00 -6.836071596654610971e+01 -8.553218913796578615e-01 3.834509604976680919e+01 -8.459791003544483989e-02 1.606039928627859270e-01 1.217460168192999875e-02
7.185000000000000000e+02 1.994771312174267678e+03 -1.227241006618991577e+02 -4.423604225676927015e-01 -1.197351539348709935e+02 -5.181423633927034755e-02 3.510518630014678365e+01 -2.159563134956202224e-02 -1.144720432422642598e-02 4.767043003842456189e-02
7.545000000000000000e+02 2.254884368899658512e+03 -1.302168958400120573e+02 -1.006722073717022242e-01 -1.304807490792574072e+02 -1.536286058415168854e-01 2.674915948086518114e+01 -1.023606046042791762e-01 3.843919259731003873e-02 4.080660535563991609e-02
7.905000000000000000e+02 2.459682363688557416e+03 -1.004412173384729243e+02 7.063003619688175139e-01 -1.023631210382898331e+02 -2.501407001059509083e-01 1.722730405291377309e+01 -3.076431555069446266e-03 2.962907376924468067e-03 4.240901407777997179e-02
8.265000000000000000e+02 2.518388711842279918e+03 -4.262651475132938828e+01 9.267147428081918825e-01 -4.315826307150328489e+01 -8.834992892532456121e-02 1.273515708311692052e+01 -3.835980493727825930e-02 1.412846482678627169e-02 8.264824239926849003e-02
8.625000000000000000e+02 2.300715148004190269e+03 1.584471350245897625e+01 -5.070760320874305727e-01 1.882154735666559731e+01 -1.667189252375283481e-01 1.492988713578557025e+01 -1.124081266249580061e-02 -1.123692722953216899e-01 1.583500546848436441e-01
8.985000000000000000e+02 1.931291506295907311e+03 5.212491584203995387e+01 5.130347217197699372e-01 5.428461401932425900e+01 4.955271853472104082e-01 2.330208390549555375e+01 -1.188942147447096948e-01 -7.274809396893341940e-02 1.404712677738595983e-01
9.345000000000000000e+02 1.483548588408890282e+03 4.712316620782245025e+01 -1.931646989060239239e+00 4.791853204689375900e+01 3.484657374262666862e-01 3.412368992229128395e+01 -1.946268481515225635e-01 9.882089871200200326e-02 8.085090302028377640e-02
9.705000000000000000e+02 1.183998132968532445e+03 1.582328238343590954e+01 -5.487823468856443121e-01 1.873094222778459184e+01 -2.564768695816450061e-01 4.116989353322027512e+01 -1.732634583391628735e-01 -3.621190464120868646e-02 8.951760585795000280e-02
1.006500000000000000e+03 1.058240988323243982e+03 -3.256809985834421184e+01 -1.154435107479183875e+00 -3.149245937903056713e+01 4.199255590989651177e-01 4.141255711830741859e+01 -3.082071590511237247e-01 1.400283011741368377e-01 5.922415676277929808e-02
1.042500000000000000e+03 1.076107826025363011e+03 -6.989231143073483565e+01 1.033998012710414027e+00 -6.846311804759582742e+01 2.081865708656145397e-01 3.513343857684242266e+01 2.261212632350582674e-01 -1.061438014424684606e-01 2.494620955371458157e-02
1.078500000000000000e+03 1.182329216830278938e+03 -7.862437623277358512e+01 1.222480858971540130e+00 -7.826228623604629320e+01 7.436751262969467646e-01 2.588656342064073357e+01 -2.059084343639041026e-01 -8.135305047043013549e-02 4.862065293246901204e-02
1.114500000000000000e+03 1.245190245762757058e+03 -6.100159491137614509e+01 5.980697777856771591e-01 -5.862498567726017029e+01 4.353571950503600241e-01 1.692434044249987579e+01 4.532720449292021447e-02 5.865373187269160016e-02 2.741013698818876021e-01
1.150500000000000000e+03 1.226530545440713240e+03 -2.908712315932549330e+01 1.649733839377064193e+00 -2.832761653655516199e+01 -1.038261064728394911e-01 1.297955392655469353e+01 2.848880934445961743e-02 3.559502281595413459e-02 8.033273793992115608e-02
1.186500000000000000e+03 1.118304284844495669e+03 -1.590961132079951046e+00 -8.039512604444144506e-01 -1.936182388813194599e+00 -4.249770914719392390e-01 1.586954789866883786e+01 -7.080387184107997389e-02 -8.124772724886625275e-03 1.214482901740989995e-01
1.222500000000000000e+03 9.568945773519737941e+02 3.208652064915328506e+00 -3.866810164179008136e-01 7.109188752107948872e+00 -4.147844965222082236e-01 2.126878147001284702e+01 2.915007037753274827e-02 1.023121041793388086e-01 2.445286365470191181e-01
1.258500000000000000e+03 8.157946166655625575e+02 -2.981050842290045466e+00 1.623703557799751618e-01 -3.504937144387055170e+00 4.140572106435387589e-02 2.722356213086866461e+01 1.212031085284477755e-01 -1.069249387853663524e-01 6.611891914561006389e-02
1.294500000000000000e+03 7.335123757411447514e+02 -2.850712180577734500e+01 -5.351616018138148634e-02 -2.861480651861007729e+01 -3.117802181699447228e-02 3.095487335862358691e+01 1.186000547472219196e-01 -2.025436704248270992e-01 4.116017701622821934e-03
1.330500000000000000e+03 7.557960735624284325e+02 -5.048834780914017983e+01 -1.734602170484325634e-01 -5.346034986241012632e+01 5.525263282025403289e-01 2.840010931352421863e+01 -1.323845838152569176e-01 -7.298301057406125780e-02 8.605392468540065676e-02
1.366500000000000000e+03 7.642294262528403124e+02 -6.090999622493804111e+01 4.399561264539398886e-01 -5.927531596622289101e+01 7.033440129838213206e-01 2.315822297806497687e+01 -6.135221197834010015e-02 -2.317174835197356453e-01 8.718075458537774547e-02
1.402500000000000000e+03 8.015569854761731676e+02 -5.230798523356646967e+01 1.670809203300809287e-01 -5.249604780737173826e+01 2.437351627166570445e-01 1.717116791953981192e+01 2.140447097362178641e-01 -2.486036710334874056e-02 1.154773588787791003e-02
1.438500000000000000e+03 8.112399432769987015e+02 -3.589172431578305833e+01 1.103634142479918534e+00 -3.438142791385005381e+01 8.182756613159243297e-01 1.267917952446434882e+01 -1.757875327079692351e-01 -1.763032738127407739e-01 -2.312687734209429094e-02
1.474500000000000000e+03 7.602008784654822193e+02 -1.332743337433708319e+01 -8.277069596785766592e-01 -1.267793367541143468e+01 -8.987595020990857275e-01 1.173312494620591195e+01 -1.367358498190844318e-01 8.947306176382315013e-02 9.177826003125220955e-02
1.510500000000000000e+03 6.553029646117605580e+02 3.543098692076571687e+00 -3.157524814519201417e-01 1.811808037911338598e+00 -1.766548112225534428e-01 1.357426188435111847e+01 -1.774168677059781984e-01 1.617850255355900158e-03 3.337462832634144339e-01
1.546500000000000000e+03 5.533206763185496584e+02 4.882534784327310362e+00 1.092335036297328532e+00 4.039544812586310485e+00 -3.900562925238930112e-01 1.684097994400892162e+01 -3.084641703077830033e-01 -1.348730906008387409e-01 8.422657167183908444e-02
1.582500000000000000e+03 4.636481848699355623e+02 -1.220390241743086968e+00 4.757665972640625490e-02 -1.209709439143943577e+00 -1.829061609206626693e-01 2.003816165876840216e+01 -2.873190351603860382e-02 -1.156718533373060354e-01 -2.907380216656432759e-02
1.618500000000000000e+03 4.090921392563934660e+02 -1.331631209352864076e+01 8.637355792927303710e-01 -1.448717972987659408e+01 -3.371775943631395017e-02 2.033447895070440836e+01 8.525788787838289862e-02 -2.282014216110906379e-01 2.209487210622661235e-01
1.654500000000000000e+03 3.910754392385517804e+02 -2.497790688654178126e+01 -9.240751188751300527e-01 -2.436519411008342928e+01 -1.725161730574128471e-01 1.849256891820393633e+01 6.858276388397979706e-02 -1.198926491418169649e-01 8.813746561384425138e-02
1.690500000000000000e+03 3.970041389413826778e+02 -2.979744416369191740e+01 -9.162303209869628873e-01 -2.982354925077318342e+01 7.481320117902499067e-01 1.481633452222243719e+01 -2.991385780222255986e-01 3.311316200180066671e-01 -3.830068599646765243e-02
1.726500000000000000e+03 4.052930935436468189e+02 -2.763342094617412670e+01 1.879452297173720199e+00 -2.682013617211789835e+01 -2.142030451364397292e-01 1.075012672288456805e+01 -1.336152184496838258e-01 -2.023387656742768326e-01 8.318214916502238154e-02
1.762500000000000000e+03 3.985138149283242228e+02 -1.910217554978477494e+01 9.981675147091820799e-01 -1.869919403188370666e+01 -4.637777179998281429e-02 8.759278247718917498e+00 6.258505611404370506e-02 -2.654049139388993117e-01 1.573148711624534901e-01
1.798500000000000000e+03 3.701170451236946519e+02 -9.542856011838708241e+00 -2.224852259294617385e-01 -8.921632948760814585e+00 4.899773481468963632e-02 7.706594999479214891e+00 3.953146913295653153e-01 1.669527890491926680e-01 3.342459973281747265e-02
1.834500000000000000e+03 3.247057481909159833e+02 -4.371098843682468704e+00 -1.137649923445720468e-01 -5.103152506483029427e+00 1.952432867467223943e-01 8.773204597808511807e+00 -2.376071539085607143e-01 8.831630242755225679e-02 -1.072335959484570778e-01
1.870500000000000000e+03 2.862332590144741289e+02 -6.145908075729920483e+00 4.164782191887764218e-02 -5.790225776482591513e+00 5.069245860521101044e-01 1.045013385412039497e+01 4.345657824222993737e-01 -4.271332204565433249e-02 -7.220418846306511651e-02
1.906500000000000000e+03 2.566193887587907057e+02 -8.981094588638031340e+00 4.052394745961150901e-01 -8.876049554659589447e+00 3.275350813884586043e-01 1.081624084144921305e+01 -2.717380873534742947e-02 -7.581598058798999507e-02 -8.258597213694415795e-02
1.942500000000000000e+03 2.439830736940015754e+02 -1.524894617651514395e+01 -4.453690919565986839e-01 -1.459850262928276265e+01 -3.289056100276320782e-01 1.066405294589392838e+01 4.425133615552995225e-02 2.091937485043791067e-01 1.039249445771187608e-01
1.978500000000000000e+03 2.398970423372476262e+02 -1.827341329623434163e+01 -2.231657392042625809e-01 -1.790460080848799862e+01 -3.237469613448795691e-01 9.488584266323204730e+00 1.780226953164718573e-01 -1.211995766495946036e-01 -1.277469886858330003e-02
2.014500000000000000e+03 2.405784620522346131e+02 -1.649890084275281765e+01 -4.216213960514926251e-01 -1.749098417494287361e+01 -4.269221723589995410e-01 7.789596511636700527e+00 -3.164359451649412791e-01 6.001580203331221414e-02 1.364197426846126132e-02
2.050500000000000000e+03 2.332413510538330570e+02 -1.290532355671860820e+01 7.838348063629647644e-01 -1.405567653870925326e+01 5.094965709753639105e-02 6.113798888876104343e+00 -2.950872457937810944e-01 2.613172532947637960e-01 -8.864482421156610892e-02
2.086500000000000000e+03 2.268494957638409346e+02 -9.162867612814256546e+00 8.993691953672796613e-01 -9.766758593446596137e+00 -3.262913752977613657e-01 5.394168902298789092e+00 1.831267556829694887e-01 -1.500761416930113945e-01 2.107060686804260730e-01
2.122500000000000000e+03 2.045624430322994840e+02 -5.877551020749651300e+00 2.610949486904619588e-01 -5.622800753312978017e+00 9.313284166608837289e-02 4.695191693762030383e+00 3.970448148142642630e-02 -1.020321393818579142e-01 7.625646041331865521e-02
2.158500000000000000e+03 1.835044828531420080e+02 -3.052712180945745146e+00 3.018969932939694623e-01 -2.665100748801514818e+00 1.479899157869723481e-01 5.103905740897570098e+00 -2.999014585718401404e-02 2.839695672478098065e-01 4.005121583672849872e-01
2.207000000000000000e+03 1.485635017677784901e+02 -3.252873426880748653e+00 1.243332086161976491e-01 -3.290332433193082551e+00 -9.837344424990010494e-02 5.990220542311460505e+00 2.538238275071458272e-01 6.665988737996209057e-02 1.277055706907675448e-01
2.268000000000000000e+03 1.318446349102486579e+02 -6.642898745820343009e+00 -1.255925380155617499e-01 -7.019305809352907488e+00 3.081625150393565993e-01 5.844304800447289949e+00 3.678571776944561389e-01 -1.408956995150732472e-01 9.207198506128376481e-02
2.329000000000000000e+03 1.264542174817163982e+02 -8.437999751565518736e+00 -3.377951490321628308e-02 -8.610376924582210378e+00 -2.572067413361996957e-01 4.556101598836463040e+00 -1.409002329930732211e-02 -5.349166162368566013e-01 1.647079769599036903e-01
2.390000000000000000e+03 1.182364237297528291e+02 -6.202137673743933988e+00 1.135262118099111539e-01 -4.854224378605844770e+00 1.765239903590593851e-01 3.067052685717638560e+00 -1.829999789480417083e-01 -3.285293921438049991e-01 2.628473902785893879e-01
2.451000000000000000e+03 1.044480922356218429e+02 -3.772934213665655179e+00 1.235520941608463513e-01 -3.566137269605340165e+00 -5.803129119993624130e-01 2.815224219304184317e+00 -4.600992712346231583e-02 -2.760733018506070224e-02 9.824252112373921264e-02
2.512000000000000000e+03 9.057448933659574664e+01 -3.279270726326679153e+00 1.264108690647300359e-01 -2.898647536577915851e+00 -1.719430508222682397e-01 2.479565565635768909e+00 7.423605962077847731e-02 -9.073123301321631140e-02 3.791477746561283113e-01
2.573000000000000000e+03 8.250933661524291551e+01 -3.847991321778916785e+00 1.311705564471293273e-01 -4.248542992021870468e+00 -1.435409512595502146e-01 2.729951619074912905e+00 -9.234165282088468985e-02 -1.270314907716385555e-01 -8.249118791679416196e-02
2.634000000000000000e+03 7.674141095040766913e+01 -4.753711259606470563e+00 -1.015840701617265474e-01 -4.744528890291304535e+00 1.585819707456148642e-01 2.640396241889932938e+00 2.511103247279100059e-01 -7.524817639236369704e-02 9.979514790996528439e-02
2.695000000000000000e+03 7.267253426619976153e+01 -3.629069287166141411e+00 -1.653178747403486470e-01 -3.307641463241533408e+00 -7.954418745945532332e-02 1.886963989798410068e+00 -7.138631299199710289e-02 5.031077016477621955e-01 -1.809004347389129852e-01
2.756000000000000000e+03 6.482692059995366662e+01 -1.793816472131119166e+00 1.489945425646155286e-02 -1.825411467054807391e+00 -2.227115694030749882e-01 1.332020950712963225e+00 -1.439354642882069435e-01 2.923804318074535447e-02 2.238760835659264758e-01
2.817000000000000000e+03 5.711049711330205980e+01 -1.255446633808787293e+00 -4.810530105857506733e-01 -1.942243309385086159e+00 5.041811411543132282e-01 1.921165568629373155e+00 1.880584661472892993e-01 -2.575586647030462806e-01 1.804967931078353960e-01
2.878000000000000000e+03 5.237516332339849612e+01 -1.544648604493738642e+00 -4.391156945445486293e-01 -1.412729424544575174e+00 2.110099778650591507e-01 1.461702022279691038e+00 3.268713834475985291e-01 1.348658797688670752e-01 -2.681296657880017364e-01
2.939000000000000000e+03 4.899548225259839995e+01 -2.209947449440190503e+00 -9.010668364028298627e-02 -1.612479400470358870e+00 4.087486220256447700e-02 9.062921854284144985e-01 -2.066982407693661594e-01 3.446953980748104218e-01 7.735304856230876269e-02
3.000000000000000000e+03 4.633405329611426993e+01 -1.507544553895999062e+00 1.043315291625101920e-01 -2.195045299343290512e+00 7.757328880767183632e-02 1.525133009174607590e+00 -2.941150439238905401e-01 1.713468684588770052e-01 2.912173035315878122e-01
3.061000000000000000e+03 4.474375496142866382e+01 -1.358755628854032338e+00 4.254548231912763101e-01 -1.352270248561992627e+00 4.278489759363720002e-01 -1.797059420095075688e-01 -5.812875713878501438e-02 2.225103314645949515e-01 5.351549138614006274e-03
3.122000000000000000e+03 4.120556539701512122e+01 -5.162051734368546807e-01 -5.955812137963224506e-01 -8.295270649847383826e-01 2.071299094889996750e-01 9.226863994183431839e-01 3.682408850501209946e-02 -1.761835339207332707e-01 2.220506223861199169e-01
3.183000000000000000e+03 3.883435991221320904e+01 -6.825646745440818730e-01 3.266480402480206879e-02 -3.474627432311589992e-01 -7.224739476855323028e-01 7.479192595314229086e-01 1.076780150116825596e-01 4.078329789541330214e-02 -1.387185103407016784e-01
3.244000000000000000e+03 3.736906611068428674e+01 -1.101678265313034144e+00 -5.404324664771950060e-01 -2.624322904512960686e-01 1.629946645193867116e-01 4.624092029477282484e-01 -6.215311503637944712e-01 -9.937042232716133960e-02 5.437985079899093632e-02
3.305000000000000000e+03 3.696617684623078048e+01 -1.440144194156062429e+00 -6.139690347183351937e-02 -5.126810147270519646e-01 2.586350988972040410e-01 5.123948223688227221e-01 -3.409257945327783257e-01 -3.045025513275311790e-01 4.066646885279555368e-02
3.366000000000000000e+03 3.544763878141062463e+01 -7.920807401350317134e-01 9.476828861301550555e-03 -2.855530520779253623e-01 -6.429709850115724601e-01 4.886932813558662603e-01 3.122753053905089615e-01 -5.217510991939379172e-01 -3.131133192294502376e-02
3.447000000000000000e+03 3.394489202709116427e+01 -4.472531852609210046e-01 3.642866873753862755e-01 -9.542882387861505444e-01 -3.778073038783366644e-01 1.593869971328273072e-01 -1.852777128026818210e-03 3.263454508904856111e-01 -2.977893481408148690e-01
3.548000000000000000e+03 3.260909474153750409e+01 -6.217103192815572887e-01 -2.715558518586781434e-01 -3.602750071511985341e-01 8.237487148148683880e-02 5.855621514089823232e-02 -6.735935870309012197e-02 -4.650856018272962050e-02 2.879943066626827197e-01
3.649000000000000000e+03 3.228085281700080600e+01 -7.745365867629333545e-03 6.165046454223359618e-01 2.796236784548275511e-01 4.671526564194166120e-01 4.093490682912774847e-01 -7.077970112997819530e-02 -1.104699005231462861e-01 -3.103952574190698144e-01
3.750000000000000000e+03 3.262540448827601125e+01 -3.147545623407778104e-01 -1.152854557646717654e-01 -1.558322235078540285e-01 5.237800880259028125e-01 1.608063525478702349e-01 -4.486486925856905672e-01 -2.984214113105731481e-01 1.188099432448536941e-01
3.851000000000000000e+03 3.261053812927401907e+01 3.006730422348509180e-01 1.201473468436856512e-01 -3.869825530295077920e-01 1.008158362384200979e+00 6.031596211208228864e-02 5.289500261906603384e-01 4.334372814262711926e-01 4.689980851851904831e-04
3.952000000000000000e+03 3.391038654678057185e+01 -5.009102592954866040e-01 4.322825727125866324e-01 -4.067751560331694383e-01 4.818779965119485698e-01 -4.026529163205780915e-01 9.478551059815326640e-02 4.585236913383387014e-01 2.726234667039565407e-01
4.053000000000000000e+03 3.366018792505363422e+01 2.640963271160654546e-01 1.246339175387183862e-01 -8.037069530473432977e-01 6.845091157410072846e-02 1.123997489879257072e-01 7.065141883708615511e-01 -5.471748941330363269e-01 -2.821573930286551124e-01
4.154000000000000000e+03 3.479544185109996590e+01 3.268155574703844324e-01 -5.245265867406463389e-01 4.011277176135095712e-01 -7.080602527195476448e-01 6.992441640854915041e-01 7.981098649257212241e-02 1.655602612362869486e-01 8.331792252191355663e-01
4.255000000000000000e+03 3.485304800120469082e+01 6.262151194507207252e-01 3.876113340795624418e-01 1.118668362051933318e-01 7.930723634343106454e-03 -2.779102845758449902e-01 6.098819463193523305e-01 -8.137939794112014624e-02 -3.568551899941869165e-01
4.356000000000000000e+03 3.658330004382550982e+01 2.779267992838672652e-01 1.779279350328301090e-01 5.535950434373376750e-02 -2.465538075636489468e-01 -9.732816010835900755e-01 9.182129594023397123e-01 -1.974403801873631237e-01 3.386518091662107377e-01
4.457000000000000000e+03 3.723703580625306842e+01 -1.174564977503213536e-01 5.011456285259423549e-01 -4.057672318390981303e-02 -4.682330595750654467e-01 -2.719871843411916235e-01 -3.996101891679875728e-01 -4.044537759852734338e-01 1.241402941564878626e-01
4.558000000000000000e+03 3.909810775224806889e+01 1.238133957313070077e+00 -3.210467567893476870e-02 1.618307290135880261e-01 4.065149036358227663e-01 8.081981565226268316e-01 1.025874823065635599e+00 -4.174858066251649902e-01 -4.660308992947440609e-01
4.659000000000000000e+03 4.004566792276492038e+01 9.612592006876194417e-02 -7.171429517264726883e-01 -7.564227190854873051e-01 -8.153932777702042056e-01 -1.017397780824413678e+00 -5.670619400268611665e-02 3.638993832237433224e-01 -1.333655583172188297e-01
4.760000000000000000e+03 4.073071769583900448e+01 4.910664752772699870e-01 -2.222366950315194933e-01 -1.139570232379331305e+00 -5.602696664604973620e-01 3.128146998166548287e-01 -4.045420108681810900e-01 1.195854319234167740e+00 -2.115370992701973152e-02
4.861000000000000000e+03 4.181510388611472706e+01 -5.000029101872375259e-01 -8.062072339834798207e-01 1.157604856419003792e+00 5.587196909268959955e-01 -1.304050241061137649e-01 -1.105773364470568620e-01 -8.746198625138986715e-01 8.241817442510772640e-01
4.962000000000000000e+03 4.425328687092653013e+01 -2.586336273845930012e-01 4.656609129545821180e-01 -3.148591676682162555e-01 -2.250176320107775130e+00 -9.332292710049179263e-01 -6.021472985011622203e-01 1.055912986982834756e+00 7.017046114250726774e-01
5.063000000000000000e+03 4.544607218143120519e+01 1.281069297629471748e+00 4.514931014723661540e-01 1.235288430993636943e+00 9.180865239156072999e-01 -7.136922446593962910e-01 4.019085854845885208e-01 -4.691950988019673308e-02 -1.480366017806342693e+00
5.164000000000000000e+03 4.704378806191863305e+01 6.054277859462894318e-01 -1.162568480187473607e-01 4.441096615892561328e-01 -5.555632454412219312e-01 9.183053655819496397e-01 7.775464887808813952e-01 -3.230066826265619584e-01 -7.678091848519086327e-01
5.265000000000000000e+03 4.909564438529172037e+01 -6.390237517786458987e-01 -2.125309267658736623e+00 1.795021435131560095e+00 -2.884409123615684911e-01 -6.220634482146039090e-01 1.832662740927722966e-01 -9.221337744907076583e-02 -1.578520072958982778e+00
5.366000000000000000e+03 5.023528077239873113e+01 -1.062659626266427182e+00 1.110950707423932760e-01 6.647246215676629877e-01 -1.491608989507665850e+00 -1.447661763167997107e+00 -4.639733783689600211e-01 -2.960775908966845060e-01 1.767212362223883337e+00
5.467000000000000000e+03 5.100581085889643163e+01 1.792911150948942878e-01 -1.348385164424368843e-01 -3.021162136442497870e-01 2.385918836261287090e+00 -9.667837717277143472e-01 9.429716339049324381e-01 -4.380657271196564673e-01 3.063301688365215880e-01
5.568000000000000000e+03 5.256667682328103552e+01 -1.457578219836850542e+00 3.739390376600125188e-01 1.791723259070011398e+00 -1.322078651034085395e+00 -1.321295048500852554e+00 1.349075825105040982e+00 8.005411801577370090e-01 -1.155025142918019387e+00
5.669000000000000000e+03 5.496877454712452504e+01 7.240510288928394544e-01 -5.304055887645273692e-01 -3.244595543380054403e-01 -1.625478579489915143e-01 -1.963458843599438897e+00 3.641729016970064237e+00 6.737366229855850097e-01 -9.766887461833403394e-01
5.770000000000000000e+03 5.640265872700348382e+01 -9.630443893165199221e-01 1.718541481148736949e+00 6.018316445486148192e-01 -3.546665989667349805e+00 -1.504670833371957173e+00 1.619070310003448476e+00 6.460279674161297780e-01 -3.357978641511958351e-01
5.871000000000000000e+03 5.688760638310466788e+01 -1.722739108424793386e+00 -2.676846970907448053e+00 2.021798206477683379e+00 1.072008239283009035e+00 2.143536109069517082e+00 -1.652742168643592802e-01 -1.126240565113934000e+00 -7.621063969973650432e-01
