# l Dl_TT Dl_TE Dl_TB Dl_ET Dl_BT Dl_EE Dl_EB Dl_BE Dl_BB
7.050000000000000000e+01 1.776900529882616866e+03 -6.919476446351277232e+00 2.275019294766371103e-01 -6.919476446351277232e+00 2.275019294766371103e-01 2.983153774050604223e-01 -3.362391375135598964e-04 -3.362391375135633659e-04 8.668701892175766435e-03
1.065000000000000000e+02 3.039122624657994493e+03 -2.705807693867119923e+01 1.346428500370858150e-01 -2.705807693867119923e+01 1.346428500370858150e-01 8.759316887333046253e-01 -1.823046845848346614e-02 -1.823046845848346614e-02 1.131552518671583192e-03
1.425000000000000000e+02 4.274953351796027164e+03 -4.578173175544680618e+01 -1.351047628751077090e+00 -4.578173175544680618e+01 -1.351047628751077090e+00 1.146357514276203915e+00 -1.061326367846305956e-03 -1.061326367846304438e-03 -3.876956709576428843e-03
1.785000000000000000e+02 5.287365320454097855e+03 -3.530267909693902340e+01 -4.831481753912552080e-01 -3.530267909693902340e+01 -4.831481753912552080e-01 8.124025592664914086e-01 1.534096653925783515e-03 1.534096653925782865e-03 2.186220560342679866e-04
2.145000000000000000e+02 5.791021945502527160e+03 3.406642367457753728e+00 1.617127738221373345e-01 3.406642367457753728e+00 1.617127738221373345e-01 7.839272116694032677e-01 -2.905835769299604243e-02 -2.905835769299604243e-02 2.986208568495429122e-02
2.505000000000000000e+02 5.471270419461507117e+03 6.023054619494988060e+01 9.989026034643344598e-01 6.023054619494988060e+01 9.989026034643344598e-01 2.374076135642094076e+00 2.854085393803452650e-02 2.854085393803452303e-02 -2.231780186221957868e-02
2.865000000000000000e+02 4.336142161658587611e+03 1.063996391941881257e+02 -8.578124918607335503e-02 1.063996391941881257e+02 -8.578124918607335503e-02 6.901006167697619098e+00 -1.476856006510124386e-02 -1.476856006510124039e-02 3.597718796904513655e-02
3.225000000000000000e+02 3.222176877685614272e+03 1.108440506497159390e+02 6.028575023284710177e-02 1.108440506497159390e+02 6.028575023284710177e-02 1.300297733515230370e+01 -1.384007504511965136e-02 -1.384007504511965830e-02 2.253264203192271650e-02
3.585000000000000000e+02 2.338453385328740296e+03 7.821675696949097301e+01 -1.881344493393308226e-01 7.821675696949097301e+01 -1.881344493393308226e-01 1.924834001476995127e+01 -3.994136758092149686e-02 -3.994136758092151074e-02 2.168164921654873456e-02
3.945000000000000000e+02 1.800153635599104746e+03 8.687363133084005540e+00 1.352465832442175664e-01 8.687363133084005540e+00 1.352465832442175664e-01 2.191125440585194539e+01 6.076805970143967645e-02 6.076805970143969032e-02 3.120710743988070260e-02
4.305000000000000000e+02 1.775038798737819434e+03 -4.956419125865936337e+01 1.116949138889682946e-01 -4.956419125865936337e+01 1.116949138889682946e-01 1.906506017591198443e+01 -6.553003467643941926e-02 -6.553003467643941926e-02 6.713849835282152678e-02
4.665000000000000000e+02 2.111429002244073672e+03 -7.197666200326196417e+01 7.677239091337485499e-01 -7.197666200326196417e+01 7.677239091337485499e-01 1.317024472877327135e+01 -5.810208307615279122e-02 -5.810208307615280510e-02 4.674354923841789883e-02
5.025000000000000000e+02 2.477674887007427060e+03 -5.575694473134888085e+01 8.732668500306499659e-01 -5.575694473134888085e+01 8.732668500306499659e-01 8.168641943757142698e+00 -5.133660774893168688e-03 -5.133660774893168688e-03 6.876322523284328359e-02
5.385000000000000000e+02 2.579198987012099224e+03 -1.519511442543176472e+01 9.739966769886552189e-01 -1.519511442543176472e+01 9.739966769886552189e-01 7.619760400276453183e+00 -7.249493142788052125e-02 -7.249493142788049349e-02 7.270366286209277440e-02
5.745000000000000000e+02 2.452178910111495043e+03 2.391155905353768674e+01 8.639502169591593839e-02 2.391155905353768674e+01 8.639502169591593839e-02 1.286989853457816047e+01 -7.149115695113311686e-02 -7.149115695113311686e-02 1.016839955186568112e-01
6.105000000000000000e+02 2.186844132461176287e+03 2.757824155124797727e+01 -7.827410102561027649e-02 2.757824155124797727e+01 -7.827410102561027649e-02 2.329802538024616609e+01 -1.019643839946217101e-01 -1.019643839946217101e-01 6.862513156208853438e-02
6.465000000000000000e+02 1.884449879496664607e+03 -1.315289538975336292e+01 1.748185986235142320e-01 -1.315289538975336292e+01 1.748185986235142320e-01 3.271974861272634172e+01 4.083390637184859673e-02 4.083390637184858285e-02 7.570579385572290265e-02
6.825000000000000000e+02 1.825754762712257616e+03 -6.708652531869637414e+01 4.807881866691157136e-01 -6.708652531869637414e+01 4.807881866691157136e-01 3.752226519640429103e+01 1.057244826931480614e-01 1.057244826931480752e-01 6.968973785400250920e-02
7.185000000000000000e+02 1.988123844461222689e+03 -1.173419799575185607e+02 5.902583768134981312e-01 -1.173419799575185607e+02 5.902583768134981312e-01 3.496004676392785626e+01 -5.760986959781411176e-02 -5.760986959781408401e-02 5.205513170610547025e-02
7.545000000000000000e+02 2.249710975575214889e+03 -1.320451983743997175e+02 -3.987627818083189779e-01 -1.320451983743997175e+02 -3.987627818083189779e-01 2.660811313055539529e+01 6.746909834744843626e-02 6.746909834744850565e-02 1.094333535196360674e-01
7.905000000000000000e+02 2.483851825921427007e+03 -1.051519570032294411e+02 -3.700464424560299115e-01 -1.051519570032294411e+02 -3.700464424560299115e-01 1.780546809815122700e+01 -3.228588392312052580e-02 -3.228588392312053967e-02 8.020150733504811946e-02
8.265000000000000000e+02 2.512924916056578240e+03 -4.293450198170475574e+01 -5.265270743600756198e-01 -4.293450198170475574e+01 -5.265270743600756198e-01 1.286902378369993194e+01 -3.467348963668366590e-02 -3.467348963668367978e-02 1.052705247972931385e-01
8.625000000000000000e+02 2.331514339579213811e+03 1.733395938763523247e+01 -3.947327901501669345e-01 1.733395938763523247e+01 -3.947327901501669345e-01 1.492960886239280960e+01 9.089742601045010251e-03 9.089742601045006781e-03 1.197337005139428728e-01
8.985000000000000000e+02 1.948263995424137647e+03 5.482369089765938952e+01 -4.952090826231931309e-01 5.482369089765938952e+01 -4.952090826231931309e-01 2.369190056421295765e+01 -5.338500304087774595e-02 -5.338500304087773207e-02 1.201222411040334809e-01
9.345000000000000000e+02 1.492374749373462919e+03 5.130821057474646096e+01 -2.353690438390410589e-01 5.130821057474646096e+01 -2.353690438390410589e-01 3.368808959591497398e+01 -8.274465869921790451e-02 -8.274465869921794614e-02 1.686667711034702671e-02
9.705000000000000000e+02 1.204598079931131906e+03 1.425151766206383996e+01 -3.591856209993110616e-01 1.425151766206383996e+01 -3.591856209993110616e-01 4.130741440137444442e+01 -6.885624134012366393e-02 -6.885624134012366393e-02 7.890606964300614715e-03
1.006500000000000000e+03 1.058019408709191339e+03 -3.392948642625026423e+01 -1.297649436478018337e-02 -3.392948642625026423e+01 -1.297649436478018337e-02 4.152559718443510661e+01 7.616675880875933662e-03 7.616675880875932794e-03 1.627205164396398895e-01
1.042500000000000000e+03 1.083675747148740356e+03 -6.900164902895694752e+01 2.163216142297967326e-01 -6.900164902895694752e+01 2.163216142297967326e-01 3.523260831148028416e+01 -2.663285480910320899e-02 -2.663285480910320205e-02 6.073968746033893418e-02
1.078500000000000000e+03 1.162061368411834792e+03 -7.597857483410544432e+01 2.955956809394630347e-01 -7.597857483410544432e+01 2.955956809394630347e-01 2.519952122246300874e+01 -3.591942509054499300e-02 -3.591942509054499300e-02 1.702664749415668810e-01
1.114500000000000000e+03 1.222111037570776944e+03 -5.890260196925373748e+01 -6.567671439610516249e-01 -5.890260196925373748e+01 -6.567671439610516249e-01 1.708181143105528221e+01 1.609326871653274926e-01 1.609326871653274926e-01 2.281915732098659458e-02
1.150500000000000000e+03 1.215581478430957077e+03 -2.863171261143494917e+01 -4.088472741175204761e-01 -2.863171261143494917e+01 -4.088472741175204761e-01 1.361169884376787920e+01 -7.301689458310695047e-03 -7.301689458310708924e-03 1.549395646045823860e-01
1.186500000000000000e+03 1.101681547261478045e+03 -3.913503081486462420e+00 1.242430166713686668e-01 -3.913503081486462420e+00 1.242430166713686668e-01 1.572139993072121911e+01 -3.287176859998372502e-02 -3.287176859998373196e-02 1.769702976787582704e-01
1.222500000000000000e+03 9.643315864689951695e+02 6.777353181190179932e+00 3.968034251005648771e-01 6.777353181190179932e+00 3.968034251005648771e-01 2.148083375038975618e+01 -1.107328570181430050e-01 -1.107328570181430882e-01 1.663733954452232267e-01
1.258500000000000000e+03 8.110581833542361210e+02 -6.521524550663105657e+00 -2.279643428059224819e-02 -6.521524550663105657e+00 -2.279643428059224819e-02 2.763185238511030306e+01 1.253346623806775584e-01 1.253346623806776139e-01 6.007667254656179345e-02
1.294500000000000000e+03 7.401965908209405143e+02 -2.772028131780211879e+01 -2.249670035772250443e-01 -2.772028131780211879e+01 -2.249670035772250443e-01 3.029111997128788403e+01 1.024819789437134490e-02 1.024819789437132755e-02 6.723346469487428978e-02
1.330500000000000000e+03 7.449587866296468519e+02 -5.086659197805977328e+01 -3.072374014266417985e-01 -5.086659197805977328e+01 -3.072374014266417985e-01 2.858160968587670681e+01 -4.924272213838445933e-02 -4.924272213838448709e-02 1.037937770114601491e-02
1.366500000000000000e+03 7.779714863092275436e+02 -6.034441504743152507e+01 5.179503072380247097e-01 -6.034441504743152507e+01 5.179503072380247097e-01 2.309155374887512835e+01 -1.002589250674308374e-01 -1.002589250674308791e-01 1.047927942508847243e-02
1.402500000000000000e+03 8.132117643622863170e+02 -5.317639925686995639e+01 3.454944496992357755e-02 -5.317639925686995639e+01 3.454944496992357755e-02 1.660470115562548088e+01 -3.936061167287949192e-02 -3.936061167287949192e-02 1.475558255302643063e-01
1.438500000000000000e+03 8.198707740695622306e+02 -3.476551391599113572e+01 1.275876382678433618e-01 -3.476551391599113572e+01 1.275876382678433618e-01 1.246770049313541229e+01 4.350211616845583301e-02 4.350211616845583995e-02 2.259570596940415066e-01
1.474500000000000000e+03 7.642392028179331191e+02 -1.278151499766535792e+01 7.275194589430797887e-01 -1.278151499766535792e+01 7.275194589430797887e-01 1.157068757461835773e+01 1.399071312199637873e-01 1.399071312199637873e-01 1.485351019666958372e-01
1.510500000000000000e+03 6.648758485829320080e+02 3.019909691228694015e+00 -3.312881377518851478e-01 3.019909691228694015e+00 -3.312881377518851478e-01 1.359925233484637275e+01 -1.577516048605406840e-01 -1.577516048605406840e-01 1.091517587954061140e-02
1.546500000000000000e+03 5.574296248040394630e+02 6.582975851100664855e+00 -5.857667517755010822e-02 6.582975851100664855e+00 -5.857667517755010822e-02 1.695758409324994886e+01 2.131623811270093594e-01 2.131623811270093038e-01 1.914969128711193486e-02
1.582500000000000000e+03 4.568937972357721264e+02 -1.609970328257359196e+00 -5.651179003177392302e-01 -1.609970328257359196e+00 -5.651179003177392302e-01 2.022500442003978094e+01 3.861361149561172434e-02 3.861361149561172434e-02 7.384403431114112959e-02
1.618500000000000000e+03 4.163418931979569493e+02 -1.384333770462576751e+01 1.365860720316344201e-01 -1.384333770462576751e+01 1.365860720316344201e-01 2.040163248789331973e+01 4.622747648541820908e-02 4.622747648541818133e-02 -1.164309336488846963e-01
1.654500000000000000e+03 3.992797957505984527e+02 -2.567854647896261255e+01 -3.628897138132225475e-02 -2.567854647896261255e+01 -3.628897138132225475e-02 1.826966045473913880e+01 -7.548266994108218664e-02 -7.548266994108215888e-02 2.178045587778519587e-02
1.690500000000000000e+03 4.032036237939159378e+02 -3.065561792973559108e+01 3.415096379860736442e-01 -3.065561792973559108e+01 3.415096379860736442e-01 1.489959612058758331e+01 -7.126142123544135232e-02 -7.126142123544136620e-02 2.791783790700788290e-02
1.726500000000000000e+03 4.045223601741396351e+02 -2.645809522478173648e+01 -1.122049723992112336e-01 -2.645809522478173648e+01 -1.122049723992112336e-01 1.091377757034831930e+01 -4.861213137320292282e-02 -4.861213137320290201e-02 -6.966938774782438504e-02
1.762500000000000000e+03 3.946415619171281151e+02 -1.857101330826560215e+01 -2.231884491755429800e-01 -1.857101330826560215e+01 -2.231884491755429800e-01 8.392871203358426513e+00 -7.852092209711111770e-02 -7.852092209711113158e-02 2.494778068193138354e-01
1.798500000000000000e+03 3.702243046013552430e+02 -9.247889010059729742e+00 1.502712191058969693e-01 -9.247889010059729742e+00 1.502712191058969693e-01 7.632696577807012162e+00 8.348098733713230080e-02 8.348098733713230080e-02 2.511183721887624842e-01
1.834500000000000000e+03 3.288041638847837476e+02 -4.587401084804820783e+00 4.195496255693244997e-02 -4.587401084804820783e+00 4.195496255693244997e-02 8.970866367154107124e+00 1.057512667444520243e-01 1.057512667444520105e-01 -1.362270534995743410e-01
1.870500000000000000e+03 2.871785548333427300e+02 -5.431021376866654649e+00 -3.050326535923211790e-01 -5.431021376866654649e+00 -3.050326535923211790e-01 9.990401921384977513e+00 1.746895618177213838e-01 1.746895618177214393e-01 4.578366271183005598e-02
1.906500000000000000e+03 2.598627241853830583e+02 -9.511216160610988624e+00 4.642883351288223243e-02 -9.511216160610988624e+00 4.642883351288223243e-02 1.128427134253968944e+01 7.638817971089993664e-02 7.638817971089993664e-02 3.308445480361894148e-02
1.942500000000000000e+03 2.440327782347879690e+02 -1.463997755459664774e+01 1.569992994334034053e-01 -1.463997755459664774e+01 1.569992994334034053e-01 1.097370517153135872e+01 1.114548805564049699e-01 1.114548805564049699e-01 1.098264011819373998e-01
1.978500000000000000e+03 2.435907116381432900e+02 -1.767550366977317822e+01 -1.791503086469874995e-01 -1.767550366977317822e+01 -1.791503086469874995e-01 9.768044681554913566e+00 -2.412189229810362406e-02 -2.412189229810354774e-02 8.940878771572022266e-02
2.014500000000000000e+03 2.429457493648919524e+02 -1.784213108235289269e+01 -8.881662275977894594e-02 -1.784213108235289269e+01 -8.881662275977894594e-02 7.948076058718672066e+00 -5.418522775461298568e-02 -5.418522775461298568e-02 -4.540331312141187431e-02
2.050500000000000000e+03 2.361896758258822047e+02 -1.383899507847328181e+01 1.926355663849828037e-01 -1.383899507847328181e+01 1.926355663849828037e-01 6.177807641247298420e+00 -8.948730198051103868e-02 -8.948730198051105256e-02 1.330475807895395712e-01
2.086500000000000000e+03 2.243881864145861300e+02 -9.345979858694320797e+00 6.460853238901374807e-02 -9.345979858694320797e+00 6.460853238901374807e-02 5.305249965289974945e+00 -4.210182073768294758e-02 -4.210182073768296840e-02 -2.121663263476573913e-02
2.122500000000000000e+03 2.044887158218684533e+02 -5.448676985974744369e+00 -2.328366713979750924e-01 -5.448676985974744369e+00 -2.328366713979750924e-01 5.064913853363066210e+00 3.333579590879275772e-03 3.333579590879275772e-03 1.550451343144935712e-01
2.158500000000000000e+03 1.803766283866476954e+02 -3.222610741654183819e+00 9.690137428796194441e-02 -3.222610741654183819e+00 9.690137428796194441e-02 5.321748175198891317e+00 -1.369974330486197767e-01 -1.369974330486196656e-01 1.887811076043596492e-01
2.207000000000000000e+03 1.535420085127271079e+02 -3.488546774134641204e+00 -2.712468329409223333e-01 -3.488546774134641204e+00 -2.712468329409223333e-01 5.898248337369898842e+00 3.733080311766374601e-03 3.733080311766370264e-03 -1.967472738865656649e-03
2.268000000000000000e+03 1.331978078092160729e+02 -6.745947566567405573e+00 3.075708898705614702e-02 -6.745947566567405573e+00 3.075708898705614702e-02 6.122550471643614323e+00 -3.779287879582518550e-02 -3.779287879582518550e-02 -8.892766078780665884e-02
2.329000000000000000e+03 1.263306273802321869e+02 -8.237338075239655666e+00 1.703977688666738766e-01 -8.237338075239655666e+00 1.703977688666738766e-01 4.481409828703556641e+00 -1.226615605918215390e-01 -1.226615605918215945e-01 8.645930395465162288e-02
2.390000000000000000e+03 1.188645998827178829e+02 -5.987102686561927456e+00 -7.539515886811382073e-02 -5.987102686561927456e+00 -7.539515886811382073e-02 3.266433365428961455e+00 3.407438267921222841e-02 3.407438267921223535e-02 -7.213589325826003096e-02
2.451000000000000000e+03 1.051398041562082284e+02 -3.782649715996650119e+00 -8.734792369960678315e-02 -3.782649715996650119e+00 -8.734792369960678315e-02 2.921150210404456438e+00 9.931175917083120974e-02 9.931175917083120974e-02 1.257218051278943260e-01
2.512000000000000000e+03 9.139128553371224939e+01 -3.311613325723911760e+00 7.743453896690130622e-02 -3.311613325723911760e+00 7.743453896690130622e-02 2.808031270094567322e+00 1.349134937246837876e-02 1.349134937246836835e-02 1.162837537688358874e-01
2.573000000000000000e+03 8.226656197073876342e+01 -3.879257763348078036e+00 2.237671027521891398e-01 -3.879257763348078036e+00 2.237671027521891398e-01 2.769667529326537814e+00 -2.083507039417470397e-02 -2.083507039417467621e-02 1.150594463519994184e-02
2.634000000000000000e+03 7.826880751475709985e+01 -4.203585505158223157e+00 -4.473489744647933530e-02 -4.203585505158223157e+00 -4.473489744647933530e-02 2.074031123669998422e+00 -8.147811660371961917e-02 -8.147811660371959142e-02 1.803262378104887320e-01
2.695000000000000000e+03 7.323476273386421553e+01 -3.425311643729386013e+00 -1.091309974790584669e-01 -3.425311643729386013e+00 -1.091309974790584669e-01 1.599432175673913381e+00 3.947648230424946614e-02 3.947648230424945226e-02 -1.625245842940038210e-01
2.756000000000000000e+03 6.602531414640766627e+01 -1.877066300324490955e+00 -3.212363485010744091e-01 -1.877066300324490955e+00 -3.212363485010744091e-01 1.558837869471747295e+00 1.578503869396359893e-01 1.578503869396360171e-01 -1.653755031939476150e-01
2.817000000000000000e+03 5.799636547616651683e+01 -1.529665886981403933e+00 1.401931360797419868e-01 -1.529665886981403933e+00 1.401931360797419868e-01 1.461581265538225427e+00 6.943887573486835774e-02 6.943887573486837161e-02 1.579605778283816875e-01
2.878000000000000000e+03 5.238045277693631618e+01 -1.844999667893637341e+00 -1.471587569150780428e-01 -1.844999667893637341e+00 -1.471587569150780428e-01 1.420190954394133120e+00 -1.997988035899786463e-02 -1.997988035899787157e-02 -1.367778632712717823e-01
2.939000000000000000e+03 4.889272673053211804e+01 -1.969303116075000304e+00 1.360278580429319095e-01 -1.969303116075000304e+00 1.360278580429319095e-01 1.058947824621022882e+00 -2.295913492066745110e-02 -2.295913492066740946e-02 -1.039847000489298456e-01
3.000000000000000000e+03 4.665810774932329252e+01 -1.750926348646344222e+00 2.630253984272013512e-01 -1.750926348646344222e+00 2.630253984272013512e-01 1.168492260027842455e+00 1.669483682105254996e-01 1.669483682105254718e-01 -3.053560186681703592e-01
3.061000000000000000e+03 4.388421775704811267e+01 -1.048289214469252606e+00 -1.610747270377489437e-01 -1.048289214469252606e+00 -1.610747270377489437e-01 6.477211392361483799e-01 6.518807096766887632e-03 6.518807096766887632e-03 -9.292366527645053165e-02
3.122000000000000000e+03 4.063213402626745818e+01 -1.123584868097384781e+00 -5.050866748462731759e-02 -1.123584868097384781e+00 -5.050866748462731759e-02 6.267209364959731577e-01 1.692285406130071557e-01 1.692285406130071834e-01 3.004439182892400528e-01
3.183000000000000000e+03 3.847463016395672497e+01 -1.044514352921132927e+00 -9.731087548631617290e-02 -1.044514352921132927e+00 -9.731087548631617290e-02 5.699142864562051214e-01 -3.008123530463202924e-02 -3.008123530463201883e-02 -1.775029991744917213e-01
3.244000000000000000e+03 3.741496987504968530e+01 -9.218534215669997867e-01 -2.196046638695746955e-01 -9.218534215669997867e-01 -2.196046638695746955e-01 7.203057552371315841e-01 -8.511788789399664379e-02 -8.511788789399664379e-02 -1.374583839229887305e-01
3.305000000000000000e+03 3.611698929709766048e+01 -9.388294062554221053e-01 -1.671653334851789519e-01 -9.388294062554221053e-01 -1.671653334851789519e-01 8.794462162017793183e-01 1.059615294927974960e-02 1.059615294927974266e-02 -1.087657601506866467e-01
3.366000000000000000e+03 3.460512068602772473e+01 -6.668742982261852692e-01 -1.379844707763430711e-01 -6.668742982261852692e-01 -1.379844707763430711e-01 3.685092166662582436e-01 -1.752397656015746152e-01 -1.752397656015746152e-01 -9.585952911120300401e-02
3.447000000000000000e+03 3.305853565655812787e+01 -3.473595267179134805e-01 5.056702614305941257e-02 -3.473595267179134805e-01 5.056702614305941257e-02 1.116071752351507351e-01 -4.370435031034988760e-02 -4.370435031034988760e-02 3.163491685386014551e-01
3.548000000000000000e+03 3.156520936252335474e+01 -4.463531391256945757e-01 1.668731333063236399e-02 -4.463531391256945757e-01 1.668731333063236399e-02 2.461353916814734977e-01 -4.708038060227267424e-02 -4.708038060227266036e-02 -2.478693007728947906e-01
3.649000000000000000e+03 3.115916084825564880e+01 -4.355277456317548368e-01 -2.950590914680130128e-01 -4.355277456317548368e-01 -2.950590914680130128e-01 -1.072296640267116768e-02 9.807813530464903895e-02 9.807813530464902507e-02 2.694664797684663826e-01
3.750000000000000000e+03 3.083817283785395347e+01 -9.156181883588740411e-02 -5.375575400875069743e-02 -9.156181883588740411e-02 -5.375575400875069743e-02 1.447974363344843585e-01 -1.636729863169291699e-01 -1.636729863169292254e-01 -5.714319552842200139e-02
3.851000000000000000e+03 3.039143265015773210e+01 -2.497575682439275302e-01 -2.156962390491218851e-01 -2.497575682439275302e-01 -2.156962390491218851e-01 7.492871165164489977e-02 9.665331706253869892e-02 9.665331706253868504e-02 -5.651634620403057224e-02
3.952000000000000000e+03 3.075629609629315553e+01 -2.922224054935499415e-01 -1.050475085893968069e-01 -2.922224054935499415e-01 -1.050475085893968069e-01 9.663024522066886168e-02 -1.018712729193268218e-01 -1.018712729193268635e-01 1.975199949003428601e-01
4.053000000000000000e+03 3.106579496855282940e+01 -3.059840679349224435e-01 -1.438667154886205668e-03 -3.059840679349224435e-01 -1.438667154886205668e-03 -3.854052413943140354e-01 -4.141103980533006323e-02 -4.141103980533007711e-02 5.885846989339463819e-01
4.154000000000000000e+03 3.133853811983078330e+01 -3.668581641993952647e-01 -2.873869339315472671e-02 -3.668581641993952647e-01 -2.873869339315472671e-02 5.310347683754501613e-01 -6.650121505748902984e-03 -6.650121505748909922e-03 -1.861579586498836869e-01
4.255000000000000000e+03 3.175635031950211484e+01 6.563971236229718120e-02 2.492282635458338558e-01 6.563971236229718120e-02 2.492282635458338558e-01 -4.384511804380334943e-01 -1.629135654696969304e-01 -1.629135654696968749e-01 -1.273599419576830760e-01
4.356000000000000000e+03 3.261602854752179326e+01 -1.813035233582208638e-01 1.360294666645963380e-01 -1.813035233582208638e-01 1.360294666645963380e-01 -4.988961251630468635e-02 2.383411572750933627e-01 2.383411572750933904e-01 -6.259059747473764146e-01
4.457000000000000000e+03 3.343341699309734594e+01 1.316033468628861336e-01 2.106262669529142817e-01 1.316033468628861336e-01 2.106262669529142817e-01 -2.838485167348535065e-01 4.798932665246369300e-02 4.798932665246358198e-02 -9.175083752541566065e-03
4.558000000000000000e+03 3.376151416164690744e+01 2.499279536623123521e-01 3.128111557590000924e-01 2.499279536623123521e-01 3.128111557590000924e-01 3.099346646362457491e-01 2.420003157573767383e-01 2.420003157573766828e-01 -2.786996443130568823e-01
4.659000000000000000e+03 3.474408454297216764e+01 4.899236270155321593e-01 -4.185244250809105893e-01 4.899236270155321593e-01 -4.185244250809105893e-01 7.745559609516129707e-02 -3.924570405424700897e-02 -3.924570405424702979e-02 1.615155888202036982e-01
4.760000000000000000e+03 3.543611753919285690e+01 1.184105228761444945e-01 2.259508955907998939e-02 1.184105228761444945e-01 2.259508955907998939e-02 9.011867449961112608e-02 1.903338608844935831e-01 1.903338608844936108e-01 4.689502987150702684e-01
4.861000000000000000e+03 3.653297240386086742e+01 -4.541011056184807160e-02 -3.481226753071586799e-01 -4.541011056184807160e-02 -3.481226753071586799e-01 2.437884428329362974e-01 2.485025718355365898e-01 2.485025718355365065e-01 2.833531511090783828e-01
4.962000000000000000e+03 3.763394484835070131e+01 4.159616451995287734e-02 -8.980103408609836635e-02 4.159616451995287734e-02 -8.980103408609836635e-02 5.174618847989811282e-02 1.589468662889320094e-01 1.589468662889320372e-01 3.650760955226588500e-01
5.063000000000000000e+03 3.813922948614037267e+01 1.525384271346878241e-02 -1.461922816006049897e-01 1.525384271346878241e-02 -1.461922816006049897e-01 5.562072921418425020e-01 2.631973857667293526e-01 2.631973857667294081e-01 -2.170084420857262553e-01
5.164000000000000000e+03 3.949915593945134873e+01 -1.110835571575298081e-01 -5.493392244119737339e-02 -1.110835571575298081e-01 -5.493392244119737339e-02 2.719461253794956401e-01 5.367792348580391337e-01 5.367792348580388007e-01 2.594501064507220844e-01
5.265000000000000000e+03 4.043941150631594894e+01 -7.425338239625949299e-01 4.270831345227823483e-01 -7.425338239625949299e-01 4.270831345227823483e-01 1.102185601717768082e-01 -5.731697198016068029e-01 -5.731697198016068029e-01 2.006948001418761701e-02
5.366000000000000000e+03 4.230147357357189719e+01 -8.295346334028644297e-02 3.190903699054598031e-02 -8.295346334028644297e-02 3.190903699054598031e-02 4.104593060158893136e-01 3.001283934228797801e-01 3.001283934228797801e-01 -6.674701569107527321e-02
5.467000000000000000e+03 4.359906525678788114e+01 3.765943957679373510e-01 4.621475749358574525e-01 3.765943957679373510e-01 4.621475749358574525e-01 3.933813333064530016e-02 -2.247799312175230990e-01 -2.247799312175230713e-01 -2.586563339656089422e-01
5.568000000000000000e+03 4.376393151303384599e+01 -2.017160223415453979e-02 2.337477133981825245e-02 -2.017160223415453979e-02 2.337477133981825245e-02 -2.053685382970540374e-01 -6.751510443562673824e-01 -6.751510443562673824e-01 -2.491353538421471892e-01
5.669000000000000000e+03 4.611719347060019913e+01 2.034404851332309860e-01 2.719983638339238396e-01 2.034404851332309860e-01 2.719983638339238396e-01 -1.596858378893392383e-01 5.825929461079515370e-01 5.825929461079515370e-01 -2.250996666961158077e-01
5.770000000000000000e+03 4.680740443231643866e+01 -6.777634278570494608e-01 3.972602487978793007e-01 -6.777634278570494608e-01 3.972602487978793007e-01 -8.344310351840646955e-01 -1.868931793899532845e-01 -1.868931793899532845e-01 5.106311838705347439e-01
5.871000000000000000e+03 4.889770298629132839e+01 1.970574124803572136e-01 2.099408456745764373e-01 1.970574124803572136e-01 2.099408456745764373e-01 -6.906452423750569780e-02 8.461059021240855404e-01 8.461059021240855404e-01 -8.255889918588109611e-01
