# l Dl_TT Dl_TE Dl_TB Dl_ET Dl_BT Dl_EE Dl_EB Dl_BE Dl_BB
2.700000000000000000e+01 1.106189041951742638e+03 1.123550657953380938e+00 -1.063648456330147152e+00 7.046904105993447853e-01 -1.205062313208909330e+00 3.730372848593741658e-02 3.670352313341458238e-03 9.266746085649105180e-03 1.187606667204470050e-02
7.050000000000000000e+01 1.987490464389198451e+03 -8.181791666051989154e+00 -1.066475438856041347e+00 -8.046795211797245884e+00 -1.789084349885552427e+00 3.382081390332839499e-01 7.366940796329691198e-03 -1.572232848338237995e-04 5.867431914759350074e-03
1.065000000000000000e+02 2.834393764655371797e+03 -2.601731394192343672e+01 7.736575381012905650e-01 -2.586146073990340000e+01 9.234560954683683764e-01 8.466920048596534576e-01 4.984759709994742750e-03 2.288079100490902906e-02 2.849776002998879836e-03
1.425000000000000000e+02 4.212953223123527096e+03 -4.312791735286590722e+01 -8.904690004897328759e-01 -4.372187439120474295e+01 1.159309577688133475e-02 1.102549896297248644e+00 4.691101077841101225e-03 9.665089456475123297e-03 -4.520532361237988156e-03
1.785000000000000000e+02 5.069712552602695723e+03 -3.358599318696261093e+01 1.264543053802014816e+00 -3.504968343372306805e+01 -1.172041021656240467e-01 8.288869071021156554e-01 -2.162365305692431905e-02 -1.360750791488973994e-02 -1.045067217935944509e-02
2.145000000000000000e+02 5.726691400570256519e+03 5.502154831749100694e+00 -2.660379871041553823e-01 4.745236912522945438e+00 -3.954643640904620949e-01 8.690519478020312105e-01 4.854664878350279517e-04 2.901446438529434180e-02 1.284797715447091697e-02
2.505000000000000000e+02 5.351815125788813020e+03 6.017385746828666981e+01 1.661806567450041738e+00 6.005568667742799249e+01 1.035939586045457217e+00 2.391029217093191939e+00 5.193262960866976835e-03 1.434781813114925642e-05 4.197744189293854677e-02
2.865000000000000000e+02 4.504678867170241574e+03 1.089170966865640082e+02 -7.323160467697846787e-01 1.086481580563400939e+02 -1.559210082020235089e-01 6.702871280905597473e+00 -3.831377574759357862e-02 -1.613987606374060399e-02 2.839196660412729445e-02
3.225000000000000000e+02 3.395199565350767443e+03 1.213585218667128061e+02 -7.544731378598296123e-01 1.211602265221013681e+02 -5.348956688205237509e-01 1.347659162485657802e+01 2.431979047202549940e-04 7.257692950078463434e-03 4.954968591252600918e-02
3.585000000000000000e+02 2.272815181067474896e+03 7.404838800895957718e+01 -1.914240613453451478e-01 7.443104601077632765e+01 -1.362084891943622089e-01 1.904857524019262627e+01 -6.199451202139978634e-02 -5.084887636434092667e-02 5.444239024334319998e-02
3.945000000000000000e+02 1.758146464393978022e+03 1.541400487818283338e+01 1.929527694597807930e-01 1.619172601489093211e+01 2.059958925813456798e-01 2.144452122024099694e+01 1.697991330356047809e-02 4.357830555569297548e-02 4.538352112819547812e-02
4.305000000000000000e+02 1.737193016074047591e+03 -4.999800390584698562e+01 -3.484810197548744992e-01 -4.931579008191992841e+01 1.998859491564496937e-01 1.873022579848810309e+01 2.257499914594441465e-02 -1.262881423586904861e-02 6.220288883411509429e-02
4.665000000000000000e+02 2.129103854529966156e+03 -7.503515601846081040e+01 -1.548907547599761569e-01 -7.500379175148590605e+01 -1.076513836371380428e+00 1.349801556651055989e+01 6.856334711293368689e-02 7.556395069867256897e-02 4.984192033307401071e-02
5.025000000000000000e+02 2.402975672881240826e+03 -5.473015443936760960e+01 -7.826258456544696318e-02 -5.456675258576622412e+01 -4.247277177473489096e-01 8.303690501464402018e+00 2.869111638368059339e-02 3.538577731152380002e-02 6.537778207274472231e-02
5.385000000000000000e+02 2.616884522694087991e+03 -1.233503881486501541e+01 4.460337330981657411e-01 -1.320181993714054869e+01 -8.181625265775854805e-02 7.376613085939979442e+00 6.766071907523016349e-02 5.051883758359081850e-02 4.381861844704273978e-02
5.745000000000000000e+02 2.442890574901619857e+03 2.248026255134998763e+01 9.219279873560182192e-02 2.231554159119464487e+01 1.090389849398360589e+00 1.271064061422611680e+01 -4.158403883777274379e-02 -5.496298704640018018e-02 9.422782539529914181e-02
6.105000000000000000e+02 2.133336750712968296e+03 2.249622781380229952e+01 -2.392984766811419584e-01 2.191922546857727383e+01 -1.009132650022732114e-01 2.289348466791901160e+01 8.819234369715536759e-02 5.709250792776925099e-02 7.770575506528264176e-02
6.465000000000000000e+02 1.888893190042039805e+03 -1.418623801238149618e+01 4.464909262789442113e-01 -1.352796854104967039e+01 5.990076544521010238e-01 3.254593916803602838e+01 1.757887618745897912e-02 5.444135630566907663e-02 8.270600535570450662e-02
6.825000000000000000e+02 1.841732001314869876e+03 -6.759630685514450477e+01 5.718068309622368339e-01 -6.685532661097703055e+01 -3.297888367971433810e-01 3.705524285966586717e+01 -3.452585057972535482e-02 2.624770881475792933e-02 1.041561301081807001e-01
7.185000000000000000e+02 1.976139709918699509e+03 -1.205645614255100782e+02 -6.450212013264785549e-01 -1.204013507837593835e+02 6.549203677238735199e-02 3.537165854917292052e+01 7.880496019744047398e-03 5.739189498509428278e-02 7.872760603441913974e-02
7.545000000000000000e+02 2.291726037754790923e+03 -1.357478116096363578e+02 -5.595350078692095108e-01 -1.357168628538121880e+02 1.254207541482759425e-01 2.690639287807923807e+01 1.304345909184665420e-01 4.461832321194044576e-02 9.545925018902691461e-02
7.905000000000000000e+02 2.477115127168512117e+03 -1.008742376239204646e+02 4.499269899237863246e-01 -1.008707610809420316e+02 -8.763749623594444538e-01 1.752472166763400452e+01 -6.356686711705483717e-02 2.843324235807971612e-02 8.421869781116728126e-02
8.265000000000000000e+02 2.520945530437809794e+03 -4.388429499308637105e+01 1.043360408400069606e+00 -4.353548858376053943e+01 2.014693993160053265e-01 1.306427460784265193e+01 1.012637436143176695e-02 -2.253017835301122929e-03 9.077388845281599006e-02
8.625000000000000000e+02 2.280225103633942126e+03 1.663207453578397832e+01 2.806837315811968603e-01 1.710071055692457520e+01 7.951522208293688720e-01 1.526149997656616364e+01 -8.179690024838265350e-02 -4.864136646594750119e-02 7.331557240854540136e-02
8.985000000000000000e+02 1.947390911808675355e+03 5.431595106775856152e+01 9.216051569232890373e-01 5.412486249290876117e+01 7.337350110563203298e-01 2.350932425618603361e+01 9.196280780491734863e-02 6.318801823297073503e-03 1.124958908292635479e-01
9.345000000000000000e+02 1.512618342002747795e+03 5.090129602217659510e+01 6.822250108952102599e-01 5.073128534760758868e+01 1.576967909291130676e-01 3.410117441389252235e+01 -5.743844844182849352e-02 4.674215430158197918e-04 6.074426527178419799e-02
9.705000000000000000e+02 1.180390992680655017e+03 1.539984070218606504e+01 2.493222088832021122e-01 1.601983646121344407e+01 4.192693527782512808e-01 4.037452176396035952e+01 -8.855900129553878619e-02 -4.037605608255157019e-02 1.039760223006055417e-01
1.006500000000000000e+03 1.062822041605288632e+03 -3.338641241722309161e+01 1.838716318201714106e-01 -3.369854364134361902e+01 -2.361630866353630342e-01 4.156792329365514149e+01 -1.267658562570564071e-02 1.747479312491152098e-02 7.040182045140554179e-02
1.042500000000000000e+03 1.063347618133420156e+03 -6.804590743827196775e+01 3.675442744048401100e-01 -6.859478306055191865e+01 1.798568479963463529e-01 3.557911474788880923e+01 -8.664680566043526933e-02 -6.210359919033555526e-02 1.043405777343344998e-01
1.078500000000000000e+03 1.172715043167733711e+03 -7.829344864534472492e+01 2.948941764605667037e-02 -7.870185375454607879e+01 -8.702641425696563404e-01 2.540509378295814713e+01 -2.106363388813921669e-02 3.295762756382328296e-02 4.143535355252490893e-02
1.114500000000000000e+03 1.241311300730366838e+03 -6.084393803751866869e+01 -1.303615420138697911e-01 -6.006398916149558431e+01 2.384307434557140781e-01 1.697971597864809468e+01 -7.251813390606437482e-02 -5.868743072428413143e-02 1.274048390788220242e-01
1.150500000000000000e+03 1.209354754569995521e+03 -2.797011747036473750e+01 7.131275775037881903e-02 -2.833586883485444119e+01 9.683256505883899856e-02 1.330427593282106358e+01 1.386278154367211746e-01 -2.015029038602418263e-02 1.703177518218326192e-01
1.186500000000000000e+03 1.120656712648319626e+03 -2.810571428204585942e+00 1.124224305883619046e-01 -2.684983993974969785e+00 -4.578330766510180228e-03 1.566306253568420814e+01 3.857698770009851397e-02 6.176688930223682428e-02 1.200890172357012703e-01
1.222500000000000000e+03 9.560102679726294355e+02 5.995287816525598501e+00 -4.758951394843247140e-02 6.539243085394272015e+00 -6.817812876508710929e-02 2.166853332961758127e+01 8.912176874596153264e-02 7.261134474855293619e-02 1.018689462203452439e-01
1.258500000000000000e+03 8.226817681159484437e+02 -5.046679915316628851e+00 -7.694271489243542650e-02 -4.427964330042852836e+00 -4.131574481882031025e-01 2.753185616809202685e+01 -1.947761884514842903e-02 -3.836587209587559444e-02 6.955606213811817151e-02
1.294500000000000000e+03 7.307489542029525182e+02 -2.827917875312468610e+01 -7.272466472738285947e-01 -2.739418217900653474e+01 -6.477675847091485251e-02 3.039404944645292517e+01 9.753598091565326977e-02 -9.294499224219879285e-02 1.036559978974770507e-01
1.330500000000000000e+03 7.401154214091163794e+02 -5.194632526613219170e+01 -1.703891259992696972e-01 -5.228139043780473116e+01 -2.809471154601733134e-01 2.925479461531101322e+01 1.560697812073819080e-01 8.436225085848586547e-02 1.407425720062011054e-01
1.366500000000000000e+03 7.778599751565577662e+02 -6.058140253072269843e+01 1.092017993455811770e-01 -5.984813785156561039e+01 1.693165520124556289e-01 2.318883019142359814e+01 -6.222420056519975540e-02 1.063548911208656023e-01 1.225018407775592955e-01
1.402500000000000000e+03 8.085067439268132148e+02 -5.229394960418086669e+01 3.788891352965281789e-01 -5.225085965772525753e+01 -2.576372160375106635e-02 1.696632646220838936e+01 5.260506624944472076e-02 -6.342096717716193960e-04 8.149692238067839101e-02
1.438500000000000000e+03 8.135706146779716619e+02 -3.525317672589962115e+01 -1.385398547075848419e-01 -3.535430591990041194e+01 -1.010593024307386706e-01 1.275194910866367692e+01 -7.760485483382065230e-02 -5.238442831952355716e-02 8.229551330523429686e-02
1.474500000000000000e+03 7.629632103125848062e+02 -1.200392863638720797e+01 -1.777090114762915063e-01 -1.222439125511669822e+01 -1.653523854723305542e-01 1.139080243461849840e+01 5.314414846084693222e-02 -6.230240411448690480e-02 1.195113372110773176e-01
1.510500000000000000e+03 6.752437092620824615e+02 1.975457967415831462e+00 6.628368270686262331e-01 2.179123746138158513e+00 1.777680340629041456e-01 1.343635903335550630e+01 -2.496345305976533507e-02 1.147706683386267162e-01 1.004433841754089063e-01
1.546500000000000000e+03 5.482228375682520891e+02 5.422064065180817849e+00 -3.820648183723981406e-01 6.112176052390621450e+00 -2.434648499230629426e-02 1.711641313189849001e+01 -3.298663824396597805e-02 2.800348812280909622e-02 -2.782104020358656254e-04
1.582500000000000000e+03 4.597447931308311126e+02 -2.589708149836693174e+00 2.218752841746379767e-01 -2.544544850688456705e+00 -2.435398386765728618e-01 1.970881960816440426e+01 3.954574221236181047e-02 -1.303398950087362451e-01 1.385455153611016843e-01
1.618500000000000000e+03 4.067778248717983729e+02 -1.421208073030148533e+01 -3.787323494610174701e-01 -1.392097361843678271e+01 -6.028121884562749611e-02 2.054694160046451401e+01 1.614403490188501267e-01 6.121369671867640805e-02 2.443741727684162549e-02
1.654500000000000000e+03 4.004058617244499487e+02 -2.559914499350269779e+01 -1.537102214777418818e-01 -2.582116976138046738e+01 -6.047679529077064353e-02 1.854744606811564012e+01 -1.060040236206947206e-01 -2.112901423952434632e-02 1.883133659250045555e-02
1.690500000000000000e+03 3.986521187939625293e+02 -2.868097602651127431e+01 -1.678107736315994358e-01 -2.936857300117277703e+01 -1.989546596064035444e-01 1.466810398050804665e+01 1.059431276053693777e-01 3.424201062869726420e-02 1.478399643600638580e-01
1.726500000000000000e+03 4.017488230426583300e+02 -2.658955841163781031e+01 -1.891022153177044085e-01 -2.692403780545655678e+01 -2.287721908171708729e-01 1.113810710337425292e+01 5.087881588013060813e-02 -7.780899547647447678e-02 8.899893146285711709e-02
1.762500000000000000e+03 3.989391196288719357e+02 -1.763100495075510565e+01 -3.321630794439005552e-01 -1.745042465103858831e+01 -8.519903750727800817e-01 8.465882455633426673e+00 1.305769404599505523e-01 8.739100570460778261e-02 -8.118808437768139374e-03
1.798500000000000000e+03 3.662028155157695437e+02 -1.004157487898086565e+01 4.577504249991123375e-01 -9.954997856067656414e+00 1.818114243537922448e-01 7.747219246543065374e+00 -9.559827046347245394e-02 8.912156881835702621e-03 1.761872319196177150e-01
1.834500000000000000e+03 3.267133479362333901e+02 -5.539079189442268181e+00 -1.668178052791582933e-01 -5.126461176716915702e+00 -1.668628791823356661e-02 8.658289234413386382e+00 1.481383553429691524e-01 9.873377964232943338e-02 1.076174529304550070e-01
1.870500000000000000e+03 2.918849265341157206e+02 -6.205786078164149622e+00 -3.808519975867628027e-01 -6.227891652806472500e+00 -6.991911781783529678e-01 1.007543149987039577e+01 2.367874769218666561e-02 7.007815560985447556e-02 1.755796857629669111e-02
1.906500000000000000e+03 2.588941622632505641e+02 -9.026558319536349018e+00 1.025087628772299309e-01 -8.958577159543711588e+00 -1.129285037585124885e-01 1.100616434441101532e+01 8.456825545257062871e-02 1.080726777957908766e-02 -1.307357010424144428e-01
1.942500000000000000e+03 2.456513784589367049e+02 -1.466097469764506300e+01 1.565081516252077865e-01 -1.502293327310405857e+01 6.762739884277418900e-02 1.106960049070414698e+01 -9.834902903681058683e-02 -3.629076334860155406e-02 2.202161138796327189e-01
1.978500000000000000e+03 2.418734955514997864e+02 -1.742595013275117566e+01 7.621808249464827323e-02 -1.781332771532519388e+01 -2.772126355821880050e-01 9.601586137648354224e+00 -7.240983219928109893e-02 -9.103916922589370964e-02 2.011875286527131657e-02
2.014500000000000000e+03 2.439534198435793542e+02 -1.718004770609254095e+01 4.345075765527366130e-02 -1.727799195704970359e+01 -1.738423149084752373e-01 7.919647574431634141e+00 3.933576074730871230e-02 7.047207453778074615e-02 -3.995805265656915406e-02
2.050500000000000000e+03 2.377214983996044566e+02 -1.490908756997969320e+01 1.437414628953131296e-02 -1.461702974895932527e+01 -1.305568216414075278e-01 6.169371148175368802e+00 1.514201482985431668e-01 -4.324769549826901205e-02 1.527364153683907072e-02
2.086500000000000000e+03 2.249082884388201933e+02 -9.804754166555945005e+00 -3.520889431879125064e-01 -9.293652356080229993e+00 3.378904600579833439e-01 5.057415330214787730e+00 -5.564509632597335054e-02 4.829328094038329994e-03 3.701421336746990587e-02
2.122500000000000000e+03 2.051999785060147019e+02 -5.203671920072769908e+00 -3.345272955472795573e-01 -5.263197016745993828e+00 -1.587103666908561139e-01 5.131545908563660774e+00 -1.111857228827631272e-01 1.124844510141555509e-01 -4.900949721530845071e-02
2.158500000000000000e+03 1.816269284471109700e+02 -3.279694884421891388e+00 -2.810440585302080296e-01 -3.436056237192435248e+00 9.155251888767282353e-02 5.444727838690334387e+00 -5.178667901343636526e-02 -1.735894830029537927e-01 1.662624627194649318e-01
2.194500000000000000e+03 1.573155279458916311e+02 -3.075988708988107501e+00 -3.162201125696685322e-01 -3.253481504376031452e+00 -4.515486071870531970e-01 5.785560167167810519e+00 9.200113048654287584e-02 -1.211325882685960892e-01 4.001970614362549555e-02
2.230500000000000000e+03 1.434314294861603116e+02 -5.234325516569182213e+00 2.462373612330578387e-01 -4.810097200315510690e+00 -6.908373171730881890e-02 6.091625899584310666e+00 2.384160551649900511e-02 9.573428570518757730e-02 -4.214552590274739385e-02
2.266500000000000000e+03 1.319531230208521038e+02 -6.468666377194391970e+00 -2.505605500918151041e-01 -6.809560289753981976e+00 -1.469231182518591083e-01 5.948322507555337424e+00 1.514421874703744675e-01 1.142618504245292849e-02 4.813813568873046012e-03
2.302500000000000000e+03 1.284628129279789732e+02 -8.241440659943688019e+00 -1.831840158887639014e-01 -7.858620354584627599e+00 4.333286908429864193e-01 5.318311649300729194e+00 1.074751594863049831e-01 1.228615021370816907e-01 1.583998643105718473e-01
2.338500000000000000e+03 1.242277422077188191e+02 -8.161158321586114539e+00 1.934276082676354425e-01 -8.261331559746464492e+00 1.073877965206282425e-02 4.467218864181001337e+00 -9.219472011067192385e-02 -4.712149625123833452e-03 1.468344668904677242e-01
2.374500000000000000e+03 1.218360525988971688e+02 -6.681322161573827856e+00 -1.586242815603353673e-01 -6.743468077207676714e+00 1.355660971143038684e-01 3.710148801343593039e+00 8.412462481507859691e-02 4.041812078519360640e-02 1.143074490544292582e-01
2.410500000000000000e+03 1.168675956911790195e+02 -5.133615099358046052e+00 4.346837714862664126e-02 -4.844467948515392308e+00 -2.372763778447566918e-01 3.033514605858611546e+00 1.541698873166220118e-01 4.484751996388404438e-04 2.195304274083896834e-01
2.446500000000000000e+03 1.064832222857607462e+02 -3.771663373507525563e+00 -4.080555121530753115e-02 -3.463731224570073763e+00 -1.100280440757404748e-01 2.928818993671002069e+00 -1.638006645946500361e-01 9.219810412708676073e-02 1.165551464168714801e-01
2.482500000000000000e+03 9.866579286202153298e+01 -3.212830370977364680e+00 2.788333820225887827e-01 -3.073943343563382946e+00 1.217999987839704923e-01 2.897085760887566863e+00 2.239529614997207846e-02 -1.983220394788117180e-01 -6.801480784956551173e-02
2.518500000000000000e+03 9.018390305001184970e+01 -3.458813889309677592e+00 1.668628427136863157e-02 -3.323219390493526326e+00 -4.134591809722513167e-01 2.747780586077291698e+00 1.989601966322455118e-01 -1.457358139954634813e-01 1.126577833985603627e-01
2.554500000000000000e+03 8.411915093670245369e+01 -3.157438955987122320e+00 1.964771226056654108e-01 -3.556189900193491127e+00 4.090532281600006703e-01 2.797226869976849439e+00 -2.808550829463872245e-01 -1.539473083703494782e-01 5.966700198379085857e-02
2.590500000000000000e+03 8.078349099909792130e+01 -4.307237210300875141e+00 8.237837467846871597e-02 -3.815426158436959092e+00 1.256073242467333761e-01 2.884538891451038367e+00 8.630008223759634556e-02 -2.532454091001240526e-01 2.054422740127124225e-01
2.626500000000000000e+03 7.820093964003862652e+01 -4.141984656639293050e+00 6.615836075095082869e-03 -4.451067200523914913e+00 -2.769317046818704497e-01 2.344722416726320979e+00 -4.487612866953080010e-02 -2.634080035244368637e-02 4.669561251399721030e-02
2.662500000000000000e+03 7.644216741057640263e+01 -3.674596467288327784e+00 2.771849403415572177e-01 -4.387635000084847192e+00 -1.763072522901882877e-01 2.078632848678942047e+00 -2.624439801230166736e-01 1.015511972551941602e-02 1.478320947110950412e-01
2.698500000000000000e+03 7.328502046801537517e+01 -3.709740944937822249e+00 -1.006414966538699135e-01 -3.353545081531673855e+00 -1.735338309340418994e-01 1.746210641055416346e+00 -1.527024734172912346e-01 5.816868856707535507e-02 -7.372844937164615975e-02
2.734500000000000000e+03 6.881648130492403936e+01 -2.649901306487524533e+00 -1.200572326371144027e-01 -2.591350320121901696e+00 -1.512975798713857567e-01 1.609532435388661087e+00 -8.739813897052296776e-02 3.280241759155680947e-01 1.044679831328128305e-02
2.770500000000000000e+03 6.374009700907419074e+01 -2.208243770054017396e+00 7.686287407060485299e-02 -1.748148670704417817e+00 -2.614214053279535072e-02 1.471439332410649836e+00 3.603795110618529529e-02 1.188855439873079123e-01 3.535338856512487693e-01
2.806500000000000000e+03 5.940655579788835894e+01 -1.686313314404673136e+00 -1.291434060202572599e-02 -1.403184270641263165e+00 -3.761797360752380109e-02 1.407082894282338792e+00 1.223620275056152562e-01 1.602801876540752568e-01 -8.760662067858371316e-02
2.842500000000000000e+03 5.497330559665426364e+01 -1.365960035839871578e+00 -1.114781837072492676e-02 -1.897976670028368673e+00 2.700006011233012648e-01 1.658596434614309167e+00 -3.301060536096712683e-01 4.814026855712659481e-02 1.465355369548412834e-02
2.878500000000000000e+03 5.178644149392444263e+01 -1.203171872271654230e+00 -2.559414941259748333e-01 -1.844884292155247074e+00 -1.490579824019567790e-01 1.489690451925217651e+00 1.036070313544599220e-01 -2.202873121318845162e-01 2.200201795512756742e-01
2.927000000000000000e+03 4.923068568823662616e+01 -1.691517418056550870e+00 -1.696709625173707658e-02 -2.069904339912771896e+00 9.485889817919085365e-02 1.394751335437534490e+00 6.656755112684749343e-02 -1.831101316139050472e-01 8.321631515387203915e-02
2.988000000000000000e+03 4.687698919768055816e+01 -1.742726216866391953e+00 1.531134805434674617e-01 -1.571205258474424049e+00 2.688370427519773398e-02 8.711596925313596085e-01 -6.609444510989731514e-02 -3.255173986972492717e-02 -1.266820857360750896e-01
3.049000000000000000e+03 4.425306723076110416e+01 -1.300407083041816625e+00 6.455489105096787195e-02 -1.350730646738945273e+00 -1.927041206414883689e-01 8.607991447249876416e-01 -4.958191944650747196e-03 2.329824587341745024e-01 -1.239939554027657542e-01
3.110000000000000000e+03 4.131849852597999018e+01 -1.183151116760018828e+00 -7.888498048539958896e-02 -1.007188437089235888e+00 1.035198123080754845e-01 6.232665082594787131e-01 6.781955273125088446e-02 -1.359232269795290493e-01 2.811532329926437757e-01
3.171000000000000000e+03 3.865482073989988976e+01 -1.175249516950252815e+00 -1.055324856874126499e-01 -7.293222669708148143e-01 2.632703100549358896e-02 4.612840256641089209e-01 -3.979818739829246721e-02 -1.242592436985509585e-02 9.124070224083902225e-03
3.232000000000000000e+03 3.740269754150340020e+01 -9.474917964334494958e-01 -1.996119234153694300e-01 -7.987731499746969499e-01 2.325682232826925544e-02 4.372089199539780924e-01 5.752172481091132050e-02 6.932801562716579824e-02 -1.212704010893940754e-01
3.293000000000000000e+03 3.631102390779285827e+01 -9.293430926602164188e-01 -6.576623520341098872e-02 -1.159016435883401863e+00 -1.263938997190302838e-01 6.214729750767353789e-01 -9.003392187824084403e-02 2.016842738717775432e-02 3.093653357209382587e-02
3.354000000000000000e+03 3.486631752347308577e+01 -7.736460039996435611e-01 -1.090620652588690370e-01 -5.274055247928883805e-01 4.298012377802536976e-01 4.268115321832925690e-02 -1.331074459538595101e-01 6.956106178558149611e-02 -7.594401903648335950e-02
3.415000000000000000e+03 3.325200546665554668e+01 -5.783527590114234673e-01 6.057480614101153765e-02 -5.427649487385036720e-01 -1.746507881567071693e-02 4.232583458087704753e-01 1.012920585834974352e-01 1.217267869249353540e-01 -9.933887218039139100e-02
3.476000000000000000e+03 3.215735223341620497e+01 -4.072300946155750223e-01 1.981715813117031211e-01 -5.176034358941091762e-01 -2.787914039022082457e-02 5.099713275481013719e-01 -5.559086567368662357e-02 -9.805435445988748555e-02 2.704040172080962590e-02
3.537000000000000000e+03 3.141715978934080766e+01 -3.152807362874757158e-01 9.590183326632412131e-02 -3.700718352759082008e-01 -5.133145567125112496e-01 1.056593020511086001e-01 -9.493854202950174903e-02 -1.515668843425605483e-01 1.391540121657196538e-01
3.598000000000000000e+03 3.120606580737989333e+01 -5.690180837833953564e-01 5.361456530305299673e-01 -3.489212651930253539e-01 2.285904591905647265e-01 4.397411460965389707e-01 -3.017756067594980218e-02 -9.853568679680593800e-02 1.708350196350637562e-01
3.659000000000000000e+03 3.104094886956255550e+01 -4.686138426621005992e-01 -2.414245778570869860e-02 -2.570485360652419726e-01 -4.531584860074758248e-01 3.498235665595358923e-01 1.333512609987733688e-01 4.501880277368032202e-01 -1.309171540865432526e-01
3.720000000000000000e+03 3.054404564433486513e+01 -7.892401128979974201e-02 1.314834590922316360e-01 -1.189271560108899617e-01 -4.880159490807276512e-01 5.881578669845860530e-01 -1.468734415911726043e-01 -2.911125715723931751e-01 -4.097958961635657094e-01
3.781000000000000000e+03 3.040843185959821682e+01 -2.738803741679618486e-01 -6.805680475470676782e-02 1.414817215966772575e-02 2.586190759828670416e-01 1.470484983482615582e-01 -3.322670561664642364e-02 9.599309222740923242e-02 -2.941171509672516615e-01
3.842000000000000000e+03 3.008697750080948197e+01 -1.849939832753509095e-01 1.321699813548120050e-01 1.042371766276603967e-01 -5.195455466707353809e-01 -1.833764851462607592e-02 -2.160528271303687742e-01 1.994945977187861652e-01 -6.374026001265933883e-02
3.903000000000000000e+03 2.975322928595601013e+01 -1.105989406763852739e-01 1.978946824248182246e-01 -2.656326665655559527e-01 1.700519441474299120e-03 4.946830914413147262e-01 2.188195115181402473e-01 -3.570379514644619334e-01 8.527599388399802194e-02
3.964000000000000000e+03 2.974774003121197552e+01 -5.983482756313452944e-01 -1.270874572599710040e-01 -3.206714978529792703e-01 4.809888449837170787e-01 4.843767047688955496e-01 -8.878828358433042689e-02 -4.601390729484485798e-01 -3.997037992969718068e-02
4.025000000000000000e+03 3.029183404392340506e+01 8.206332027385278283e-02 2.292322847590040624e-01 6.199076658363574660e-02 -2.766923647194683422e-01 -3.830010004867145934e-02 -4.597296089815400277e-01 1.110297460807862235e-01 -1.060769707198595535e-01
4.086000000000000000e+03 3.065280516146851753e+01 -2.230843575509211529e-01 -2.121664679183604685e-01 -3.624939490104266415e-01 -2.148177500208400814e-01 1.135999208855250839e-02 -8.785632985372170134e-02 1.552570589854197214e-01 -6.447492376230100353e-02
4.167000000000000000e+03 3.068261869214892101e+01 -1.922041693845525645e-01 -5.031985218776426766e-02 -1.689571855145967361e-01 -2.823147044353986335e-01 4.419897850747179779e-01 5.010065458560702956e-01 -1.565154382755086504e-01 -5.750804708289821709e-01
4.268000000000000000e+03 3.124856051356304221e+01 -3.030751067088461870e-01 1.371529746638377456e-01 -2.037085342662785514e-01 2.693242140046157584e-01 -1.627786049203107099e-01 -1.264881555703803173e-01 1.637612475671159917e-01 4.058484129600969936e-02
4.369000000000000000e+03 3.190712946690509710e+01 -3.801757507397759972e-01 -1.186587796492736407e-01 1.818036617954676970e-02 2.604601284867727462e-01 -4.162714728498183997e-02 -3.957827954979156737e-02 -1.031597242023565425e-01 1.528141562125770181e-01
4.470000000000000000e+03 3.210752163899127254e+01 -9.210980034335383704e-02 -2.590953537785822824e-03 -2.109985939629199780e-01 -7.856962214302806724e-02 2.406964571186693269e-01 1.669317930287685103e-01 1.591516180041785411e-01 5.757384370425618902e-01
4.571000000000000000e+03 3.355473491268085695e+01 -3.359742135104323846e-01 -1.551169826457896583e-01 1.006254612916440694e-01 -1.565355194650776549e-01 1.250213378140294651e-01 5.107385328333442498e-01 -8.695899603814655210e-02 7.247673002406980203e-01
4.672000000000000000e+03 3.388053438759124703e+01 1.402159851047432015e-01 4.061171543485700974e-01 -2.997214367363442156e-01 3.342891416836056839e-01 9.673403010303277538e-02 -8.538700199818287373e-02 1.012384772979121772e+00 -1.024093275274312320e-01
4.773000000000000000e+03 3.483229360574333100e+01 -4.581525413602102192e-01 1.770421455327136906e-01 8.747607247571342892e-03 1.459692910222476492e-01 -3.009659978506651345e-02 1.836333626115146944e-01 5.446114234606204141e-01 1.072165958531537400e-01
4.874000000000000000e+03 3.624596550246855031e+01 -3.806906277659033444e-02 -1.009543730794399963e-01 3.281844041404122225e-02 -2.644579042386031587e-01 2.849419638739566496e-01 6.861494207023111080e-01 -2.746659274642268000e-01 5.628901489195192731e-01
4.975000000000000000e+03 3.711497147808270824e+01 -4.269945820839052275e-01 2.138239755207773096e-01 -1.857260978947434527e-01 8.059141101082895053e-02 -9.827878840866126620e-01 -7.803836606432128509e-01 7.768002077232913916e-01 -4.496768226970657145e-01
5.076000000000000000e+03 3.778153705695660136e+01 -1.931453770393571356e-01 -3.092970330722861760e-01 1.440991379630699454e-01 -2.692433440775380826e-01 2.889617853205274089e-01 -2.110562877401117587e-02 3.289673312144986150e-02 3.324189029850295185e-01
5.177000000000000000e+03 3.888666465184578414e+01 -8.773036416949991922e-01 -7.572076236989548625e-02 6.988551429693003192e-02 1.577012173846870091e-03 9.685913917292435782e-01 -8.051433310549938049e-02 -1.732571529563783574e+00 -7.091658437393058012e-01
5.278000000000000000e+03 4.001498168354495988e+01 -4.161432234814580466e-01 -2.125434730251943016e-01 -5.311893436134818014e-02 -5.735811031675184246e-01 5.593746798495090600e-01 1.146114244766087836e-01 -1.096998371216999640e-01 1.539727793658965393e-01
5.379000000000000000e+03 4.083382825308246566e+01 4.450687439409684587e-01 2.098972857047110563e-01 5.245100137683051944e-01 3.048779458202263148e-01 5.865918440943335144e-01 -7.770199103878852043e-01 1.223956220992155730e+00 -1.209820085589045746e+00
5.480000000000000000e+03 4.282448174195396717e+01 -3.116587961640853166e-01 2.383552930833293670e-02 -4.475280213461733658e-01 -1.797516453000688186e-01 -6.687004477591507179e-01 -1.457484026754686912e+00 4.746242594933975933e-01 1.583587420582243110e+00
5.581000000000000000e+03 4.386332960982515772e+01 1.629738481764022862e-01 -4.127019242620205697e-01 -1.654052211251384241e+00 1.154383941868430963e-02 1.216579463719900556e+00 -2.520236914270828632e-01 1.752452360741361126e-01 2.020283144545245990e-01
5.682000000000000000e+03 4.432606575946641669e+01 -2.181201684941534713e-01 4.931381036949929464e-01 6.371977923084761741e-01 4.728622455922693035e-01 -1.080998851798398608e+00 4.528667156888510070e-01 1.681281275328456948e+00 4.819134785190393733e-01
5.783000000000000000e+03 4.594955138291433627e+01 -6.113235293255114833e-02 5.642463447734853421e-01 1.042100321892783787e+00 3.900486405158128944e-01 2.299416044776320112e-01 -1.987904144867685963e-01 1.401578402738456186e-01 -1.123135010931316791e-01
5.884000000000000000e+03 4.687084382203769906e+01 1.018669136059537017e+00 2.136021272823120931e-01 2.141706741580197138e-01 -5.276550749773614157e-01 1.776228651325250762e+00 -3.173896917544164475e-01 1.287077869410541808e+00 8.836151901347589765e-01
