# l Dl_TT Dl_TE Dl_TB Dl_ET Dl_BT Dl_EE Dl_EB Dl_BE Dl_BB
7.050000000000000000e+01 2.033689870839376226e+03 -5.788827379443544530e+00 -1.603073316873286913e+00 -4.420910406501109335e+00 -1.221675228309843320e+00 3.362949140430500083e-01 -7.859193202390524907e-03 1.432462200705285869e-02 -3.067618008911919894e-02
1.065000000000000000e+02 3.083732575400389578e+03 -2.621325270121114670e+01 1.841973042899630597e+00 -3.034625791304349818e+01 -6.214580485450456049e-01 8.338115598992685840e-01 -1.160290389254794996e-02 -2.653892243459429062e-02 4.994018569675458263e-02
1.425000000000000000e+02 4.231494755932572843e+03 -4.384492785537233317e+01 1.689110007952382198e+00 -4.568543399684395467e+01 -4.248891809227661187e-01 1.080001969516581450e+00 -5.031242468334241186e-03 -1.928268066356094573e-02 4.637021842602509492e-02
1.785000000000000000e+02 5.029551505886531231e+03 -3.337200075972194213e+01 -2.267081996574895619e-01 -3.417171126547988536e+01 2.759912693438716369e-01 7.773927006646427218e-01 3.169659700064021701e-02 2.593029295152376665e-02 5.442771296224592492e-02
2.145000000000000000e+02 5.587598490308652799e+03 5.148320587698892226e+00 -1.006399139159588563e+00 9.386215068272534268e-01 2.077414728450746484e+00 8.931508014659723660e-01 -5.165173714260354321e-03 1.959704513945688051e-02 3.771812391228865358e-02
2.505000000000000000e+02 5.335912325762646105e+03 5.938283807909233758e+01 -7.013949857056815951e-01 5.941279517748074568e+01 5.648031758110785283e-01 2.371539099332278688e+00 1.170296367143195196e-02 3.832633598164571220e-02 3.784308109637883610e-02
2.865000000000000000e+02 4.494351814399668001e+03 1.121025955479837393e+02 4.584312204144835867e+00 1.101152442165202103e+02 -7.468772251379138805e-01 7.032235225050849081e+00 2.145227492380700693e-02 5.689113990691592460e-02 4.596767139155663595e-02
3.225000000000000000e+02 3.324033416649999708e+03 1.146720654865947324e+02 -2.561185130337337856e-01 1.117976065239204786e+02 1.084458410387160399e+00 1.327152281576989878e+01 -2.506168691107111823e-01 7.212983047172730200e-02 9.399341051890129639e-03
3.585000000000000000e+02 2.374292495100876295e+03 7.524459571952606041e+01 -1.214917667510618804e+00 7.500570294857089948e+01 -3.285290149991201836e-01 1.877393982124910110e+01 -9.495302702218549884e-02 -1.668015764842706652e-02 4.402848178529648882e-02
3.945000000000000000e+02 1.829236674361169207e+03 1.087283242679314910e+01 -4.421912408668549066e-01 1.083921320425571011e+01 -1.670490991561391081e-01 2.157622618313589413e+01 8.136961566393430267e-03 -7.664697366916774224e-02 4.865678537426126882e-02
4.305000000000000000e+02 1.797970374025968340e+03 -4.949523243499929492e+01 -1.088332445309509566e+00 -4.828342891689544558e+01 7.844883598272536784e-02 1.918994896837801178e+01 -3.794154130874024394e-02 1.441930216791496508e-02 1.175721536430061887e-01
4.665000000000000000e+02 2.118846864483521131e+03 -7.632570631519837434e+01 -2.987417775912358131e+00 -7.529369723047874174e+01 -6.786947081779129975e-01 1.362664419300870833e+01 1.373998002800966844e-01 -2.182480962619941928e-02 7.042355929011123727e-02
5.025000000000000000e+02 2.449273082335151230e+03 -5.601766752756629586e+01 2.831681763497609361e-01 -5.661655437392937529e+01 -2.314330765472074614e-01 8.139440571268753644e+00 -3.864168745779868186e-02 -4.242887456757261228e-02 1.250290409643912692e-01
5.385000000000000000e+02 2.616753451427485743e+03 -1.048093509295208925e+01 1.222800616031936682e+00 -1.161244452553163597e+01 3.028488517288459581e-01 7.491872227737666812e+00 -3.392604232580764823e-02 2.327833798572155610e-02 1.936223569354745822e-01
5.745000000000000000e+02 2.411117950935736644e+03 2.316078111181420240e+01 1.600198281269501754e-01 2.399279837352887412e+01 6.131857799362179229e-01 1.291857875601373706e+01 5.609105587997609971e-02 -9.707054359143983333e-03 6.155061845542023763e-02
6.105000000000000000e+02 2.146984874251559631e+03 2.357682144456850537e+01 -1.173225180804075451e+00 2.389125367976415504e+01 2.578304732505344865e-01 2.293679652457225160e+01 -6.105051692997116863e-02 9.487942812848298296e-03 3.286684902079282933e-02
6.465000000000000000e+02 1.876012204312013864e+03 -1.041447990186443207e+01 -1.713415582677978222e+00 -1.081241981008166597e+01 -4.113882307654182502e-01 3.245620196868335938e+01 -2.483007036754024122e-01 -7.303187453106720073e-02 1.415432687887560603e-01
6.825000000000000000e+02 1.814602901547961665e+03 -6.853514759030720427e+01 1.493146877693867225e+00 -7.067531997749060224e+01 -1.781089665975366942e-01 3.744620940669621234e+01 1.730521029766916158e-02 1.062535080674068266e-01 8.626810197780197809e-02
7.185000000000000000e+02 1.976986912247850114e+03 -1.189531879785535011e+02 1.118812496974008308e+00 -1.188043646945067735e+02 -7.940582669762674684e-02 3.426349210637270915e+01 2.410216156658920583e-01 -2.354690968702395637e-03 1.175399268164961236e-01
7.545000000000000000e+02 2.284729458933486512e+03 -1.319304816221671217e+02 1.377791857213188864e+00 -1.351959775591760717e+02 -3.901693097002799093e-01 2.666066373328590799e+01 -2.412571520896933386e-01 -4.426758847433943933e-02 9.490162850538008676e-02
7.905000000000000000e+02 2.505769064171417085e+03 -1.041796732241769092e+02 2.499652550486433089e-01 -1.038780636015904975e+02 3.853059719714870268e-01 1.768249399795778842e+01 8.620712084549080056e-02 -8.694018119782020992e-02 1.337791717172089334e-01
8.265000000000000000e+02 2.468277835524127113e+03 -4.276581349976790136e+01 1.626128158628425968e+00 -4.210094586305385889e+01 6.687280636641479425e-03 1.256489953067277554e+01 -7.586564689067612499e-02 -1.147367491066118017e-01 1.024986062717107294e-01
8.625000000000000000e+02 2.305986708643071324e+03 1.695042931801610919e+01 -7.023192198829688593e-01 1.811888000144533706e+01 -2.331650840496192478e-01 1.485164367547735509e+01 1.135242507307872711e-01 -2.048250479428645465e-02 1.252123098225407793e-01
8.985000000000000000e+02 1.921023907135679110e+03 5.609072748490124383e+01 1.507855664688490416e+00 5.454654735566307977e+01 -1.207238868870289084e+00 2.363910353014386345e+01 2.346521489767466884e-03 -2.308752865380883923e-01 8.322883613628925814e-02
9.345000000000000000e+02 1.531593422420503884e+03 5.211218207752443732e+01 1.307103807691181840e+00 5.287809291275360124e+01 -1.981857901467361516e-01 3.411138746185291382e+01 1.045302414004327662e-01 8.173820353685332107e-02 6.365732465684753594e-02
9.705000000000000000e+02 1.192895076636525346e+03 1.645674099719045813e+01 1.652211472184773600e+00 1.561742267341447388e+01 3.194658215216872876e-01 4.092692409154422251e+01 -5.742236309646291809e-02 -2.195501448853843379e-02 2.198946252294099457e-01
1.006500000000000000e+03 1.052675558239469183e+03 -3.168210144302176445e+01 2.320189543644417540e+00 -3.213005538575004039e+01 -8.617581398359447364e-01 4.175821568020796803e+01 1.090814013739995897e-01 2.360071946751390176e-02 9.689735572515108253e-02
1.042500000000000000e+03 1.069029727462232131e+03 -6.783343158028243636e+01 -1.778060953702861768e+00 -6.776819489216416059e+01 1.258452238843032756e-01 3.511402378725799167e+01 2.197638589117805255e-02 -2.401019094672122989e-02 -5.259695478186880713e-03
1.078500000000000000e+03 1.149342918155441566e+03 -7.790883588710330798e+01 -1.336412872124894236e+00 -7.749960821524288690e+01 -5.988418410880190779e-01 2.536645398246295002e+01 -5.274940772840044229e-03 2.466266532570309672e-02 1.886628051292870423e-01
1.114500000000000000e+03 1.242752968930094994e+03 -6.237969941456726275e+01 1.648924453168246207e-01 -5.950967340647892456e+01 3.341242893456917162e-01 1.709421597360692857e+01 3.103182370178089733e-02 -5.195184480696760088e-02 3.878096567192997751e-02
1.150500000000000000e+03 1.227387769541364378e+03 -3.025639359331928446e+01 1.364843242212519792e-01 -2.998494595794197437e+01 3.940987734184092650e-02 1.336378794268863857e+01 1.269289317624957558e-01 -6.529381210618821763e-02 7.341250015811516538e-02
1.186500000000000000e+03 1.116215166594409766e+03 -1.524348803970292821e+00 -8.862599574515407364e-01 -4.217235293099246718e+00 3.621236319997752640e-01 1.553020066573722957e+01 -1.018806966066098663e-01 -1.247672176211030159e-01 1.041083040887912925e-01
1.222500000000000000e+03 9.624116845334472146e+02 5.884995682295885544e+00 -8.804411890528713869e-01 4.721479123439756620e+00 -2.347020331389626513e-02 2.153021464627065740e+01 -1.626859372763441933e-02 2.038465981760726256e-02 6.586074853801004991e-02
1.258500000000000000e+03 8.143357835182922599e+02 -5.592279064783388876e+00 9.391023410649177450e-01 -5.404667571687005179e+00 2.410746944092389543e-01 2.736978553821975879e+01 4.589083087160945595e-01 8.545307208750750616e-02 1.681337190011802929e-01
1.294500000000000000e+03 7.430243010805900212e+02 -2.914549995248743386e+01 1.528068265624343558e-01 -2.694605717208129647e+01 9.036524171647376535e-01 3.017113926672050894e+01 4.420948434601899846e-02 1.214197829629630604e-01 3.305160875439756563e-01
1.330500000000000000e+03 7.310845722070989723e+02 -4.996864395918734658e+01 7.823936036559876461e-01 -5.083096201286131333e+01 3.690733916522611624e-01 2.876360307247541925e+01 -5.917303948926011525e-02 -1.637300471989689560e-02 8.134884097972844286e-02
1.366500000000000000e+03 7.707920084609000924e+02 -5.892113012033051689e+01 1.566339153337345191e+00 -5.971432002420132790e+01 -1.879596865892180224e-01 2.317282754871048667e+01 -2.077385722181808170e-01 3.336785378939799429e-02 -8.175808154568513231e-02
1.402500000000000000e+03 8.162599187411625508e+02 -5.242512945312803652e+01 -4.011047386736384390e-01 -5.399533704223949826e+01 1.403561832340689541e-01 1.684564938655529787e+01 2.071263385314598138e-01 -3.821928044496968740e-02 -3.171972319917074068e-03
1.438500000000000000e+03 8.009671354865706689e+02 -3.595635201805075098e+01 1.655653226286284641e+00 -3.452361537837313676e+01 -6.010613050344575381e-01 1.270319683661791821e+01 -2.643725421348410570e-04 -7.381812119084710244e-02 8.032745882628497536e-02
1.474500000000000000e+03 7.563639000950053060e+02 -1.323030023768439456e+01 2.685494916822867006e-01 -1.266871228591828213e+01 1.603293552527366161e-01 1.133057157845703422e+01 1.097866166342021110e-01 -3.185503829420309463e-02 5.058040624652965916e-02
1.510500000000000000e+03 6.668171332945945551e+02 2.783868402505356165e+00 9.170204284987224508e-01 3.491925301287936101e+00 -7.285696578564955228e-01 1.320100140450282922e+01 3.478651964052743573e-01 -2.766369632075504348e-01 4.664666573075868655e-02
1.546500000000000000e+03 5.560664457748528093e+02 5.487209142036652665e+00 3.072628048808447865e-01 6.038651715641893958e+00 1.626496771300544042e-01 1.703820032763425729e+01 9.819570917930428577e-02 -1.372512022034217544e-02 3.550013374260749255e-02
1.582500000000000000e+03 4.655147010186670968e+02 -2.543401948917931144e+00 9.523595893634756449e-01 -8.523876386394292348e-01 -4.839735344522454463e-01 1.987505675432791108e+01 3.564461037231184820e-02 1.662466553299920269e-01 2.017553405375744902e-01
1.618500000000000000e+03 4.084654082126397725e+02 -1.549314516955901944e+01 -9.536031474723587475e-01 -1.459002502389791367e+01 2.823960535563581620e-01 2.065566634869843909e+01 -1.318772844699143132e-01 1.538069904997362014e-01 9.582257616332945371e-02
1.654500000000000000e+03 3.950151361402065504e+02 -2.575182954520830592e+01 1.682896044956869730e-01 -2.613145681337235970e+01 -6.175359930159256550e-01 1.827466136252397888e+01 1.492617643848497544e-01 -5.357101709556919694e-03 1.501714598527960076e-01
1.690500000000000000e+03 3.926413221067540462e+02 -3.010141311443840095e+01 -2.724017457382337248e-01 -2.795076434814737354e+01 4.753761186941286576e-01 1.448864365068584270e+01 -1.192205423432914357e-01 -3.100536408334750860e-01 -9.304093676116916012e-02
1.726500000000000000e+03 4.024582353774072772e+02 -2.612044925665487938e+01 5.494910686912879427e-03 -2.690079752351824993e+01 -1.111435137385856642e-01 1.098175898520308280e+01 4.721822462137146431e-02 2.598690897009640621e-01 4.199177531317387913e-01
1.762500000000000000e+03 3.958196077530490129e+02 -1.871361927728093377e+01 2.571141144479287544e-01 -1.777522661681683047e+01 -6.952404288100543228e-01 8.418382118181245488e+00 1.790069795862335444e-01 1.479408264362638836e-01 1.295385178861599706e-01
1.798500000000000000e+03 3.686568822106979155e+02 -1.011973403406918948e+01 -5.645408020161959417e-01 -9.844730569011636234e+00 -2.422390788363182057e-01 8.009134683586331960e+00 -1.393604725128026467e-01 5.340963784699503253e-02 7.154001387036150461e-02
1.834500000000000000e+03 3.245363858656483558e+02 -4.692239895122382265e+00 1.329978634088083922e+00 -5.243421099858065482e+00 7.109815553517585540e-01 8.776179916565352457e+00 1.256994385806285974e-01 -3.582162956077529770e-01 1.644724530041210830e-01
1.870500000000000000e+03 2.899817556977308186e+02 -4.400304021763611573e+00 6.591752229117610051e-01 -4.967732422413797977e+00 -7.071785160182995078e-01 1.013394292803934071e+01 -4.409882399617675031e-01 -1.175180363608829964e-01 -1.321366348557286297e-01
1.906500000000000000e+03 2.570390206316824333e+02 -9.158495733097558045e+00 -6.517309435973647758e-02 -9.610664162935488974e+00 1.394035441496624950e-01 1.154574031710253479e+01 3.728573450220619145e-01 -6.954404543197942323e-02 4.655022941255477359e-02
1.942500000000000000e+03 2.421941857949289272e+02 -1.461932947794527138e+01 -1.136560219914099168e+00 -1.362506848771815449e+01 -5.296464485508149966e-01 1.082665649306150613e+01 1.415073305306035478e-01 4.125823218489913513e-01 7.911490055570521984e-02
1.978500000000000000e+03 2.372499385320767260e+02 -1.854326109022177249e+01 -1.797161039444318487e+00 -1.789184089513381792e+01 7.773269695246149968e-01 9.912694743080347592e+00 2.569205609029414639e-01 -3.092385946827648502e-02 -3.379991505706336774e-02
2.014500000000000000e+03 2.434828720363644265e+02 -1.768599744969911569e+01 -7.270386075660631997e-01 -1.824926627108761323e+01 6.505719826049757293e-01 8.235844789816034961e+00 3.510407807943015379e-02 2.705706672824702008e-01 1.712940414424793945e-01
2.050500000000000000e+03 2.397111944802829271e+02 -1.408677902485760214e+01 7.025350127379570431e-01 -1.468678605739032150e+01 3.406754215278606779e-02 6.235955868836006388e+00 5.277097355412377344e-02 -1.122175727988189847e-01 1.130540372103682467e-01
2.086500000000000000e+03 2.235486309209206297e+02 -1.068839821393439138e+01 1.488626379392042343e-01 -9.905672656679552546e+00 1.013891918361587763e+00 5.677686099835119293e+00 2.426735597359425123e-03 7.982974763087628822e-02 -8.937848574719457762e-02
2.122500000000000000e+03 2.028297526994252280e+02 -5.059635421009975431e+00 -6.667430588871970931e-01 -5.629886825322467203e+00 8.906523829971169093e-01 5.189513938997703413e+00 -1.820568124802327825e-01 -2.221277629721307156e-01 4.409791609599034157e-01
2.158500000000000000e+03 1.800539489146761980e+02 -2.882520672053640265e+00 -3.295939536797224401e-01 -3.572759634893900582e+00 6.957240098007969609e-01 5.423411403836203348e+00 -1.765046920945971543e-02 4.539324515752848344e-01 -6.875544641684158687e-02
2.207000000000000000e+03 1.510311489597835930e+02 -3.579781068896069840e+00 4.247874373310208118e-01 -3.533342694265781070e+00 -1.595519750863121367e-01 5.719461306985237137e+00 -1.370337997813338982e-01 -1.046333951883569591e-01 1.140800232941691777e-01
2.268000000000000000e+03 1.311181558480948866e+02 -6.875630355220111234e+00 -5.985064910216025824e-03 -6.609917120227572163e+00 -1.751691431985735736e-01 5.895933042552723435e+00 2.491973996055452112e-01 3.863388122733265595e-01 1.015111389946853626e-01
2.329000000000000000e+03 1.237117800402684509e+02 -8.716747070581002177e+00 1.874291720179029064e-01 -7.117846894889916953e+00 4.303917411202511922e-01 4.114308941920308271e+00 6.597052563658449553e-02 -1.952243225837360097e-01 3.844602669726471245e-03
2.390000000000000000e+03 1.170664813445665970e+02 -6.273801713984218154e+00 2.316949881572165915e-01 -5.718913435719841232e+00 1.876100477331829330e-01 3.162260393885399701e+00 -1.826398904351804742e-01 1.720755643281806635e-01 9.365686510724070823e-02
2.451000000000000000e+03 1.043994859445442387e+02 -3.583621945003790721e+00 2.643335156350850590e-01 -3.778062112259314098e+00 6.831562836124374649e-02 3.215681766064921732e+00 -4.075519713271620326e-01 1.108956270213318218e-01 5.978857597787841371e-02
2.512000000000000000e+03 9.083185064490199068e+01 -2.837036924885755429e+00 2.839538824182036847e-01 -3.344239061176355943e+00 3.464580593325378710e-01 3.094579285887565145e+00 1.352954256364773400e-01 -2.278898395420777406e-02 2.901953294510571379e-01
2.573000000000000000e+03 8.059933318444500117e+01 -3.738782781276598577e+00 1.992834756831602383e-01 -3.544161791727321820e+00 -1.894834639079338579e-01 2.788284087408983147e+00 -1.664617790347038828e-01 -1.784917863896883228e-01 -2.358604374908112311e-01
2.634000000000000000e+03 7.784937688658413890e+01 -4.693975240248864367e+00 4.184731800705087101e-01 -4.435175847262564197e+00 -4.113674801847370111e-01 2.267822289759338972e+00 -5.422758970274652035e-02 -2.485036389024925310e-02 -8.309498737443520022e-02
2.695000000000000000e+03 7.272572734299066610e+01 -3.294549486823753703e+00 5.210758641203662445e-02 -3.070199981691118296e+00 -4.897515561380516580e-01 1.946192088186636804e+00 1.298394297643964967e-01 1.457357474711864498e-01 1.028411465192279051e-01
2.756000000000000000e+03 6.550990564004510475e+01 -1.639528701419627810e+00 -2.066617751815163356e-02 -1.925047575109335218e+00 7.310491259510880635e-01 1.283468617441797077e+00 -9.175465270631724679e-02 -1.708359793442968955e-01 2.628518494685855300e-01
2.817000000000000000e+03 5.812052103556894167e+01 -1.566028793148146914e+00 -1.681135568265584856e-01 -1.523381419100524603e+00 5.554489443441610469e-02 1.650727249287851528e+00 -3.492162481018661335e-01 1.743909402188929536e-01 2.624504443429337419e-02
2.878000000000000000e+03 5.217658013840980402e+01 -1.828382098213609197e+00 3.259339110858667787e-01 -1.822897381607478051e+00 -4.431118505964366516e-01 2.195898653133182776e+00 -1.702305045663101979e-01 1.788413066570769261e-01 -1.526916684327624951e-01
2.939000000000000000e+03 4.912827259182870421e+01 -2.127766389818362747e+00 -1.198985453693005021e-02 -1.809967724729082850e+00 1.131588127415158185e-01 1.553474941690826672e+00 -2.059533142312874182e-02 1.383996847682922582e-01 -2.178509330653197185e-01
3.000000000000000000e+03 4.588945398916054330e+01 -1.922605749881686865e+00 2.066961539052518948e-01 -1.565143072132236579e+00 2.133510113725095303e-01 7.870027831524739614e-01 -1.361911059267985058e-01 1.641001230732065108e-01 2.057749832670861256e-01
3.061000000000000000e+03 4.321037716009926299e+01 -1.307785134666738180e+00 -8.197950145039989422e-03 -1.320903907303358160e+00 6.999131534808739064e-02 4.110029158424427509e-01 7.311836540277168173e-02 -4.401134126241865729e-01 3.368612511383407560e-01
3.122000000000000000e+03 4.130659318848085348e+01 -7.708929819486928237e-01 2.115865755870438014e-01 -5.253650162520216993e-01 3.962500323536784497e-01 5.969347431036836626e-01 -1.772185236455545154e-01 1.346702151290390392e-01 -3.580305055733540298e-01
3.183000000000000000e+03 3.852655047194112115e+01 -1.026780257412168051e+00 -6.295976658338979515e-02 -1.112358079196180238e+00 8.016254191893867898e-02 4.251597219080345269e-01 -3.927287889122601516e-01 -1.622931507547539232e-01 2.778177698702621184e-02
3.244000000000000000e+03 3.795144690360801576e+01 -9.376295483419290200e-01 -2.043515667294804328e-01 -2.433703192299613016e-01 1.515571293543425124e-01 5.819140488966707547e-01 -5.175714034200422642e-01 -1.752934613613796044e-01 -3.435694434533537178e-01
3.305000000000000000e+03 3.690880718030010144e+01 -1.109149738625460513e+00 -3.519522265078079970e-01 -7.275704654181255893e-02 -2.061599379611923077e-01 5.377332266931178495e-01 -3.131891307415596293e-01 -5.316739206956565544e-01 -3.213064611600241482e-02
3.366000000000000000e+03 3.555567274946991319e+01 -8.788534702196633130e-01 -4.903595624604531467e-01 -6.217683719913562612e-01 -5.274075326976992439e-01 1.149182601841131746e+00 -2.325753844803661874e-01 8.508785221422172640e-01 -4.408524841598626676e-01
3.447000000000000000e+03 3.412676073556035306e+01 -8.711748095082890719e-01 6.551383445564941399e-02 -3.613636579194188236e-01 2.476683713841505707e-01 -9.286527214435635891e-02 -2.673160476632405746e-01 5.164803792152632828e-02 -1.186332648509652310e-01
3.548000000000000000e+03 3.270334616432123198e+01 -2.993353165205094313e-01 -2.276533815165590613e-01 -7.448276007804164323e-01 -1.535433845408576969e-01 4.648865056013548047e-01 -1.660819971055932376e-02 3.979037227056402837e-01 -5.227381554624654925e-01
3.649000000000000000e+03 3.203841070432208937e+01 -3.853090228194734346e-01 4.548548920580022248e-01 -5.046734974460923562e-01 -4.397941941849205505e-01 -3.270651461294911133e-01 3.554209144722521585e-01 1.291133053365844940e-01 7.412981246085752485e-01
3.750000000000000000e+03 3.258784642909241569e+01 -4.072796510363555500e-01 -4.001874033215299109e-01 -2.921195045455822759e-01 -2.186875342833659308e-02 5.533203483585900084e-01 1.461387927586854929e-01 9.869238243329994664e-02 2.232931057090004612e-01
3.851000000000000000e+03 3.280851737647579114e+01 -2.508472310155831497e-01 -7.219887206068176244e-01 -6.927978269527821364e-01 -9.698118724265897272e-02 6.412545291289898364e-01 -7.367341739233019826e-01 -1.173860758930804493e-01 5.753148750657852695e-01
3.952000000000000000e+03 3.294998357313023973e+01 -1.036819796176261299e+00 7.290740856435723449e-01 1.046971594798373345e-01 4.377528988933305776e-01 2.382971381109204312e-01 -2.964065285837316766e-02 -4.925248305715745900e-02 -2.557643887137621141e-01
4.053000000000000000e+03 3.471010610205721036e+01 -1.253328322287512175e-01 -7.337588400793900734e-01 5.176863808225157237e-01 -6.007801236064248540e-01 4.722870257946246708e-01 -2.354671806290836444e-01 3.991967413388032293e-01 1.414299032110499232e-01
4.154000000000000000e+03 3.512045367343043267e+01 -2.531471873234446557e-01 5.399167361180194913e-01 7.766374310608553655e-02 -1.695815652225029502e-01 5.156880074139261194e-02 1.647439955294688063e-01 -1.005550372022644412e-01 2.426942459689338527e-01
4.255000000000000000e+03 3.543188514257996502e+01 3.563135100887293016e-01 6.073348642029523514e-01 6.150375515935736503e-01 -2.157218192646657151e-01 1.769837414813640319e-01 -7.104597843315765271e-01 1.363904330500733675e-01 -4.480097744936408777e-01
4.356000000000000000e+03 3.624955103016621649e+01 8.998427308534853730e-02 1.729767326212474643e-01 -5.704909983392085771e-01 -9.458896462747383715e-01 4.751278138338223267e-02 5.895526075801390542e-01 8.100394126312672194e-01 1.930775347231487582e-01
4.457000000000000000e+03 3.739370059579515271e+01 -7.910384367124118077e-01 -6.340196256261565466e-01 -1.422144710464392059e+00 -1.619510744243979339e-02 6.550269422661908481e-02 6.031051210867248713e-01 2.824047154238798485e-01 -3.216984103481040913e-02
4.558000000000000000e+03 3.957099537064215156e+01 5.626946738361572331e-01 -1.224352330909399544e-01 -4.512554619364985142e-01 -4.463294081860067486e-01 1.118532351989998119e-03 -3.181176678618855558e-01 -5.629507239026866339e-01 -4.247505657008249225e-01
4.659000000000000000e+03 3.975810149822535777e+01 5.607612192125844830e-01 -3.514513455801673292e-01 -2.233732917030098186e-01 -2.188327492919707740e-01 -3.024952041749888743e-01 5.399701136655524758e-01 -1.413230161670729901e+00 1.544752260457237458e+00
4.760000000000000000e+03 4.062754811711842251e+01 -6.276143310748902859e-01 6.956627876936921639e-01 -2.065681034281629525e-01 -2.702744877414727798e-01 -9.987443205822994496e-01 8.785402522168522799e-01 2.472514832951137886e-02 8.170179477993959605e-01
4.861000000000000000e+03 4.286215361524436673e+01 -7.584548355685444276e-01 -3.311293306873105413e-01 1.069674456199004586e+00 -6.279724042847727450e-01 3.300454645376242335e-01 4.136037065216662256e-01 8.077899124525694807e-01 1.049320278670960338e+00
4.962000000000000000e+03 4.434995502701427483e+01 -4.572984565574869653e-01 -3.600678827750732336e-01 2.347622252283343425e-01 5.032094404089008099e-01 1.335651081784700711e+00 -4.795231372947316162e-01 1.142107174865730990e+00 1.914784492020672468e-01
5.063000000000000000e+03 4.692699615506614919e+01 -7.697098061005172021e-01 -2.004672535042451020e-02 -8.394758864870804915e-01 1.328781446294470925e+00 -4.536917242286808705e-01 -4.729300502997099143e-01 -1.190744465153539045e+00 -9.041565224301838510e-01
5.164000000000000000e+03 4.724615156416163586e+01 4.139919380396411830e-01 7.689352357447755415e-03 2.393883820121623374e-01 -3.045335861419640189e-04 -1.304188810619830940e+00 1.270725479968749516e-01 1.288853817089884446e+00 7.795060008463043921e-01
5.265000000000000000e+03 4.812547710875001883e+01 1.844736193624968434e-01 -9.040398783946750338e-01 3.644329279386757658e-01 -1.878020433082030038e+00 -2.124480341782655213e-01 -1.213906778588645485e+00 1.339952232976036495e+00 7.106592544241248088e-01
5.366000000000000000e+03 4.879291248552669913e+01 -2.895910669817163274e-01 -4.610288147448185492e-01 6.860077114693786671e-01 -5.201109160961917555e-01 -4.211619683728641261e-01 -8.502940667537001174e-01 -1.280000546356377278e+00 9.614610008034403243e-01
5.467000000000000000e+03 5.196994878117344996e+01 1.310936787548921956e+00 1.112965487518207119e-01 2.311271164389729016e+00 4.394751482071246329e-01 1.016734178560257496e+00 2.208665797768486705e+00 9.360402420380607991e-01 1.657927677024109148e+00
5.568000000000000000e+03 5.389292545620701702e+01 -2.240100944317454101e-01 6.356085166101913542e-01 -3.279213972226738827e-01 -5.615144778889926691e-01 -2.544235718889085618e+00 -5.131040274555300762e-01 2.695252914669545419e+00 -7.185187668015484419e-02
5.669000000000000000e+03 5.378470233293880653e+01 2.134192122576932693e+00 -4.563777117199484534e-01 2.892465862825660539e-01 -1.550568004211978490e+00 -2.018331711674766993e+00 1.190848233369190989e+00 1.869219251759313138e+00 7.476417089217517464e-01
5.770000000000000000e+03 5.527254101616334481e+01 1.426200738667575685e+00 -3.427134936892352046e-01 -5.698026268277288642e-01 -2.185419019337268232e+00 -2.384489645673416591e-01 -1.973076176996283015e+00 -5.645664550790383540e-01 -3.039167494035863726e+00
5.871000000000000000e+03 5.987333384695743632e+01 1.176339116294470966e+00 2.173952999466118641e+00 1.898152818080055759e+00 2.078853892574001883e-01 -2.254011213317097528e+00 2.427729651927041488e+00 -2.133557656473767050e+00 2.060588760786586260e+00
