# l Dl_TT Dl_TE Dl_TB Dl_ET Dl_BT Dl_EE Dl_EB Dl_BE Dl_BB
7.050000000000000000e+01 1.972948699767859580e+03 -3.628191325405750067e+00 1.753494944837891145e-01 -7.726908138892346400e+00 1.552939247633894349e+00 3.502220123912730965e-01 -6.133933013943767415e-03 -1.710989656408469506e-02 3.360910699357684550e-03
1.065000000000000000e+02 2.856252241650206997e+03 -2.506311317215011059e+01 -1.739955534312396246e+00 -2.636936365351390066e+01 -2.169439132152989558e+00 7.874703410796045633e-01 2.989519122894405967e-03 8.769512801850280759e-03 1.459543042106235117e-02
1.425000000000000000e+02 4.172458809409106834e+03 -4.613968973865209477e+01 -9.965879198245466419e-01 -4.421597818090263132e+01 1.108232093598376933e-02 1.094952075796021385e+00 1.739477974686771261e-02 -1.366772529221620125e-02 3.835790366523331163e-02
1.785000000000000000e+02 4.984583964861228196e+03 -3.542112881283304660e+01 -2.144954197398723394e+00 -3.369881563189936458e+01 -8.920334903934761250e-01 8.605518365476914067e-01 -2.505087005219332197e-02 -8.551506931637543538e-03 3.805523398773046073e-02
2.145000000000000000e+02 5.516964174024247768e+03 6.302238636329697385e+00 1.258995638385921767e+00 6.069056513836209810e+00 5.041671016046147535e-01 8.582874898507857342e-01 1.827262097996308621e-02 1.046901159507070567e-03 2.313064096267214084e-02
2.505000000000000000e+02 5.620630133386623129e+03 6.662010396247084998e+01 -2.358142069104472993e-01 6.572176289198878862e+01 5.400803025002984814e-01 2.495590521002025497e+00 5.032031375015109248e-02 -3.226012761542860346e-02 5.490115871768401490e-02
2.865000000000000000e+02 4.558013890264625843e+03 1.131307715377328265e+02 -2.065972114292547790e+00 1.120228367155920211e+02 1.168660925314524146e+00 6.936522096084952516e+00 -3.127759051454849504e-02 -1.433033690811187991e-03 5.237214590651162460e-02
3.225000000000000000e+02 3.259891100503626149e+03 1.131169259230849207e+02 1.104525764533093923e+00 1.113756899946345698e+02 5.730323397162944143e-01 1.345139517630003212e+01 4.520095209588335244e-02 -1.502028798137369087e-02 6.059648164087073213e-02
3.585000000000000000e+02 2.288741949398845463e+03 7.702316424162351893e+01 -6.870047637329229628e-02 7.875221062698648211e+01 -2.809419428226433424e-01 1.902543821320957562e+01 -7.792009329687422936e-02 6.014274544516860777e-02 1.150862198601646305e-02
3.945000000000000000e+02 1.787364742470237161e+03 1.266698239815278271e+01 -1.531781062057735454e+00 1.236718810543662883e+01 -1.285410935344371841e-01 2.149490386112861273e+01 1.294240103007010534e-01 1.025628525509275635e-02 3.498894721386709705e-02
4.305000000000000000e+02 1.794876306020507855e+03 -4.806318274013912628e+01 -3.333036581784891705e-01 -4.790953360931837324e+01 -6.811288464311019419e-01 1.969586262650439323e+01 -7.041321276420998976e-02 2.730420195446334186e-02 9.559335897249468528e-02
4.665000000000000000e+02 2.193804678395942574e+03 -7.573918018804052110e+01 -8.021576922840113477e-01 -7.656901773586129423e+01 -8.293937299690874454e-01 1.363816250916664075e+01 6.286026583531564849e-02 2.582441571003279979e-02 -3.889802386421935265e-02
5.025000000000000000e+02 2.482827412914946763e+03 -5.599175681689243333e+01 1.843242917058675046e-01 -5.715326738643413762e+01 -5.466487545891167699e-01 8.156439303827307086e+00 -3.332574511024881392e-02 1.218778487409154926e-02 8.989628299154131530e-02
5.385000000000000000e+02 2.562450710959197295e+03 -1.162943527198870619e+01 -3.847467775793994571e-01 -1.164459803981864283e+01 -1.218542300060011518e+00 7.543739832963398229e+00 -3.856953863766104246e-02 -5.458742122754509096e-02 1.014917871528196180e-01
5.745000000000000000e+02 2.456495078680366987e+03 2.368792371316965273e+01 -9.153640403110969714e-01 2.093879427865771703e+01 3.322562898843086643e-01 1.256765053070224880e+01 1.665006960907005479e-02 7.893947371008469549e-02 9.838349590451858639e-02
6.105000000000000000e+02 2.143649684065660949e+03 2.539235515139542088e+01 1.407698050663846345e+00 3.000740835422959663e+01 -1.338422181531355726e+00 2.270383896664259638e+01 1.141597927237899268e-01 -6.588458127963138511e-02 1.063438345629930115e-01
6.465000000000000000e+02 1.870445470516295245e+03 -1.370013932783795951e+01 6.758244340659669280e-01 -1.312382178690215362e+01 7.195284342142423961e-01 3.289686271819128649e+01 -6.793528014533913029e-02 1.342546511452919270e-02 3.403392538005651363e-02
6.825000000000000000e+02 1.799198484088191890e+03 -6.737315059478757462e+01 -1.323795956468425183e+00 -6.900615696096841134e+01 -5.230413749018645309e-01 3.763636562892623516e+01 1.888080553681684426e-01 -4.304075555176940099e-02 4.863859021108841302e-02
7.185000000000000000e+02 1.965359548181606897e+03 -1.172723394448225633e+02 1.275037638023027942e+00 -1.193664381251955291e+02 7.551266397424587495e-01 3.482801655396875162e+01 1.786652441631536858e-01 -2.618081635646158159e-02 1.228113002888719524e-01
7.545000000000000000e+02 2.234275494915090349e+03 -1.279052030984202020e+02 9.884051435772224226e-01 -1.288662587046362660e+02 1.006522078798550157e-01 2.629326887002643076e+01 2.127189876708329985e-01 1.052422467245082705e-01 6.437227484056896876e-02
7.905000000000000000e+02 2.464148479200377096e+03 -1.011023487091740520e+02 1.578852711402574105e+00 -1.012573963597721445e+02 -6.235603977805821430e-01 1.777938723408781385e+01 -1.350916498442588515e-02 5.258053800611306450e-02 3.711789725486454999e-02
8.265000000000000000e+02 2.507186576988293382e+03 -4.517927359205807392e+01 4.373140452641608444e-01 -4.452270876282740630e+01 1.678819952031593843e-01 1.299577742319986129e+01 -4.997963542176803164e-02 -7.885943985532009592e-04 3.409743856636791859e-02
8.625000000000000000e+02 2.302313619986759477e+03 1.661000622679800642e+01 -4.604621707010677634e-01 1.576000023940227912e+01 -5.282527374484313754e-03 1.534343648932326154e+01 1.510899142429546760e-01 -5.150918733431787688e-02 7.996743378448492590e-02
8.985000000000000000e+02 1.896006755668919595e+03 5.343694986526055857e+01 1.974355566554167662e+00 5.338466524436692850e+01 -7.255824898986851235e-01 2.340591364600911106e+01 1.545555038632125122e-02 -1.555748463226609701e-02 1.476302267636834809e-01
9.345000000000000000e+02 1.506796873932087919e+03 5.139225270704298509e+01 9.620078720553677520e-01 5.279188056588352396e+01 -4.362370780687558347e-01 3.382960490493908878e+01 -1.972538782796227630e-01 -6.600373378530739743e-02 1.364634197999775866e-01
9.705000000000000000e+02 1.199636002623656168e+03 1.822236802839458392e+01 -8.761723325477501767e-01 1.745922697339397089e+01 2.731077219611793838e-02 4.124885865472137425e+01 -2.378759391744617591e-01 -1.083028602132618812e-01 9.288047821647549274e-02
1.006500000000000000e+03 1.054766061437755980e+03 -3.522086148999170518e+01 5.949269797980929336e-02 -3.450244819951403485e+01 1.626696416697980263e-01 4.163278769936056278e+01 7.157415260912891597e-02 -1.370325447071676916e-03 1.710001314069147793e-01
1.042500000000000000e+03 1.061508626927934074e+03 -6.812440938849196925e+01 5.282547832129763643e-02 -6.694215322208961538e+01 -1.835946772847981689e-01 3.561369013860547739e+01 2.001895677880445867e-01 4.182229853257739965e-02 1.909590782324965264e-01
1.078500000000000000e+03 1.191270931275714247e+03 -7.566698268126164351e+01 8.356294579895784391e-01 -7.796420427186185975e+01 -4.638910022888874662e-01 2.501760805911354879e+01 2.433801390203265413e-01 1.032794382671538280e-01 2.969824839360750424e-03
1.114500000000000000e+03 1.248361311122739835e+03 -5.986328998980901872e+01 -8.543385247010196748e-01 -6.030173911713046664e+01 4.262123078653476393e-01 1.713604497244861591e+01 2.001149857890887618e-01 1.050070040874029158e-03 1.549807235532580374e-01
1.150500000000000000e+03 1.229502290631503001e+03 -2.950729100642689673e+01 -2.437377126563947116e-01 -2.951940160755808051e+01 1.546478847611978957e-01 1.339157604981370575e+01 -1.324878118998435994e-01 -1.409508243565878449e-01 -1.329913586900051958e-01
1.186500000000000000e+03 1.109842852659187429e+03 -1.948083400355715256e+00 -2.728490500567501975e-01 -1.182439592378945470e+00 3.783742719708595992e-01 1.588095179952403413e+01 8.362340666597151140e-02 9.478049646271406725e-03 1.804305214376115407e-01
1.222500000000000000e+03 9.593563584390935830e+02 6.414804348629539632e+00 -5.499249173410767355e-01 5.860706739985099389e+00 7.907097180049837970e-03 2.169273380155134845e+01 9.146184759181130719e-02 7.042767124425267089e-03 8.487604461483183593e-02
1.258500000000000000e+03 8.140238978124136793e+02 -5.139027293806076813e+00 2.145343995038510587e-01 -5.460764869765522889e+00 3.548453614167435544e-01 2.783449211654748012e+01 -9.679454009546649418e-02 -1.021471439590984909e-01 1.192838888717126233e-01
1.294500000000000000e+03 7.452175483059336329e+02 -2.911359622144897941e+01 4.522463870141454345e-01 -2.937138801657831522e+01 3.685177219950783734e-01 3.025539161850098679e+01 3.105638361966562844e-01 -1.143230432042194739e-01 -4.782096580648304701e-02
1.330500000000000000e+03 7.393447194191678591e+02 -5.178851753302156169e+01 -1.342898096246713191e+00 -5.035191265028862517e+01 3.538467967577301199e-01 2.900148755414555879e+01 1.781689243215466290e-01 -3.121754646825833368e-02 2.168416644715511210e-01
1.366500000000000000e+03 7.720660568568334838e+02 -6.008059185253737411e+01 3.359634617193771322e-01 -5.966376866362942621e+01 -5.313626795963434235e-01 2.360968677771428048e+01 -2.798680225446806835e-01 -4.949251949119949645e-02 9.308249292906581318e-02
1.402500000000000000e+03 8.042428830305307201e+02 -5.282285933986742066e+01 -4.709267756221792167e-01 -5.313350590093129711e+01 -5.545649590542441054e-02 1.704518459783917450e+01 5.275713133262360799e-03 2.941355110791605831e-01 3.511506216453351426e-02
1.438500000000000000e+03 8.194306828100532130e+02 -3.460199012991611767e+01 1.272116802599234209e+00 -3.528465468863977605e+01 -8.172940690228869265e-01 1.245433782437217829e+01 1.348968589364973047e-01 -9.431106982661277560e-02 3.709435233357978590e-02
1.474500000000000000e+03 7.699769907855325073e+02 -1.281220738412953430e+01 2.801884975150633617e-01 -1.287799625191119368e+01 -4.320289150590644334e-01 1.163065855406782489e+01 -1.275070956026169711e-01 -8.568328842294943570e-02 2.942721287247312967e-01
1.510500000000000000e+03 6.626694098932206316e+02 3.153693580242976857e+00 -9.284315073086830683e-01 2.745004826474973569e+00 -3.133671573674097210e-01 1.345578408153322769e+01 -2.184100620327342201e-01 -2.165555345280749389e-02 1.576295477694403535e-01
1.546500000000000000e+03 5.532535210934715906e+02 5.382362465373526916e+00 -1.415245552997887568e+00 5.593457374997740317e+00 3.219116813970211433e-01 1.707729733247589010e+01 1.490004565268244208e-01 -4.568396855616315387e-03 1.536266399490575363e-02
1.582500000000000000e+03 4.638501701947175206e+02 2.686321876668844588e-01 -2.897927807066798533e-01 -1.407081259710216248e+00 2.631150836043228969e-01 1.992471308833732024e+01 -5.929825524150617033e-02 1.003169184980433337e-02 2.381355013838520329e-01
1.618500000000000000e+03 4.114584466176826254e+02 -1.415165990120634909e+01 7.878484120473379093e-01 -1.434240905486164053e+01 2.392704623426401001e-01 2.040243536577394323e+01 1.150664671538163264e-01 3.068220820553898553e-01 3.182963468584028288e-02
1.654500000000000000e+03 3.960308207273792505e+02 -2.563430971967846261e+01 -4.536860229911358067e-01 -2.601984979067800552e+01 3.436811412751706873e-01 1.832991709460574725e+01 1.755362813179586479e-01 -2.364642289953519660e-01 2.935370291066584647e-01
1.690500000000000000e+03 3.995746221375150071e+02 -3.008445966221593437e+01 3.073238456732090285e-01 -2.988905048584826218e+01 5.538427076731394783e-02 1.439728450215145017e+01 -1.974039475743654404e-01 5.035944845415488841e-02 2.487881177864815357e-02
1.726500000000000000e+03 3.999184045168758530e+02 -2.581063880997443150e+01 1.557045361837981812e+00 -2.586739393684861454e+01 5.471831966708831096e-01 1.054328059711853705e+01 5.230562171895568324e-02 -1.101915950784959630e-01 1.618896850632316475e-01
1.762500000000000000e+03 3.932320738649735290e+02 -1.760408314945873798e+01 -9.900595609174636103e-01 -1.832346971668667379e+01 -3.628801509086969634e-01 8.413156881425464917e+00 2.469394934616121473e-01 1.661940237958917099e-02 -7.919329766536570281e-02
1.798500000000000000e+03 3.670400472880479583e+02 -8.912657185015259387e+00 -1.532660452942241402e+00 -1.081909136564782870e+01 7.420248633507239844e-02 7.980124925395010393e+00 2.733111904223214927e-01 -1.711148122020483275e-01 2.651569435164809474e-01
1.834500000000000000e+03 3.256833557101563201e+02 -5.084317182764573673e+00 4.615142369661668353e-01 -5.544365752596382535e+00 7.042914780127930152e-01 8.717572441063300204e+00 -4.353892582170153236e-02 8.743405040083188084e-02 -9.246368324495748969e-02
1.870500000000000000e+03 2.861413072519073921e+02 -6.177216116618145847e+00 4.349500400301685443e-02 -6.203790657005784581e+00 8.753413429054008876e-01 1.032454524342768920e+01 -5.994459242073763017e-02 -5.073900576581386046e-02 1.906279793663397670e-01
1.906500000000000000e+03 2.604569503123153709e+02 -9.309191746644435383e+00 1.286440566117430517e+00 -8.825289390938422684e+00 2.083585052820748906e-01 1.111027770010455384e+01 1.312178618429522270e-01 -3.138742896694564355e-02 -1.300610432961314955e-01
1.942500000000000000e+03 2.406064486339397490e+02 -1.466817867329258718e+01 4.312509354283287077e-01 -1.447570802331827977e+01 5.875341259744791544e-02 1.104998615783570770e+01 -2.254507154046756223e-01 5.529267241086635587e-02 1.127986012186314724e-01
1.978500000000000000e+03 2.394160139027564469e+02 -1.731626548903961194e+01 -2.625737561453028723e-01 -1.704504127613162012e+01 8.383929293827754869e-02 9.822683177771796892e+00 -1.822883264486387378e-01 1.665024276670760139e-01 -5.618016140003304071e-02
2.014500000000000000e+03 2.402102440442146190e+02 -1.804697901566741081e+01 -3.511030562347857709e-01 -1.713753102870914091e+01 -5.720198911167292954e-02 7.407041647868673806e+00 -4.985039845842681450e-02 9.680998316837717554e-02 7.313105721762688805e-02
2.050500000000000000e+03 2.347614176629900840e+02 -1.422737045315901128e+01 -7.564566064032508808e-02 -1.450600539203294659e+01 2.118832232654010439e-01 6.267808472331184433e+00 2.837467676759983792e-01 3.746615680303295726e-01 -9.242624126355278302e-02
2.086500000000000000e+03 2.224318788262449971e+02 -9.516009003924818188e+00 4.102380800005313993e-02 -9.815329318097084865e+00 8.886955097774310031e-02 5.266899864724727820e+00 1.796871265036674159e-01 -3.437531348769750639e-01 -5.596195386013506218e-02
2.122500000000000000e+03 2.039698397719937475e+02 -4.958745503632995266e+00 4.962601549765358055e-01 -4.843874427276454675e+00 -2.141113719690032335e-01 4.907445353234583862e+00 1.954342463951574405e-01 1.754224938637156672e-01 2.135107533186597628e-01
2.158500000000000000e+03 1.786481100839050100e+02 -2.379958158478978625e+00 -4.374911586001903330e-01 -3.491782840725344617e+00 6.328998810718796664e-01 5.347506922407545105e+00 4.870971910577366615e-02 5.153068742536304897e-02 -1.503699135856301772e-01
2.207000000000000000e+03 1.505976597885413071e+02 -3.106697783783623379e+00 9.629854550440565542e-02 -4.236247340320415944e+00 1.111362929406425337e-01 5.961737529530953594e+00 1.544787566979629115e-02 -2.662559830692365348e-02 1.732430807637914960e-02
2.268000000000000000e+03 1.314442633824079394e+02 -6.841584582442987283e+00 1.296578029564677825e-01 -6.907154538428301294e+00 -2.859769463543227475e-01 5.723984912967774896e+00 -3.097579995963106736e-03 -1.325075303659199732e-01 1.360095581549075443e-02
2.329000000000000000e+03 1.251370323238214723e+02 -8.184446311513431382e+00 3.459926811517014533e-01 -7.268851678329513177e+00 -3.585030286595980442e-01 4.414312616713205628e+00 -1.413908739480143339e-01 -4.010507640866865786e-02 -1.593740404437322122e-01
2.390000000000000000e+03 1.179520520315605125e+02 -5.518652435061682127e+00 1.596262944525815297e-01 -5.723236673331760116e+00 1.335777576969931768e-01 3.173938520363510207e+00 -2.966941025412576094e-01 -3.477671127321216304e-02 9.602791781399375171e-02
2.451000000000000000e+03 1.039538557083267136e+02 -3.077487121700957395e+00 -3.210580391751640672e-01 -3.203039836928660566e+00 3.350088495230725549e-03 2.607072879124459508e+00 6.759807336713695436e-02 2.470353214489076632e-01 2.019130394246814453e-01
2.512000000000000000e+03 9.067209385135862476e+01 -2.951751337922965845e+00 -5.637053024643962074e-01 -2.456461199730425982e+00 1.756861549968950220e-01 2.806763577675536414e+00 -1.010293303682427979e-01 -2.205073187496918996e-01 6.066410726464845082e-02
2.573000000000000000e+03 8.122301371150393834e+01 -3.897921078449368082e+00 -2.851424385230754699e-01 -3.588910834627578872e+00 -6.136922840740484109e-01 2.808041480383275612e+00 -1.451113346659183706e-02 1.929763160264232336e-01 1.030163153240950397e-01
2.634000000000000000e+03 7.618804753631729909e+01 -3.576908981823054834e+00 -2.074034410236469117e-01 -4.159551071776985687e+00 -1.953896454066620936e-01 2.019344960287207780e+00 1.208141514510591291e-01 4.731502350686630359e-02 8.770465838164102912e-02
2.695000000000000000e+03 7.210120002060644140e+01 -3.347286495174064846e+00 -2.640696131027400195e-01 -3.842399703118727139e+00 2.261398852993077024e-01 1.828766282776717489e+00 -1.664632907961743347e-01 -4.719108588839579510e-02 -1.389926748183597516e-01
2.756000000000000000e+03 6.515750708259946578e+01 -1.944410109765087213e+00 5.704461318501764799e-02 -1.978403989132289098e+00 -4.417603176963859068e-01 1.544971174392856916e+00 1.373327638433840814e-01 -1.322062698547014081e-01 8.754499257099904175e-02
2.817000000000000000e+03 5.717161131504239791e+01 -2.202625239939664858e+00 5.529143344206733923e-01 -1.624571490761504755e+00 -8.193127349937007198e-02 1.064848579724604782e+00 1.189300956424144684e-01 -3.150065841170862080e-01 1.397566428142430206e-01
2.878000000000000000e+03 5.126101631048495477e+01 -1.949469732927553212e+00 3.505922851319089872e-01 -1.494599501250353457e+00 -1.129378446544307829e-01 1.448000964747890418e+00 -2.102640869711480676e-01 1.623688338276061127e-01 3.777661088819989077e-01
2.939000000000000000e+03 4.961831147339832171e+01 -1.889786450633697434e+00 5.599482568142409855e-01 -1.735784703188525402e+00 -2.470431002538146514e-01 9.753622977917379977e-01 2.112131262514231611e-01 -1.358914847810517024e-01 -1.416564230544432867e-01
3.000000000000000000e+03 4.630859842153341077e+01 -2.175807081099945250e+00 2.403115098071144096e-01 -2.122077705228169187e+00 4.109477699177574439e-02 8.860754116146362103e-01 1.404074359107552461e-01 1.935562846863135011e-01 3.168778903419444681e-01
3.061000000000000000e+03 4.427207016715759380e+01 -5.555638440074984752e-01 7.472548160667412676e-01 -1.331821440061053519e+00 6.573397620679650999e-02 6.834479202898314787e-01 -3.904331308232652509e-01 5.999440603923273940e-01 -9.579640546044197735e-02
3.122000000000000000e+03 4.176726083264471612e+01 -8.604659644682230990e-01 -1.788082150597918307e-01 -1.071381478183303315e+00 -5.126206694019039833e-01 7.693584913445692397e-01 -3.807077410826680275e-01 2.012077589275643175e-01 3.216281120479276834e-01
3.183000000000000000e+03 3.965950952658187134e+01 -1.174486637455867566e+00 3.229535753582559732e-01 -4.995926565605633696e-02 -9.238706212785348093e-01 4.758435189301453705e-01 2.892711053990451031e-01 6.848039350745552256e-02 -2.707948726777457960e-02
3.244000000000000000e+03 3.874351492201481051e+01 -1.011086582344519202e+00 -2.794631840973277881e-01 -1.167950366025974240e+00 -4.072028235425679821e-01 5.731164443718647084e-01 -2.656553454404897985e-01 1.703713011526320764e-01 -3.598943726952756883e-01
3.305000000000000000e+03 3.625202647411453682e+01 -7.873200463888387901e-01 -3.073864432538181424e-02 -1.396374506575636776e+00 4.685941707643871412e-01 2.389087719094744877e-01 -2.370772336282075121e-01 9.656694521324991065e-01 4.020312981210552583e-01
3.366000000000000000e+03 3.573308056456096438e+01 -1.044247937656833436e+00 -4.148051922727682417e-01 -1.061938999598817768e+00 -3.705797961825553211e-01 1.023479655308175834e-01 -3.513867365109081264e-01 -9.900891111621096252e-02 1.193991905720483970e-01
3.447000000000000000e+03 3.484728310857904887e+01 -6.944605198287827630e-01 1.986673716673151568e-01 -3.458623406347127172e-01 -1.014218465110186401e-01 6.781685787462419235e-01 -3.353718615324700059e-01 4.900807517136993030e-01 2.343616359746392985e-01
3.548000000000000000e+03 3.259608464008900341e+01 4.604695660283548708e-01 -9.680573772967875079e-02 -2.014715466625572327e-01 2.955098183923998700e-01 1.358391741374886941e-02 6.630395952011993721e-01 3.229736590762334325e-01 1.692263150123629600e-01
3.649000000000000000e+03 3.272921181906786359e+01 -6.862892139054926899e-02 1.808378201294821297e-01 -1.830658182787824328e-01 -4.065209220953466818e-02 7.692590160595353943e-01 -1.058640700279187691e-01 -1.893363911534134414e-01 -3.168153322582144549e-01
3.750000000000000000e+03 3.256197043127073698e+01 -3.596933277178762656e-01 3.143950251926479478e-01 -5.717447180367594139e-01 2.936418579428565212e-01 -1.378568489981342737e-01 -4.824590527381020233e-01 4.737025556365512813e-01 1.876626783993708136e-01
3.851000000000000000e+03 3.302431924556294263e+01 3.789233401050648778e-03 2.055818370211367208e-01 -8.466360548375118089e-01 -2.027239865240280103e-01 8.220964926320364352e-01 -6.709963736182507077e-01 -3.329582457583560862e-01 -2.466920315130491370e-01
3.952000000000000000e+03 3.341639713834702263e+01 1.703885075263614213e-02 -1.745324770927754732e-01 1.303656484094523060e-01 1.105206998605574586e-01 -2.645688516259784850e-01 -6.146430996384331102e-01 -7.416331857558789986e-01 -2.171318657351437864e-01
4.053000000000000000e+03 3.367720347566155681e+01 2.953371084791980850e-02 -2.288184210957799614e-01 -2.774954786750123692e-02 -7.058037424347385347e-01 -3.498291690291708833e-01 8.093392398163430368e-01 2.823539519645233697e-02 3.186862238239995121e-02
4.154000000000000000e+03 3.494542863667996357e+01 -3.864579370858058360e-01 1.717836917788102824e-02 -6.553945821140718664e-01 -2.691571795353306928e-01 -3.800329074431765819e-01 7.460505192140840514e-01 3.116616178633931367e-01 -1.307816409016827885e-01
4.255000000000000000e+03 3.596472816639686698e+01 5.041016748013138482e-01 -3.382250780323092232e-01 -9.183090690990773908e-01 -3.417111904033834358e-01 -1.735802204915906644e-01 -4.787606276934572302e-02 4.013302834856849466e-02 4.451305653918605776e-01
4.356000000000000000e+03 3.608083040282653542e+01 3.821492936345739500e-01 -9.560728699064355296e-02 -2.888411897471066525e-01 -3.357373981696973875e-01 6.534446984942422487e-01 2.457651844092307303e-01 1.897803726283301406e-01 -6.996981798377266415e-01
4.457000000000000000e+03 3.766162566239614762e+01 -4.715453540652469466e-01 2.494495106813993113e-01 -4.775913254250307993e-02 2.959991029835249976e-01 -7.424374178088157805e-01 4.657944252417589581e-02 -3.821885172625029137e-01 9.922449299625539787e-01
4.558000000000000000e+03 3.918527820549297758e+01 -5.608062805704010223e-02 -4.006615025874343122e-02 1.899621487110427775e-01 -5.330116766536873163e-01 1.028364560150710094e+00 -2.210809588382104396e-01 4.631245817271716914e-01 -1.842806103478024649e-01
4.659000000000000000e+03 3.969624797128249583e+01 8.145117413385360994e-01 -8.545390276910665994e-01 4.014809424272377525e-01 3.980101115296704739e-01 -1.293211868277444054e-01 5.030101378270059043e-02 -1.883940220426864043e-01 1.033439652298564493e+00
4.760000000000000000e+03 4.152185820731217802e+01 -2.154760098392486389e-01 -7.390612888556602478e-01 -2.049485688524479432e-01 3.210943200152626686e-01 -3.951277845714459280e-01 -2.829609946269012744e-01 1.442703895116811630e+00 -1.503384388011979489e+00
4.861000000000000000e+03 4.275978937321409745e+01 -4.393593281772137926e-01 8.401115439926662987e-01 -2.170027594037650664e-01 -4.317132211652277007e-01 3.775548308440824785e-01 3.817515589643465934e-01 1.673535484268707241e-01 6.256255531714559615e-01
4.962000000000000000e+03 4.306355773199106096e+01 -1.452212286984516099e-01 -9.440941441724748362e-02 1.691100659565073494e-01 -4.193436062760419469e-01 -1.004037475607364893e+00 -3.886699379564511059e-01 5.302815454197934431e-02 1.158109099356421812e+00
5.063000000000000000e+03 4.547571106874555369e+01 7.600724407957488715e-01 -2.269710576709931260e-01 2.844126605322657708e-01 -1.817069015328995008e+00 -2.818009419685226780e-01 -7.864305665482195229e-01 2.260994073433362506e-01 -1.372633570297205230e+00
5.164000000000000000e+03 4.619142104151904960e+01 -6.655294198579059239e-01 -7.359657386661033751e-02 -1.092230334792102964e+00 -9.589415972807284749e-01 -1.141460341988367322e+00 3.805079512781586182e-01 -9.615853625745599542e-01 2.026414208335683975e-01
5.265000000000000000e+03 4.771059123889470754e+01 3.178230797519886464e-01 -1.027926351586569753e+00 -8.914223103253317293e-02 -1.794904985990498913e-01 4.885110902034025537e-01 -1.898315923115346138e+00 2.978866607688095414e-01 -2.866191831125803335e-01
5.366000000000000000e+03 4.959469230972481313e+01 5.650250097734312860e-01 -4.324035469754425876e-01 -1.381933229068379454e+00 -6.335492965624227590e-01 3.032796695791299957e-01 7.289807838333206558e-01 -2.297779407189329270e-01 4.703630927923333482e-01
5.467000000000000000e+03 5.194892141925053863e+01 -4.790407751820471294e-01 -2.934560285310903183e-01 9.710282575670636795e-03 4.686207707012732815e-01 4.804941263034744336e-01 1.731521664713619568e+00 1.481394148142044509e+00 1.176238347922065497e+00
5.568000000000000000e+03 5.316146649536807445e+01 -4.287349565411169849e-01 5.270244370880494689e-01 -1.400634739601574363e+00 -1.403768103660610667e+00 1.759009140830310347e+00 1.348986608098102113e+00 -4.613361552573020941e-01 -4.867987109234355181e-01
5.669000000000000000e+03 5.437545788057802554e+01 -8.947261189063797637e-01 1.582248978423546060e+00 2.263571507375217173e-02 1.905624551099272646e+00 2.483075843757060142e+00 -1.458736080081050046e+00 4.933029314220163108e-01 -3.215296176834425701e+00
5.770000000000000000e+03 5.579860577937095911e+01 -5.182737711716283169e-01 8.794038823063554666e-01 2.402697227031564520e+00 6.932232950890839795e-01 5.979100454196675241e-01 1.463762599639493400e+00 8.813708593760867238e-01 -6.028464802172290860e-01
5.871000000000000000e+03 5.873407653207983969e+01 5.742918086753807660e-01 -4.536802359210106772e+00 3.745060947044255295e-01 -1.583999868287517376e+00 -1.749546361169783237e+00 -4.978759965146270505e-01 1.409118352570052801e+00 2.098604106274704062e-01
