# l Dl_TT Dl_TE Dl_TB Dl_ET Dl_BT Dl_EE Dl_EB Dl_BE Dl_BB
7.050000000000000000e+01 1.969814983349640897e+03 -6.915976872111925466e+00 5.810854352534156053e-01 -7.802808813545485833e+00 5.769985229043158581e-01 3.488297084674826243e-01 1.078848176891999966e-02 -1.175484259463492782e-02 2.552872829255219134e-02
1.065000000000000000e+02 2.849983925035752691e+03 -2.773295106338366622e+01 -8.044588176786706679e-01 -2.701203415348581061e+01 -4.953288253362673754e-01 8.382056962001894762e-01 1.068135451044050291e-02 1.249904722676112474e-02 1.152542237324035573e-02
1.425000000000000000e+02 4.130118483467260376e+03 -4.372016598746982652e+01 1.570063974043077293e+00 -4.392636164831542089e+01 7.593610843596282356e-01 1.103471498744232004e+00 -1.113787545623613415e-02 -9.256761314260486193e-03 -2.264058059105568399e-02
1.785000000000000000e+02 4.902214144652826690e+03 -3.382976071748565516e+01 -1.283909525981563049e-01 -3.377926259326665814e+01 -4.343287791945194543e-01 8.650329403053564903e-01 1.849575452496939401e-02 1.563827510770282592e-02 3.112327924086216637e-03
2.145000000000000000e+02 5.564148895709684439e+03 2.135283615026322579e+00 -9.780923557454079820e-01 2.533960445853181920e+00 -5.414656993182926925e-01 8.403710134835071788e-01 -2.079897964891151349e-02 -3.778486914948068001e-03 4.922157025622546367e-02
2.505000000000000000e+02 5.347239226444113228e+03 6.123577650225731617e+01 -2.297614978892824622e-01 6.318075775102298053e+01 -7.491403968649199552e-01 2.450408448201859546e+00 2.959641144723651474e-02 1.749569467018243819e-03 6.587040014496676164e-03
2.865000000000000000e+02 4.497621935464800117e+03 1.088765963159793699e+02 -1.286568541907821883e+00 1.089460431568180923e+02 -2.697787474215176395e-01 6.943755391303001900e+00 -4.272798691750979289e-02 1.128753838385402469e-02 3.893650561317351516e-02
3.225000000000000000e+02 3.394588766433393175e+03 1.176495871180793529e+02 -4.052025253356596468e-01 1.187573282239559660e+02 -4.023615283758798511e-01 1.328311874963989681e+01 8.597024502122599388e-02 3.443327548060744203e-02 2.276276598386070549e-02
3.585000000000000000e+02 2.295572251968339515e+03 7.481078395816075499e+01 1.113980266373261196e-01 7.457381296161780426e+01 -1.352072512311416341e-01 1.907198836032903699e+01 -2.313249536442016363e-02 -7.004027647339175489e-02 5.524183715000904188e-02
3.945000000000000000e+02 1.774735100445580429e+03 1.317773529216890438e+01 1.378722279000506312e-01 1.232955243257685041e+01 -1.373234594983669399e-01 2.201903873798216438e+01 1.051430313328211019e-01 1.107596144274381467e-01 6.272879212833355755e-02
4.305000000000000000e+02 1.842742599692432577e+03 -4.884784188729040721e+01 2.591863954266415693e-01 -4.947565903766981421e+01 5.595582709210735750e-01 1.921557488431078653e+01 1.363888967407173892e-02 -3.704340189980236814e-02 3.068631948543862689e-02
4.665000000000000000e+02 2.135120833314756055e+03 -7.400508815279623320e+01 -1.538194566004277286e-01 -7.454710378257286152e+01 -4.713362772559117064e-01 1.337393205967732790e+01 -1.155888410072295012e-03 -1.902881083969347811e-02 4.096321447791605869e-02
5.025000000000000000e+02 2.441124038362136162e+03 -5.347243185623042905e+01 -8.152256229650706176e-01 -5.339976856063256605e+01 6.213578543400655185e-01 8.006974593475980839e+00 -7.290157353975963359e-03 8.005237778829882647e-03 6.180170803800207058e-02
5.385000000000000000e+02 2.545309730078810844e+03 -1.170469583048550533e+01 -5.764125186766071440e-01 -1.256000304127587164e+01 -5.876795026390840837e-01 7.518589504688982572e+00 2.170617476874955876e-03 -3.221766737260614577e-04 4.480811914284397318e-02
5.745000000000000000e+02 2.446885538402064867e+03 2.299767074129601241e+01 5.581269125986847435e-01 2.279236141304569685e+01 2.446810636760282098e-01 1.301634004523250887e+01 7.812204982907175466e-02 3.882423224610315193e-02 1.252797142043188816e-01
6.105000000000000000e+02 2.138839945303847344e+03 2.420255747639829735e+01 -3.786633400737402511e-01 2.496696255268160058e+01 -6.991004409900789529e-01 2.285842888401576189e+01 -7.768127832033275282e-02 -4.995065396252525158e-02 1.071867342972536302e-01
6.465000000000000000e+02 1.862083242315339248e+03 -1.247327466742924251e+01 -5.544956963459856114e-01 -1.257040446617259377e+01 1.480241504325351953e-01 3.272575530079730299e+01 -5.486958523089395523e-02 -5.234864296307908949e-02 6.879362765777408129e-02
6.825000000000000000e+02 1.821576051102338170e+03 -7.169802459702087560e+01 1.089941312212985958e+00 -7.159594120854723087e+01 5.278359610135455737e-01 3.662308520545879986e+01 -1.125955944094919198e-01 5.016538474288199934e-02 8.606246682013526939e-02
7.185000000000000000e+02 1.960201604524881077e+03 -1.182075673902563153e+02 4.173797105846935307e-02 -1.172760550378070974e+02 1.004908557025535609e-03 3.516368516130229693e+01 -1.166713165918656196e-04 -1.833990696892198735e-02 5.386310373852631894e-02
7.545000000000000000e+02 2.253819119848553783e+03 -1.305943632946214166e+02 1.020195550915534571e-01 -1.321249715229612605e+02 2.147618958984576221e-01 2.661051972471151572e+01 4.252262180726716634e-02 6.975969581294916289e-02 5.312990327299950410e-02
7.905000000000000000e+02 2.492160305202401105e+03 -1.021834374208162330e+02 -8.912734360501584074e-02 -1.021884682330990728e+02 8.348863907966008746e-02 1.762960137014032824e+01 -8.745651020506226003e-02 -3.788479060177869784e-02 8.424626153909206550e-02
8.265000000000000000e+02 2.507590143710548546e+03 -4.345957394830015375e+01 4.210289317615979465e-01 -4.245974179211086152e+01 3.215613969985102738e-01 1.293310130824459847e+01 -3.131039111615094989e-02 -6.217275906601180124e-02 9.560725256720735421e-02
8.625000000000000000e+02 2.312384558247083987e+03 1.880124146565125187e+01 5.966166369471690434e-01 1.929925713035317969e+01 8.889359668089062971e-01 1.495372029488464349e+01 -8.127813583782740603e-02 2.037839934605008979e-02 1.010789375872449963e-01
8.985000000000000000e+02 1.899398006667677691e+03 5.339538489054258719e+01 1.985994536633126639e-01 5.290606350106158118e+01 -7.128683492450493819e-02 2.325248483206932448e+01 5.515002134657356891e-02 9.798479959749915869e-02 1.292169019174893296e-01
9.345000000000000000e+02 1.496041772434077302e+03 4.939910444105953502e+01 -9.907164617650194849e-01 5.065036089910110917e+01 -1.839055315569577687e-01 3.339930515083987217e+01 2.786127853459726203e-02 -1.338160350526682724e-02 1.184043902105651191e-01
9.705000000000000000e+02 1.203981160889376497e+03 1.604062138739827859e+01 1.657540037688962353e-01 1.576177451663756557e+01 1.025184032978244397e-01 4.110210866700741406e+01 7.231560925809515927e-02 8.494269032049188428e-03 6.035869074687839897e-02
1.006500000000000000e+03 1.055794344393266556e+03 -3.233886841870673834e+01 -2.629492883596286079e-01 -3.283023574301901704e+01 -6.770098184493587856e-02 4.069000322516514245e+01 1.038232217993941553e-01 5.642778711837034833e-02 4.083434771671638763e-02
1.042500000000000000e+03 1.072804182462137305e+03 -6.849644757104604764e+01 7.760956894021547869e-01 -6.872525731690845419e+01 -3.294533951014105844e-01 3.509505181100583115e+01 -3.370698319311397212e-02 1.367536137112617400e-01 9.848991605079553818e-03
1.078500000000000000e+03 1.181729196796632550e+03 -7.752046821869384985e+01 -9.533447346062678962e-03 -7.782711168332627949e+01 -2.930858387859733849e-01 2.559707434118482894e+01 2.651179989320226471e-02 1.787323447867190246e-02 7.110730627553592254e-02
1.114500000000000000e+03 1.246646011219906086e+03 -5.967524126099229420e+01 -7.678020088081610739e-02 -6.061977198308063208e+01 -5.908093885830429937e-01 1.703569013626321293e+01 -3.316408003790186770e-03 6.747781021685198000e-02 1.622036485905458680e-01
1.150500000000000000e+03 1.237862709605082728e+03 -3.057617417695969664e+01 -9.956089465918900316e-01 -3.074125929300759452e+01 -2.895871764261120918e-01 1.320277387321350560e+01 -4.192803897982701200e-02 2.039684767150699851e-02 1.030621350028777389e-01
1.186500000000000000e+03 1.119948636643804093e+03 -1.963175881340298190e+00 8.590087427358823469e-01 -1.873226415640358855e+00 -1.665576104991337569e-01 1.560827913678755685e+01 3.999819059654362297e-02 1.374918545688943450e-01 5.073653471033548468e-02
1.222500000000000000e+03 9.473443093852083621e+02 4.949353448450068527e+00 3.606255436692622496e-01 5.854211231045045594e+00 3.224097401896396931e-01 2.120046301220061480e+01 8.325775294119586861e-03 -6.860448113329242759e-02 1.445186738453461683e-01
1.258500000000000000e+03 8.140188325103659963e+02 -5.314067365430702239e+00 3.436711299785403240e-01 -5.432668250976984581e+00 1.319583247414259086e-02 2.794873664584772399e+01 -3.474569606113742798e-02 3.050562603552386953e-02 6.540938910383983784e-02
1.294500000000000000e+03 7.391076364087855382e+02 -2.842927009523276283e+01 -2.439355957530782160e-01 -2.885899668137008689e+01 -1.585870102174328777e-01 3.038330180593505858e+01 -5.188673502987167091e-02 8.000812948289845461e-03 5.661660175282191843e-02
1.330500000000000000e+03 7.407608740836049037e+02 -5.071613234093092615e+01 7.061784143803984115e-02 -5.022221681974376395e+01 -4.747153528763310426e-01 2.860667543054517026e+01 -7.063788990663420753e-03 7.673260528689195004e-02 7.691025877913751363e-02
1.366500000000000000e+03 7.669655467846695274e+02 -5.979272919723595692e+01 4.273014960285692609e-01 -6.001903028337259371e+01 1.952269357307897524e-01 2.311745028467527874e+01 -1.317197564324718018e-02 -1.205023298558531228e-02 6.147108488243962360e-02
1.402500000000000000e+03 8.171523878219927610e+02 -5.406677081905218074e+01 -2.087231152612571417e-01 -5.429000617097142367e+01 -1.470620503036857984e-01 1.711624426763807350e+01 -2.359347741282788111e-02 5.093849683356180269e-02 1.039609872910517152e-01
1.438500000000000000e+03 8.200251749466798401e+02 -3.465754016124773784e+01 -2.739118937468968951e-01 -3.516347374212777765e+01 -4.501066562502453738e-01 1.266123423639028545e+01 -3.785318032706951052e-02 -2.440750986041551052e-02 1.253563754966242200e-02
1.474500000000000000e+03 7.689311428299736235e+02 -1.163084084158902343e+01 -3.721494373194724758e-01 -1.309287880630884970e+01 3.500891426451592237e-01 1.152223986197612859e+01 -8.434087475018106628e-02 -6.935030269469188297e-03 1.142732853703606333e-01
1.510500000000000000e+03 6.558991134728676116e+02 1.985236879426620860e+00 3.790886990959535519e-02 1.923609175452894560e+00 6.903183732029223307e-01 1.361274270441831291e+01 -7.049473827590810315e-02 -7.171816689228809050e-02 3.141512696197806126e-02
1.546500000000000000e+03 5.575260142976196676e+02 4.183170230867626849e+00 -3.963917266144507678e-01 4.706062058989369135e+00 -2.259835275758080575e-01 1.721425567154476255e+01 3.511824263808936003e-02 5.641374591521030463e-02 2.517797190770783289e-02
1.582500000000000000e+03 4.635168948287742978e+02 -1.409729198885577350e+00 -3.684814354996774899e-01 -1.122217032077066357e+00 1.411247518797059675e-01 1.969102841458260755e+01 -2.954696224501832807e-02 -7.181035105650787620e-02 -9.782788648157320077e-03
1.618500000000000000e+03 4.128124376278636305e+02 -1.443683876075819583e+01 -5.210333684124959230e-01 -1.422720402554159946e+01 2.726823717317133355e-01 2.068922365272867836e+01 -2.326332608344877650e-02 -5.721953420057406675e-02 1.614743019665426660e-01
1.654500000000000000e+03 3.975469105215593117e+02 -2.610775709223362995e+01 1.599082699237656391e-01 -2.577175918521308517e+01 4.701900455826653058e-01 1.860323794946737053e+01 5.085222537113693458e-02 -1.246759773009332162e-01 5.461684787105960948e-02
1.690500000000000000e+03 4.030578961899928458e+02 -2.958356990175767010e+01 -1.306796593364809578e-01 -3.034773845699086436e+01 2.340267870195491540e-01 1.498304495849467344e+01 1.872757688504059562e-02 -3.448589103616298002e-02 1.559170627733827419e-01
1.726500000000000000e+03 4.067655112669791038e+02 -2.683226723661410773e+01 -6.636204437690137459e-01 -2.687916764406936920e+01 -5.365483112366010998e-02 1.112104592666518954e+01 7.445293492104353150e-02 -8.063458931142607200e-02 8.423072747257681625e-02
1.762500000000000000e+03 3.962235856137255041e+02 -1.882257108456154526e+01 -6.307003853979102626e-02 -1.861140411104756964e+01 -2.921631618143557541e-01 8.479114376330230129e+00 1.178740829778904681e-01 2.128092301409190840e-03 4.988227229786467570e-02
1.798500000000000000e+03 3.663166170397422547e+02 -1.036287915908298629e+01 4.898562937443556864e-02 -1.057447502279773310e+01 -5.310195198603242517e-01 7.749233299994566337e+00 -9.722944254180344859e-02 -5.382931716619777235e-02 1.223292963693926316e-01
1.834500000000000000e+03 3.260108807292235724e+02 -5.207457309969502290e+00 2.371869389923858540e-02 -5.223813359375849785e+00 2.261884274054619670e-01 8.714209397152409053e+00 6.548476058120356047e-02 -8.084205734865314297e-02 1.832448783433579531e-01
1.870500000000000000e+03 2.898439076728975010e+02 -5.333330288495373495e+00 2.717966814119941454e-01 -5.742079899530001086e+00 2.206141649652321457e-01 1.029446671757393084e+01 -1.549371827934995227e-01 -1.491970555262391307e-01 1.057852110424787606e-01
1.906500000000000000e+03 2.588928194724400100e+02 -9.032157301069299038e+00 1.262512989322167878e-01 -9.451229515528819292e+00 2.030936247340855427e-01 1.094985059031959196e+01 -1.834346531229442273e-02 -1.751271766004861286e-01 1.366848204084767648e-01
1.942500000000000000e+03 2.466874211388167737e+02 -1.470724853574766300e+01 2.924618930553667950e-01 -1.466477881213767809e+01 9.489249551786241299e-02 1.094152924128552584e+01 -1.447003066741965882e-01 7.394930218320507065e-02 1.073476693409487481e-01
1.978500000000000000e+03 2.400150379260583122e+02 -1.741714366770271738e+01 -6.739776054992976939e-02 -1.799144286247416957e+01 -8.335455461818097600e-02 9.585245982063797854e+00 1.297078663322912273e-01 1.432462175578958496e-01 2.575234562508097944e-02
2.014500000000000000e+03 2.397328653755490393e+02 -1.726243285468979849e+01 1.679688342680171753e-01 -1.745856896146947790e+01 -8.727825469416175541e-02 7.921982841631018069e+00 -5.160712303024293790e-02 3.852606644556834381e-02 -1.008237649461957708e-01
2.050500000000000000e+03 2.389434401799571788e+02 -1.435349091912565633e+01 -2.862390627889709327e-01 -1.409820836349071804e+01 2.194796861742327049e-02 6.073976694107564356e+00 7.919154962442877255e-02 -5.278767479598651252e-02 -2.830023744046647124e-02
2.086500000000000000e+03 2.277852783134268861e+02 -9.387435392319776639e+00 4.517665407886636286e-01 -9.605152855332043771e+00 3.403784332252534073e-01 5.217414147456574725e+00 -4.516627101177828757e-03 5.406032937921012582e-02 1.563141711620051888e-01
2.122500000000000000e+03 2.035286653356049555e+02 -5.583522119026964603e+00 3.485540553517452178e-01 -5.056226605986719136e+00 2.080754785835714493e-01 5.109215084629263437e+00 -1.435627907682633653e-01 -2.387836425087662973e-01 -2.704601503639963989e-03
2.158500000000000000e+03 1.820707060952675249e+02 -2.702129240817794376e+00 -1.746348910931188325e-01 -2.612799364958755532e+00 3.832886102581679888e-03 5.208729374971788673e+00 -3.807257161259609834e-02 2.399800508669693855e-01 5.192885966729079983e-02
2.207000000000000000e+03 1.538924054485466968e+02 -3.561164078263804988e+00 1.066171306442505878e-01 -3.652850285693672205e+00 2.121301487378894624e-02 5.871775849848322792e+00 2.624159824907759675e-02 4.988516453316466093e-02 -2.711155531319703327e-03
2.268000000000000000e+03 1.313554986423748119e+02 -6.464278669295202562e+00 -1.575821384192352057e-02 -6.298147402391141902e+00 1.755065573585543603e-01 5.894619630845399527e+00 -4.620604669860119834e-02 -1.185718102858165923e-01 7.253572626727297634e-02
2.329000000000000000e+03 1.256320773312513097e+02 -7.726769310813006442e+00 3.423223507638903929e-01 -7.873607575984597595e+00 -2.693279133526876867e-01 4.594581961205672194e+00 -3.009039077299088816e-03 -1.258532921658065545e-02 1.472832651711924144e-02
2.390000000000000000e+03 1.192696184529490466e+02 -5.852878749725112684e+00 1.580827199510055625e-02 -5.901415939563072754e+00 1.492556998076095265e-01 3.022146389807223166e+00 1.141996023452820919e-02 -1.240044762357763869e-01 1.327004068193271269e-01
2.451000000000000000e+03 1.050229903541706022e+02 -3.367880709892893343e+00 1.034882719180698490e-01 -3.697241793140308985e+00 -2.260713235379161468e-01 2.727824641891338331e+00 -3.403029256614333031e-02 -3.701728932157476171e-02 6.354853784643371695e-02
2.512000000000000000e+03 9.117058294485957504e+01 -3.035081972164892505e+00 -4.321255776996593689e-02 -3.116640262819546869e+00 -2.983478912372267838e-02 2.845945564550018680e+00 -9.170507771252143364e-03 -1.903946724493739417e-02 -1.069078084363437112e-02
2.573000000000000000e+03 8.262188055376697093e+01 -3.848171057048847210e+00 -2.485689788862771032e-01 -3.920582226578038565e+00 1.045544234171252584e-01 2.913219179366935752e+00 -2.623835856635391151e-02 -3.335744014908827160e-02 2.234798429956213472e-01
2.634000000000000000e+03 7.813709127261719800e+01 -4.152839286788852391e+00 4.108063345524994026e-02 -4.139218391982906198e+00 2.023256021971405610e-02 2.303119121826891380e+00 7.661632572934447272e-02 1.241319005044922985e-01 -1.359250242795980723e-01
2.695000000000000000e+03 7.288476242287487139e+01 -3.101768572215128472e+00 -1.762848214431217420e-02 -3.223554566067965865e+00 -1.145180038833932962e-01 1.688473601383599920e+00 3.915283208229930478e-02 7.296917196733671007e-02 1.128261970797678482e-01
2.756000000000000000e+03 6.566169620570191512e+01 -2.183754163571488327e+00 5.623874573467517457e-02 -2.104364751317820748e+00 -1.950171997983552730e-01 1.632878550207335522e+00 -1.111580094386325213e-01 1.266917199724379439e-01 1.166327388844613788e-01
2.817000000000000000e+03 5.768219596392519577e+01 -1.475508488771645199e+00 1.383338427515906910e-01 -1.414847982896434431e+00 -6.622670812876610413e-03 1.421905505451951157e+00 -3.059703655918814130e-02 1.025158922827911906e-01 -4.293289309256478892e-02
2.878000000000000000e+03 5.207611317917327654e+01 -1.611425307955320463e+00 6.584976845750199759e-02 -1.701736124798125305e+00 1.037093359891946426e-01 1.364082825998083504e+00 -2.007318286405516961e-02 -1.881400715508678989e-01 4.467485963018782286e-02
2.939000000000000000e+03 4.853463157216254587e+01 -2.179875803008465951e+00 7.253823924045320337e-02 -2.123182428975122438e+00 9.146971372890247420e-02 1.241724676037190722e+00 8.223760907712247825e-02 1.096188839917418278e-01 -1.206157611143699598e-01
3.000000000000000000e+03 4.686287347770779377e+01 -1.599706838854645152e+00 1.957238863060334622e-01 -1.770171316494686176e+00 -2.191304931291903346e-01 9.400540082178334700e-01 3.243250908488447964e-02 -3.094496518567583371e-02 -2.997602246173672880e-01
3.061000000000000000e+03 4.399430784772247449e+01 -1.346290042029598233e+00 -3.456608274841459910e-02 -1.224736537595488173e+00 3.277644707217504116e-01 8.871135410717245762e-01 -8.007535024247010302e-02 -7.434749112762442658e-02 -1.848618575963016653e-01
3.122000000000000000e+03 4.107955956544704890e+01 -1.027095781820795528e+00 2.216415041596955793e-02 -1.108600426169305653e+00 -2.157794334599767994e-01 4.031338963670031417e-01 -4.109096715843506969e-02 -1.159543673817058779e-01 -4.764370995530536890e-02
3.183000000000000000e+03 3.830347619662161662e+01 -8.705532105071427385e-01 -9.759774019562543479e-02 -8.269009215022655734e-01 -1.446062688054439715e-01 7.927947570247684261e-01 3.381996433967386917e-01 -1.248607184696036154e-01 -1.059587361480602424e-02
3.244000000000000000e+03 3.705317225341513421e+01 -6.798957865929724509e-01 -1.843595090629476518e-01 -8.658058741088683341e-01 -2.577882141041954456e-01 6.774987639462356492e-01 1.718516857785866159e-01 -1.737784997492425876e-01 2.591448484285036047e-01
3.305000000000000000e+03 3.607412816204172401e+01 -9.450250148770138470e-01 -3.436308703281620858e-01 -8.782450367749854436e-01 1.064406352728233807e-01 5.962002241711180650e-01 2.306739987983161544e-01 -1.032263630510516922e-01 1.032782255858751969e-01
3.366000000000000000e+03 3.426865306024029678e+01 -5.293660364881592750e-01 -1.388927263004387513e-01 -7.974303361838477322e-01 -2.079464316753476538e-01 5.912504804832827698e-01 9.403852813432830859e-02 -6.622435393556021233e-02 -1.019207256021489871e-03
3.447000000000000000e+03 3.290226331192633324e+01 -5.055298100268642569e-01 -4.043528225049927705e-01 -4.602959935758988430e-01 4.236609188865604614e-02 2.499689439539254376e-01 -2.043763579154834753e-01 1.611626590088958977e-01 -4.036489885330346583e-02
3.548000000000000000e+03 3.131086284505290962e+01 -6.697833933868516665e-01 1.065232032582787147e-01 -3.717888508249686530e-01 7.170908301994674550e-02 4.358251958369620538e-01 4.032901267617751417e-02 3.139694535641608386e-01 -8.825974791121858620e-02
3.649000000000000000e+03 3.079311676237686157e+01 -3.573020307397075657e-01 -5.334793847456031912e-02 -3.201864390316458975e-01 -1.634746638155870901e-01 5.358253958250692728e-01 1.893002334389057295e-02 1.122468784625677563e-01 -2.162454938070522137e-01
3.750000000000000000e+03 3.036013562587708137e+01 -1.729608541623861573e-01 5.217844775602528129e-01 -1.852455696264310170e-01 7.371336843491536894e-02 3.704957350684595641e-01 1.316081791131812895e-01 -3.149946914218988703e-02 1.765077493230797212e-01
3.851000000000000000e+03 3.033080337320882336e+01 -2.047446681759487741e-01 6.354631707800774409e-02 -3.738673798217702626e-01 8.089413298108297234e-02 5.260962177876641332e-01 -4.830490858627745077e-04 2.478863371095278156e-01 2.017751853279121654e-01
3.952000000000000000e+03 3.015282029053846458e+01 -1.854607484103009685e-01 -6.676392877061379516e-02 -1.134286600918517907e-01 6.878917630444178477e-02 7.907914014959925922e-03 -6.107150952867697324e-02 -2.706045659015310356e-01 1.886468626381261615e-03
4.053000000000000000e+03 3.007040713596673243e+01 1.913341698162649984e-01 -1.688476155911719512e-02 -1.916229846870114439e-01 2.265221212090620662e-01 1.928190169300782741e-01 2.145021838428192995e-01 -2.102756327433476791e-01 3.350123730674664513e-01
4.154000000000000000e+03 3.058935270776608917e+01 1.245145499156706387e-01 2.284475053006824741e-01 1.601455877768650504e-01 3.819542157573801444e-01 1.679912333483552511e-01 -4.040575406870301478e-01 -4.582718573141923019e-02 -3.612496605403918704e-01
4.255000000000000000e+03 3.130416266083981469e+01 8.765614750395167576e-02 -7.200937858812397896e-02 -5.530455651797008265e-01 -6.335365991866508395e-01 3.272517814544412817e-01 2.032038490870333169e-01 2.011491327064526824e-01 -5.530904459952207253e-02
4.356000000000000000e+03 3.169454620943803036e+01 1.282548850813387542e-01 -1.602974575430721194e-02 -6.794367172633275498e-02 -1.439064175712446991e-01 3.087888510588267521e-01 -3.505535494298942512e-01 9.924200636494483196e-03 2.964075023208080362e-01
4.457000000000000000e+03 3.246967494197659221e+01 2.192253682326255337e-01 -2.320891669769658550e-01 1.145638270163025912e-01 -4.524183738906785435e-02 -1.083788618757527966e-01 1.683533447423185558e-01 -1.325402660384577824e-01 -2.365453285252662741e-01
4.558000000000000000e+03 3.332896126750209476e+01 2.625879995150903756e-04 2.537682692968259435e-01 -1.174169506582289635e-01 -1.034357164734747425e-01 -1.989118061591910458e-01 8.937167951042065961e-02 2.638578818749193200e-02 2.340356551389031481e-01
4.659000000000000000e+03 3.354786804964916769e+01 -4.093161930840477636e-01 5.249771061125505511e-01 -1.512799381494192019e-01 -4.615800601444883799e-01 -2.833715815582255049e-01 1.454789512096663628e-01 -5.872833756878863276e-02 7.459478875299668799e-02
4.760000000000000000e+03 3.517665299206340279e+01 -4.007713837643697707e-02 -4.741611438923861721e-01 -1.679445422116715991e-01 -2.408557372708672040e-01 1.860182842632698841e-01 -2.870909152516822327e-01 5.847604054963234654e-02 3.066612051352218121e-02
4.861000000000000000e+03 3.577926021172982018e+01 -1.620409979633070652e-01 5.337939110266661791e-01 -4.065024565725487427e-01 4.030453925727917053e-01 4.491277116199656749e-01 9.719158875922190299e-01 -2.480507606223883166e-01 2.445485645375328754e-01
4.962000000000000000e+03 3.652188414320673360e+01 3.237677228983257827e-01 -1.167220959395884883e-01 6.552588887521278993e-01 -3.446053073199969452e-01 -2.241076725453971519e-01 5.188182035475217280e-01 -4.482192400207068994e-01 4.778517537992282294e-01
5.063000000000000000e+03 3.789442672112557631e+01 -6.427597731151797333e-01 -4.237764228240264441e-01 7.868111499977209489e-02 -3.214482250991083645e-01 4.241071530926762700e-01 -2.154670402867396584e-04 4.765875290811416587e-01 -3.128436385130309305e-01
5.164000000000000000e+03 3.882502946132066768e+01 -9.176952890837239973e-01 -3.332048581840752477e-01 6.384898755417078853e-01 2.339942963655416985e-02 2.850781232072042704e-01 -2.790790767851862308e-01 7.221157451456767795e-01 3.541750607141446183e-01
5.265000000000000000e+03 3.975833364682945614e+01 1.215733757070934368e-01 -3.684425204189658021e-01 -1.335913869320183855e-01 2.852223390815142312e-01 4.905257183613487282e-01 -8.334361248831910762e-01 2.361983579328701399e-01 -2.024023932193697473e+00
5.366000000000000000e+03 4.129442867314978116e+01 5.685862170182675035e-01 7.895586914804934020e-01 3.867193183025735004e-01 4.652049855278402868e-01 -6.013224388258281428e-02 -2.382203539486569821e-01 4.299851232006279833e-01 1.099384526273079477e+00
5.467000000000000000e+03 4.159031258514208673e+01 1.404321738308972334e-01 -2.670783110484888367e-01 6.010665366734697646e-01 6.263222423908442194e-01 -5.434617306205258291e-02 1.110298654710877297e+00 -9.745466852111298595e-01 9.755701714838355132e-01
5.568000000000000000e+03 4.373033386451835014e+01 -2.060722100601701245e-01 -6.024567459595417396e-02 1.617551446346386368e-01 2.787371990231769514e-01 4.077074120265622437e-02 3.943554417206689977e-01 4.625810071938687429e-01 -3.440809340278585537e-01
5.669000000000000000e+03 4.455694435336638293e+01 6.555790276677052608e-01 2.495632946464146351e-01 1.702425791442236269e+00 -5.627055573081041207e-01 7.061876268063195239e-01 3.691640115303955749e-01 2.195554399022322523e-01 -8.050730351200878765e-01
5.770000000000000000e+03 4.567705750412193311e+01 -5.878167737906900281e-02 1.135671605769393855e-01 -1.362644792603723509e+00 -4.774468341198504495e-01 -1.025344421654735605e+00 -2.046963477944643561e-01 1.941327387843937158e-01 2.211085083041765820e-01
5.871000000000000000e+03 4.793887096468276354e+01 -6.276616008962113691e-01 5.608004505631938308e-01 2.078303738675900680e-01 8.114277630466752989e-01 1.871032977514871520e-01 -1.625266086154191436e+00 -1.143451403311005921e+00 -4.648333358986982133e-02
