# l Dl_TT Dl_TE Dl_TB Dl_ET Dl_BT Dl_EE Dl_EB Dl_BE Dl_BB
7.050000000000000000e+01 2.014456162948031078e+03 -6.588909739988132230e+00 1.317940216298590095e-01 -6.588909739988132230e+00 1.317940216298590095e-01 3.569242542796313145e-01 1.403604996236547733e-02 1.403604996236547733e-02 4.905631089598035122e-02
1.065000000000000000e+02 2.994246395210941955e+03 -2.678827752012560737e+01 1.893792075465926095e+00 -2.678827752012560737e+01 1.893792075465926095e+00 8.206826496058104992e-01 -2.447018598533330300e-02 -2.447018598533330300e-02 -2.716536411658950975e-02
1.425000000000000000e+02 3.998879871122474015e+03 -4.455320060749133404e+01 -3.862562990699989207e-01 -4.455320060749133404e+01 -3.862562990699989207e-01 1.103152264692286666e+00 1.210104347129964744e-02 1.210104347129963703e-02 -3.165959199141593714e-03
1.785000000000000000e+02 5.097815226818349402e+03 -3.438717334041920992e+01 6.547402429001758506e-03 -3.438717334041920992e+01 6.547402429001758506e-03 8.200269911924289445e-01 -2.658711302755779882e-03 -2.658711302755783785e-03 -1.843494175636430782e-02
2.145000000000000000e+02 5.857179449604269394e+03 1.589643601126440320e+00 -6.065789726840642437e-02 1.589643601126440320e+00 -6.065789726840642437e-02 8.584804076917044169e-01 3.026565968153918304e-03 3.026565968153918738e-03 1.436653562805667930e-02
2.505000000000000000e+02 5.496736861528145710e+03 6.469210807456198609e+01 -8.660526904050229735e-01 6.469210807456198609e+01 -8.660526904050229735e-01 2.485691862757408721e+00 1.551968896257479788e-02 1.551968896257480482e-02 6.954798401793053572e-03
2.865000000000000000e+02 4.405575048784729006e+03 1.035327052934789833e+02 -2.913397590038920848e-01 1.035327052934789833e+02 -2.913397590038920848e-01 6.809691811285008889e+00 5.996809397809339803e-02 5.996809397809338416e-02 2.165254447321346074e-02
3.225000000000000000e+02 3.251544780544008063e+03 1.125508097091463640e+02 -8.791733353347598312e-01 1.125508097091463640e+02 -8.791733353347598312e-01 1.305787166005016608e+01 -8.552879645188049551e-02 -8.552879645188056490e-02 4.520735236697327741e-02
3.585000000000000000e+02 2.289649895787298192e+03 7.332812312438602476e+01 2.662350097164667417e-01 7.332812312438602476e+01 2.662350097164667417e-01 1.904279361046536678e+01 2.395736971333366910e-02 2.395736971333367951e-02 6.107377800719336614e-02
3.945000000000000000e+02 1.796057851723638123e+03 1.265486852768546200e+01 2.303033754867728211e-02 1.265486852768546200e+01 2.303033754867728211e-02 2.209341637177395512e+01 -8.180338589037446095e-03 -8.180338589037446095e-03 -4.183182477399774793e-03
4.305000000000000000e+02 1.804307244630352216e+03 -4.657293077188404595e+01 -3.574357167121200440e-01 -4.657293077188404595e+01 -3.574357167121200440e-01 1.907445496876238877e+01 -3.921345928020210370e-02 -3.921345928020211757e-02 1.034522802663207924e-01
4.665000000000000000e+02 2.132847524309666824e+03 -7.439377146000899188e+01 -8.520684587624742790e-01 -7.439377146000899188e+01 -8.520684587624742790e-01 1.381754587381122690e+01 2.891374500257986452e-02 2.891374500257986105e-02 4.031065223239282264e-02
5.025000000000000000e+02 2.455521457755031406e+03 -5.721023339063835067e+01 5.730749495966555029e-01 -5.721023339063835067e+01 5.730749495966555029e-01 8.130447671870522086e+00 -1.389068863042666746e-02 -1.389068863042665705e-02 5.654386280374015805e-02
5.385000000000000000e+02 2.568943803978163032e+03 -1.241157165560574782e+01 8.852056215722264865e-01 -1.241157165560574782e+01 8.852056215722264865e-01 7.612917419201055580e+00 3.094422445669276628e-02 3.094422445669276975e-02 -1.395712620605317131e-02
5.745000000000000000e+02 2.422435417441341087e+03 2.425922715732325230e+01 -5.194619385804525313e-01 2.425922715732325230e+01 -5.194619385804525313e-01 1.315158162726775437e+01 1.677466880852581874e-02 1.677466880852582221e-02 6.262395382212639083e-02
6.105000000000000000e+02 2.143201178998418072e+03 2.694855999320158091e+01 -1.156143094923580139e-01 2.694855999320158091e+01 -1.156143094923580139e-01 2.292380998724754093e+01 3.479731082552146859e-02 3.479731082552146859e-02 2.019499054274119521e-02
6.465000000000000000e+02 1.891669205558400336e+03 -9.417120467202275691e+00 3.797579942605071590e-01 -9.417120467202275691e+00 3.797579942605071590e-01 3.320891912732361817e+01 -1.638773197600175424e-03 -1.638773197600196241e-03 6.446926904853242379e-02
6.825000000000000000e+02 1.833185422815684660e+03 -6.825927418634067578e+01 1.477685907285379852e-01 -6.825927418634067578e+01 1.477685907285379852e-01 3.688973571868466905e+01 6.023400160009635684e-02 6.023400160009637766e-02 9.622898356925627117e-02
7.185000000000000000e+02 1.979184529047931392e+03 -1.146320921489380140e+02 -9.404054806410444556e-01 -1.146320921489380140e+02 -9.404054806410444556e-01 3.494990087782929322e+01 1.320731265335899768e-02 1.320731265335899074e-02 3.871956374212234819e-02
7.545000000000000000e+02 2.280428563084254620e+03 -1.318661035341668253e+02 4.223521178739082504e-01 -1.318661035341668253e+02 4.223521178739082504e-01 2.646528025100394643e+01 3.261587277757675707e-02 3.261587277757677095e-02 8.258369284438771274e-02
7.905000000000000000e+02 2.527873293774821832e+03 -1.032632340015995851e+02 -2.419295398709928602e-01 -1.032632340015995851e+02 -2.419295398709928602e-01 1.781408165670082155e+01 -1.700294912448226115e-02 -1.700294912448225421e-02 8.243431136804144077e-02
8.265000000000000000e+02 2.553924017928625744e+03 -4.176268191467116253e+01 9.994609195365766752e-01 -4.176268191467116253e+01 9.994609195365766752e-01 1.275443511649454820e+01 -3.805058516989784367e-04 -3.805058516989853756e-04 9.007100302989017038e-02
8.625000000000000000e+02 2.284982217276942265e+03 1.806230204314902466e+01 -7.435445113528342809e-01 1.806230204314902466e+01 -7.435445113528342809e-01 1.505226798781603748e+01 -7.679704576690827775e-03 -7.679704576690831244e-03 3.591234172069510556e-03
8.985000000000000000e+02 1.921517185513433105e+03 5.549094105955229850e+01 9.763661073919704947e-02 5.549094105955229850e+01 9.763661073919704947e-02 2.373147229872572694e+01 -4.149930454389790663e-02 -4.149930454389789969e-02 1.302801560172567041e-01
9.345000000000000000e+02 1.505181798283716262e+03 4.969039606968378564e+01 1.189327551781482306e+00 4.969039606968378564e+01 1.189327551781482306e+00 3.405662555341358200e+01 1.889778770524358151e-02 1.889778770524359192e-02 7.154507628084312565e-02
9.705000000000000000e+02 1.202349872170320850e+03 1.397410349006988284e+01 -6.897867417185249428e-01 1.397410349006988284e+01 -6.897867417185249428e-01 4.178759005549196104e+01 6.943297019200309061e-03 6.943297019200322939e-03 8.463751911094068159e-02
1.006500000000000000e+03 1.051023422546400525e+03 -3.161304112264115318e+01 4.682106220544088870e-01 -3.161304112264115318e+01 4.682106220544088870e-01 4.144622352426880241e+01 7.463227914459219514e-02 7.463227914459222290e-02 6.374220197678942545e-02
1.042500000000000000e+03 1.074167987179829652e+03 -6.939112912807709677e+01 -7.702213159921142971e-01 -6.939112912807709677e+01 -7.702213159921142971e-01 3.561397008904191352e+01 2.604442572595699543e-02 2.604442572595698849e-02 2.090501359297195494e-01
1.078500000000000000e+03 1.189188308808762713e+03 -8.036712216371424233e+01 -1.025538914850217392e-01 -8.036712216371424233e+01 -1.025538914850217392e-01 2.556068388337280339e+01 1.252539100660349236e-02 1.252539100660349236e-02 1.747129943326201085e-01
1.114500000000000000e+03 1.228282554625468265e+03 -5.858513567953480106e+01 4.342643300350534918e-01 -5.858513567953480106e+01 4.342643300350534918e-01 1.682720130005876058e+01 -3.864706655704842203e-02 -3.864706655704840121e-02 -3.976726917697999408e-02
1.150500000000000000e+03 1.243483416790382307e+03 -3.079535120314751140e+01 2.316233098888045849e-01 -3.079535120314751140e+01 2.316233098888045849e-01 1.348239962803859626e+01 -1.197475184425663836e-01 -1.197475184425664529e-01 7.543693732051200140e-02
1.186500000000000000e+03 1.116448288077961479e+03 -4.293702222066897889e+00 -1.923310049452489623e-01 -4.293702222066897889e+00 -1.923310049452489623e-01 1.567421464441203582e+01 -2.406854053984885944e-03 -2.406854053984882041e-03 1.348581849905435281e-01
1.222500000000000000e+03 9.646981065296683937e+02 7.538848848946010150e+00 -7.825757970405168573e-02 7.538848848946010150e+00 -7.825757970405168573e-02 2.154570118329592532e+01 -9.825370772419392273e-02 -9.825370772419397825e-02 2.573376388383378233e-01
1.258500000000000000e+03 8.103475181295914354e+02 -6.948535920332387761e+00 -1.817706885283710827e-01 -6.948535920332387761e+00 -1.817706885283710827e-01 2.799560946264153216e+01 2.271907583478827153e-02 2.271907583478828541e-02 1.365814995840572144e-01
1.294500000000000000e+03 7.258944413739297943e+02 -2.647123145867716687e+01 -6.129433347840940183e-03 -2.647123145867716687e+01 -6.129433347840940183e-03 3.096103396219127646e+01 5.899629084959957109e-02 5.899629084959956415e-02 1.435277607690680080e-01
1.330500000000000000e+03 7.351386344049872150e+02 -4.972825022996629230e+01 -6.017679724733722146e-01 -4.972825022996629230e+01 -6.017679724733722146e-01 2.840174809433327496e+01 4.675092183467441376e-02 4.675092183467443457e-02 -5.340462048241285953e-02
1.366500000000000000e+03 7.756906655600852218e+02 -5.950349499757774652e+01 5.686429654281515145e-01 -5.950349499757774652e+01 5.686429654281515145e-01 2.325127664598450750e+01 2.729401034020233902e-03 2.729401034020230432e-03 1.760481175040838064e-01
1.402500000000000000e+03 8.170690381839110614e+02 -5.403224179904158575e+01 -5.426232127600516542e-03 -5.403224179904158575e+01 -5.426232127600516542e-03 1.692938700790585571e+01 -5.588187813860984177e-02 -5.588187813860983483e-02 -4.030758639217665168e-02
1.438500000000000000e+03 8.228894052264600987e+02 -3.465708798130674495e+01 2.604383546205867733e-02 -3.465708798130674495e+01 2.604383546205867733e-02 1.229226500678999834e+01 1.181253911360927722e-01 1.181253911360927999e-01 2.294995673602990005e-01
1.474500000000000000e+03 7.592848132569414474e+02 -1.264167592531970641e+01 -9.568332214011091019e-02 -1.264167592531970641e+01 -9.568332214011091019e-02 1.166955133637113207e+01 -1.075851328810180016e-02 -1.075851328810179669e-02 1.220558526220170970e-01
1.510500000000000000e+03 6.564683896482172258e+02 2.714475163200831265e+00 -2.404121261689974587e-01 2.714475163200831265e+00 -2.404121261689974587e-01 1.339528274986766654e+01 8.397698387635081640e-02 8.397698387635083028e-02 7.091895276833280748e-02
1.546500000000000000e+03 5.555616153753210256e+02 6.036594245188595664e+00 -1.471865978200777580e-01 6.036594245188595664e+00 -1.471865978200777580e-01 1.689123653428564609e+01 5.237374156871047598e-02 5.237374156871042741e-02 -1.454654027298409036e-02
1.582500000000000000e+03 4.651728041251456034e+02 -1.645454605164248685e+00 -2.590312286005371778e-01 -1.645454605164248685e+00 -2.590312286005371778e-01 2.023914749383618172e+01 6.727877069001519938e-02 6.727877069001515775e-02 2.459360286363639347e-01
1.618500000000000000e+03 4.123299207058748266e+02 -1.451513034597907748e+01 6.495866432052208594e-01 -1.451513034597907748e+01 6.495866432052208594e-01 2.032631506985922343e+01 4.445647983246771989e-02 4.445647983246777540e-02 6.282541235187566464e-02
1.654500000000000000e+03 3.983806238526417474e+02 -2.558209174553151399e+01 -2.393147442983405149e-01 -2.558209174553151399e+01 -2.393147442983405149e-01 1.811027860619944008e+01 -3.139217055638829183e-03 -3.139217055638830051e-03 1.096204452087444770e-01
1.690500000000000000e+03 3.972688618840532513e+02 -2.965218026203886126e+01 -5.088189852836953742e-02 -2.965218026203886126e+01 -5.088189852836953742e-02 1.490712854527842701e+01 5.002830409031160108e-02 5.002830409031162884e-02 2.317753033629422199e-01
1.726500000000000000e+03 4.084910289230808758e+02 -2.663297568223458711e+01 -8.862017163935306807e-02 -2.663297568223458711e+01 -8.862017163935306807e-02 1.070085806217348257e+01 -8.324979041181752859e-02 -8.324979041181750083e-02 1.755630722319999060e-01
1.762500000000000000e+03 3.986131754697735232e+02 -1.902802341140137443e+01 5.207121236219254545e-02 -1.902802341140137443e+01 5.207121236219254545e-02 8.390297257136538178e+00 -2.164372350419711127e-02 -2.164372350419711127e-02 1.035154806622730211e-01
1.798500000000000000e+03 3.683529867734788468e+02 -9.827953033233598035e+00 -3.422979755442356886e-01 -9.827953033233598035e+00 -3.422979755442356886e-01 7.766080829248018347e+00 -1.159742223855306370e-01 -1.159742223855306509e-01 -9.023946899896646834e-02
1.834500000000000000e+03 3.257056420199831450e+02 -5.376540193554752101e+00 3.293497453701593747e-01 -5.376540193554752101e+00 3.293497453701593747e-01 8.902108310320048901e+00 -2.894557824024402565e-02 -2.894557824024403259e-02 2.620590748185786523e-01
1.870500000000000000e+03 2.852983726155788418e+02 -4.925909977331921041e+00 1.540405425011939777e-01 -4.925909977331921041e+00 1.540405425011939777e-01 9.984605408989857267e+00 -7.520564963406721481e-02 -7.520564963406725645e-02 2.251155161168550689e-01
1.906500000000000000e+03 2.582317534059480408e+02 -9.701303148309818880e+00 -1.024084825540101107e-01 -9.701303148309818880e+00 -1.024084825540101107e-01 1.097875878000304795e+01 -3.850184241911670802e-02 -3.850184241911673577e-02 1.237473040619521403e-01
1.942500000000000000e+03 2.441848441522713813e+02 -1.438323662211429976e+01 7.389987373228455725e-02 -1.438323662211429976e+01 7.389987373228455725e-02 1.121723212864730712e+01 1.091214034681015910e-01 1.091214034681016049e-01 -1.515431639632576488e-01
1.978500000000000000e+03 2.421311699651420497e+02 -1.767409699513750354e+01 -1.597277166904845502e-01 -1.767409699513750354e+01 -1.597277166904845502e-01 9.730073563949106941e+00 -1.320279960905073602e-01 -1.320279960905072769e-01 1.546132008630379251e-01
2.014500000000000000e+03 2.409283053004450039e+02 -1.779206883042278520e+01 -1.209414816590639319e-01 -1.779206883042278520e+01 -1.209414816590639319e-01 7.616403057333947402e+00 -3.781608475591088925e-02 -3.781608475591086843e-02 1.912461740622875273e-01
2.050500000000000000e+03 2.385806090611456227e+02 -1.414107206929136851e+01 1.890200865696918808e-01 -1.414107206929136851e+01 1.890200865696918808e-01 6.153382869389257159e+00 -5.539397417871111395e-02 -5.539397417871111395e-02 -1.942731058653711720e-03
2.086500000000000000e+03 2.233342094409506728e+02 -9.627393764603302984e+00 -7.610663647552048938e-02 -9.627393764603302984e+00 -7.610663647552048938e-02 5.179557264223503488e+00 1.390657869938098923e-01 1.390657869938098923e-01 -3.750323615955068746e-02
2.122500000000000000e+03 2.033731478324613704e+02 -5.253978134106498388e+00 1.103880821469700180e-01 -5.253978134106498388e+00 1.103880821469700180e-01 4.909729353469904467e+00 -1.074979091355331984e-01 -1.074979091355331706e-01 2.227737524208570422e-02
2.158500000000000000e+03 1.814153750393227256e+02 -2.547596715451551752e+00 -3.570608043606703363e-01 -2.547596715451551752e+00 -3.570608043606703363e-01 5.309738729434744897e+00 -3.922058683841286864e-02 -3.922058683841285476e-02 -1.096708974760073896e-01
2.207000000000000000e+03 1.532850175162558060e+02 -3.578188404380338028e+00 1.159547408488357662e-01 -3.578188404380338028e+00 1.159547408488357662e-01 6.014971565816401800e+00 3.630459832838088541e-02 3.630459832838085765e-02 -4.392329471234909105e-02
2.268000000000000000e+03 1.335248472290509483e+02 -6.494689174999852987e+00 1.538608500241282206e-01 -6.494689174999852987e+00 1.538608500241282206e-01 5.681399263054603743e+00 -8.756645820643130240e-02 -8.756645820643133016e-02 -7.569133825186240283e-02
2.329000000000000000e+03 1.274802218396354334e+02 -7.668391425896379232e+00 2.690556779172516982e-02 -7.668391425896379232e+00 2.690556779172516982e-02 4.534455354493699630e+00 -5.367283731655265316e-02 -5.367283731655266010e-02 4.134120236592307707e-02
2.390000000000000000e+03 1.191088761674138965e+02 -5.884417105912312707e+00 3.402570088778412299e-02 -5.884417105912312707e+00 3.402570088778412299e-02 3.022479878702311051e+00 -2.882199630214157121e-02 -2.882199630214159203e-02 -1.281544552931736551e-03
2.451000000000000000e+03 1.053944654386855717e+02 -3.447751074860054388e+00 3.564148299166991496e-02 -3.447751074860054388e+00 3.564148299166991496e-02 2.884290938057911813e+00 9.599774275800397605e-02 9.599774275800398993e-02 5.106622033306255221e-02
2.512000000000000000e+03 9.165608511618978582e+01 -3.230017406878695763e+00 2.212100138608367184e-01 -3.230017406878695763e+00 2.212100138608367184e-01 2.934634872459600086e+00 3.105180003477157197e-02 3.105180003477161360e-02 -7.718459349377609913e-02
2.573000000000000000e+03 8.184873982843998874e+01 -3.875735613582311778e+00 -7.880488618365932840e-02 -3.875735613582311778e+00 -7.880488618365932840e-02 2.889717497926448608e+00 5.461992425335706475e-02 5.461992425335704393e-02 7.641325774391717618e-02
2.634000000000000000e+03 7.871966492147493000e+01 -4.521377056694802832e+00 8.263391173412586166e-02 -4.521377056694802832e+00 8.263391173412586166e-02 2.672224951238579838e+00 3.744225549310199741e-02 3.744225549310196965e-02 -3.374439596907226335e-02
2.695000000000000000e+03 7.300037123228254643e+01 -3.163217131962912987e+00 1.676870480670440700e-02 -3.163217131962912987e+00 1.676870480670440700e-02 1.951114516951646394e+00 -1.075955001769035857e-01 -1.075955001769035024e-01 7.642619396384092711e-02
2.756000000000000000e+03 6.641991695136067619e+01 -2.204692779846008754e+00 3.634346093272979861e-01 -2.204692779846008754e+00 3.634346093272979861e-01 1.728962353254126949e+00 -4.619698606761331316e-02 -4.619698606761332704e-02 4.638524308235258964e-02
2.817000000000000000e+03 5.816640333112794536e+01 -1.846710326398136592e+00 -1.521800603281190933e-01 -1.846710326398136592e+00 -1.521800603281190933e-01 2.041849068169957704e+00 2.375026910269703584e-02 2.375026910269704972e-02 -9.779120957888420840e-02
2.878000000000000000e+03 5.167408758237579747e+01 -1.576829904512788261e+00 -9.630295845779775210e-02 -1.576829904512788261e+00 -9.630295845779775210e-02 1.843346633394804535e+00 -1.062822428193026802e-01 -1.062822428193026802e-01 5.896273328118854101e-02
2.939000000000000000e+03 4.880611154159433340e+01 -1.820272894663041541e+00 -2.205936370437632521e-01 -1.820272894663041541e+00 -2.205936370437632521e-01 1.100742969429312046e+00 -2.225285409278955281e-02 -2.225285409278953894e-02 1.599821563074811104e-01
3.000000000000000000e+03 4.653311910830129960e+01 -1.455694998809873741e+00 -1.403452644860155724e-02 -1.455694998809873741e+00 -1.403452644860155724e-02 1.086367084051894194e+00 -1.203675578174896732e-01 -1.203675578174897148e-01 8.243522438500131000e-02
3.061000000000000000e+03 4.378978011304684514e+01 -1.043778774550217392e+00 1.293029297149198564e-01 -1.043778774550217392e+00 1.293029297149198564e-01 8.892037514151457378e-01 1.604492228455405012e-01 1.604492228455405289e-01 2.772613261690622943e-01
3.122000000000000000e+03 4.121703308784720576e+01 -9.691576227663201148e-01 -2.714674107185645335e-02 -9.691576227663201148e-01 -2.714674107185645335e-02 5.685165851752843613e-01 -1.727673209370728657e-01 -1.727673209370729490e-01 -1.444400188415940756e-01
3.183000000000000000e+03 3.862416033933028814e+01 -6.383870711924628516e-01 9.983382117681811191e-03 -6.383870711924628516e-01 9.983382117681811191e-03 7.220988075381957749e-01 5.529444255961429855e-02 5.529444255961429855e-02 1.123990767708461930e-01
3.244000000000000000e+03 3.764035334081747664e+01 -1.173303615145743883e+00 3.431659613961678124e-02 -1.173303615145743883e+00 3.431659613961678124e-02 4.893917042505638859e-01 -6.242075823406612045e-02 -6.242075823406613433e-02 -9.498474582159176227e-02
3.305000000000000000e+03 3.642415862105207225e+01 -9.506517625693116091e-01 6.625052370211355346e-02 -9.506517625693116091e-01 6.625052370211355346e-02 5.297923209139838718e-01 1.698517189152480844e-01 1.698517189152480844e-01 1.544040582757890412e-01
3.366000000000000000e+03 3.464018743163724423e+01 -7.668428727446116033e-01 6.141825310633118595e-02 -7.668428727446116033e-01 6.141825310633118595e-02 4.958050305830169480e-01 -2.942898901968021286e-01 -2.942898901968021286e-01 -2.922532504790922858e-01
3.447000000000000000e+03 3.297558410104220883e+01 -4.330156456199603654e-01 -2.212050026484279064e-01 -4.330156456199603654e-01 -2.212050026484279064e-01 5.624054269327352085e-01 9.965695326863467651e-02 9.965695326863470427e-02 -2.384834229604870515e-01
3.548000000000000000e+03 3.154594410862659970e+01 -6.058102773559989052e-01 -5.606989091524559182e-02 -6.058102773559989052e-01 -5.606989091524559182e-02 3.603435002444327351e-01 2.168600946480830072e-01 2.168600946480830349e-01 -1.623775647450912407e-01
3.649000000000000000e+03 3.096163487763973166e+01 -2.642984115642788567e-01 -3.268301649067743841e-02 -2.642984115642788567e-01 -3.268301649067743841e-02 -1.101846748483169269e-02 -2.001578376788694935e-01 -2.001578376788694102e-01 -1.571881704999962270e-01
3.750000000000000000e+03 3.091075379849854343e+01 -9.572320377514940970e-02 1.270940953668010520e-01 -9.572320377514940970e-02 1.270940953668010520e-01 1.651147333857678687e-02 8.660284269648058086e-02 8.660284269648058086e-02 -2.499448007812746786e-01
3.851000000000000000e+03 3.057197639744796192e+01 -1.396173405932089606e-01 -5.134211330099653497e-02 -1.396173405932089606e-01 -5.134211330099653497e-02 2.991469712688288318e-01 -5.192512037970570260e-02 -5.192512037970568872e-02 -3.357187729666897269e-01
3.952000000000000000e+03 3.041040857788210516e+01 -3.303402617941524344e-01 1.672763195157766780e-01 -3.303402617941524344e-01 1.672763195157766780e-01 -1.192620128077576669e-01 1.019200002625067769e-01 1.019200002625067769e-01 1.902313196985720434e-01
4.053000000000000000e+03 3.064321339630516050e+01 -1.809020071774475602e-01 1.923772968410329687e-01 -1.809020071774475602e-01 1.923772968410329687e-01 3.272479008393458511e-01 5.677478446624885378e-02 5.677478446624887459e-02 -1.956017495771681936e-01
4.154000000000000000e+03 3.137624086544813551e+01 -1.206609632639653734e-01 -1.425156232942831336e-02 -1.206609632639653734e-01 -1.425156232942831336e-02 -3.952680273411926515e-01 1.212232826484472004e-01 1.212232826484472004e-01 5.139916738095292592e-01
4.255000000000000000e+03 3.182194856354526280e+01 -1.462764953461376527e-01 -4.435650754936508455e-02 -1.462764953461376527e-01 -4.435650754936508455e-02 -2.907357034121582640e-01 -2.140653806949887605e-01 -2.140653806949886495e-01 1.531621051002545197e-01
4.356000000000000000e+03 3.217375432965427251e+01 2.626749823570905806e-01 1.125086278482316168e-03 2.626749823570905806e-01 1.125086278482316168e-03 -2.356743459044467193e-01 1.870071914747435393e-01 1.870071914747435948e-01 -5.055924604615722462e-01
4.457000000000000000e+03 3.292162587465500678e+01 -3.964741582236217532e-01 2.524117183320885305e-01 -3.964741582236217532e-01 2.524117183320885305e-01 -5.458379981170188855e-02 1.246263870434578952e-01 1.246263870434578674e-01 2.639024747478781463e-01
4.558000000000000000e+03 3.424957633708079641e+01 -6.484682206754469047e-02 -6.584708015913119661e-02 -6.484682206754469047e-02 -6.584708015913119661e-02 -2.286140841020440073e-01 2.944200873335491853e-01 2.944200873335491853e-01 -5.732753167745285872e-01
4.659000000000000000e+03 3.486841888726191030e+01 8.097753634562988856e-02 -7.897347707771443237e-02 8.097753634562988856e-02 -7.897347707771443237e-02 -1.961078842667383915e-01 2.157241143597077304e-01 2.157241143597077582e-01 5.693828451549346470e-01
4.760000000000000000e+03 3.585020749804423446e+01 4.265318857045106715e-01 -3.798325615617195172e-01 4.265318857045106715e-01 -3.798325615617195172e-01 7.587968736241362810e-01 -3.052502600979812297e-01 -3.052502600979813963e-01 3.685393963973268572e-02
4.861000000000000000e+03 3.624228507606210314e+01 1.376060005670896869e-01 1.844586133259254468e-02 1.376060005670896869e-01 1.844586133259254468e-02 -9.445854794264067766e-02 -1.537611776817728870e-01 -1.537611776817729148e-01 1.341340137316569536e-01
4.962000000000000000e+03 3.754102557204458179e+01 3.942265737425675737e-02 5.548833128629946376e-01 3.942265737425675737e-02 5.548833128629946376e-01 -6.430091195071223342e-02 7.211704396646348436e-02 7.211704396646349824e-02 7.002549762627853225e-01
5.063000000000000000e+03 3.867198473730463348e+01 4.096058226131937818e-02 1.820048298177316670e-02 4.096058226131937818e-02 1.820048298177316670e-02 7.395417656360504521e-01 -3.610137375565468654e-01 -3.610137375565469764e-01 -6.252659052177886867e-01
5.164000000000000000e+03 3.958402660772787840e+01 3.226729579676169690e-01 -2.417371071684946138e-01 3.226729579676169690e-01 -2.417371071684946138e-01 -9.709038462697277758e-03 4.044616679636678369e-01 4.044616679636678369e-01 -1.459646582780396440e-01
5.265000000000000000e+03 4.134512888714607470e+01 -3.724156383767845968e-01 1.441620605869419203e-01 -3.724156383767845968e-01 1.441620605869419203e-01 -4.673985689024693357e-01 -3.510608119666610016e-01 -3.510608119666610016e-01 -7.615235525471459876e-01
5.366000000000000000e+03 4.224256500575533124e+01 5.722532913246527464e-01 1.264728519148057284e-01 5.722532913246527464e-01 1.264728519148057284e-01 7.920750131930701654e-01 2.028578825116828521e-01 2.028578825116829076e-01 -5.270863534212492096e-01
5.467000000000000000e+03 4.311235056870069826e+01 8.617047260740348658e-02 -1.443022689143522996e-01 8.617047260740348658e-02 -1.443022689143522996e-01 -4.931013888622880481e-01 -2.486315078386198141e-01 -2.486315078386199251e-01 -2.289746214140001707e-02
5.568000000000000000e+03 4.451736991137010335e+01 -1.388448421831042223e-01 -5.020009500021652693e-01 -1.388448421831042223e-01 -5.020009500021652693e-01 1.083437229662780055e-01 -2.847879502660543571e-01 -2.847879502660546347e-01 3.172762075551802119e-01
5.669000000000000000e+03 4.478882896749612286e+01 2.232996731551854519e-01 1.228517391836422556e-01 2.232996731551854519e-01 1.228517391836422556e-01 1.110463421851674015e+00 -5.089632968902015886e-01 -5.089632968902015886e-01 8.332625104714022068e-01
5.770000000000000000e+03 4.692043115619188853e+01 4.851467793736729400e-02 1.235008159439755643e-01 4.851467793736729400e-02 1.235008159439755643e-01 -2.230443038388912058e-01 4.495680046972680977e-01 4.495680046972680421e-01 -9.260226902682138217e-01
5.871000000000000000e+03 4.861452723780885066e+01 3.718011213812980054e-02 -9.827845709130089702e-03 3.718011213812980054e-02 -9.827845709130089702e-03 1.575929900085383806e-01 9.113015661979592674e-02 9.113015661979594062e-02 -1.655837725900912050e+00
