# l Dl_TT Dl_TE Dl_TB Dl_ET Dl_BT Dl_EE Dl_EB Dl_BE Dl_BB
7.050000000000000000e+01 1.452063278758599608e+03 -8.045559505042914950e+00 -1.312125832768543443e+00 -8.656101171201218136e+00 4.919022151922538000e-01 3.370530492011362123e-01 -2.721516660880646948e-02 1.731714135424855874e-04 2.558039763998006151e-04
1.065000000000000000e+02 2.966116276158931214e+03 -2.993089927245117821e+01 -2.039860574827791595e+00 -2.262592561828200388e+01 1.918653818311135684e+00 8.856369781529929153e-01 -3.291108594014024308e-02 -6.762447819824405834e-03 3.523396742779821844e-02
1.425000000000000000e+02 4.157147656869608909e+03 -4.375837942017871285e+01 3.355963293973974748e-01 -4.398220748601777785e+01 -2.442136925484141408e+00 1.068651635882818418e+00 -9.113582366001802063e-03 -1.191100715976147958e-02 -2.336248831080977098e-02
1.785000000000000000e+02 5.080465162958798828e+03 -3.146828656803058522e+01 -1.850698061376221393e-01 -3.464435879283723807e+01 3.015745089188637262e-01 8.139219551439491607e-01 -3.948665894601475351e-02 1.892552822910716082e-02 3.503651151156509519e-02
2.145000000000000000e+02 5.925676406448312264e+03 6.133170522899513699e+00 -2.728342410703539223e+00 4.267477210325337111e+00 5.540681680027732536e-01 8.298954801375271195e-01 9.316538365966580901e-03 -2.286210889254422160e-02 4.520760433065632022e-02
2.505000000000000000e+02 5.440510888835183323e+03 6.830428866302506208e+01 -3.894982680352060633e+00 6.438560813169041808e+01 -2.113859582966993056e+00 2.635034732145634440e+00 9.934679898674404069e-03 -2.757105558317783298e-02 3.357014667513855133e-02
2.865000000000000000e+02 4.496800690915646555e+03 1.092529559745352685e+02 1.181735133795078774e+00 1.097464671305392017e+02 -5.117301372196083609e-01 6.749033847361353367e+00 1.037026956887252688e-01 8.236021187253188269e-03 2.335981303193127370e-02
3.225000000000000000e+02 3.297205791653314009e+03 1.144424513626896811e+02 4.135428599458185195e-01 1.136709878268159741e+02 3.024774686801264822e-01 1.309447527389336763e+01 -2.067793518593348534e-02 -6.365608424467751603e-02 5.514502560969995054e-02
3.585000000000000000e+02 2.288205114826776935e+03 7.601991734168385051e+01 1.339834247100091469e+00 7.640444510147156620e+01 -2.304392842138655584e-01 1.934625919804613403e+01 1.396605251853843821e-01 9.055141788780765588e-02 4.154915625849225913e-02
3.945000000000000000e+02 1.778902111009773307e+03 1.092021408712171926e+01 5.880415952500511745e-01 1.354323308081687571e+01 3.279413161483677452e-01 2.115417618411685297e+01 -3.536390203919243663e-02 6.369367061306335787e-03 2.971015328688804413e-02
4.305000000000000000e+02 1.846075263916760377e+03 -4.747645862920771265e+01 -8.055921267612418113e-01 -5.243281266439690569e+01 2.806294962829428696e-01 1.920389360889651442e+01 3.488965073975426601e-02 8.310568762383542529e-02 4.675547696163284694e-02
4.665000000000000000e+02 2.107950421259556606e+03 -7.759872994681359160e+01 3.721266441896244337e-01 -7.448744556701338126e+01 -5.247745751321899466e-01 1.344457551753652425e+01 -1.156101018350532555e-01 1.058469022014174241e-02 6.653490326771753505e-02
5.025000000000000000e+02 2.457793887500454730e+03 -5.755818446380739317e+01 1.532469059984647997e+00 -5.593175486715084332e+01 8.537838542873593672e-02 8.179293784841958015e+00 -3.140811016546525558e-02 8.817859002366386367e-02 -2.235199865070605293e-02
5.385000000000000000e+02 2.656189134271477997e+03 -1.407845063254366558e+01 -9.368608033981127292e-01 -1.475804071906729220e+01 1.615886206499725364e-01 7.416279477795359121e+00 3.619531662556961515e-02 7.859904396547515160e-02 4.895440602537276531e-02
5.745000000000000000e+02 2.454129447426604202e+03 2.248179203471681120e+01 5.885318486548604122e-01 2.282234764149979611e+01 -2.242933880910393807e-01 1.334391397061767037e+01 8.676676666375848779e-02 3.894083623118766227e-03 8.193744582669498788e-02
6.105000000000000000e+02 2.165577369905724481e+03 2.732315266026098044e+01 1.368730839623835349e+00 2.449688342492203930e+01 2.669129164224833817e-01 2.260500509362499599e+01 -5.211577666009405141e-02 -3.128929989265678835e-02 4.487856917999222955e-02
6.465000000000000000e+02 1.873823527717020397e+03 -8.713239650244663181e+00 -1.076398401721761600e+00 -8.819749945238820388e+00 3.429875873344983006e-01 3.338888283284339309e+01 -1.355584517388362664e-02 4.753657520032791850e-02 5.274519967887787708e-02
6.825000000000000000e+02 1.848056971254222844e+03 -7.158195250149449862e+01 -2.652600675467963187e-01 -7.177093704103833716e+01 -6.777232934536447928e-01 3.705424859187920106e+01 4.110320905477745507e-02 -8.995968924269534539e-02 6.749150746899888753e-02
7.185000000000000000e+02 1.998114040400965678e+03 -1.177141687789766706e+02 1.529337613145416164e+00 -1.218167342386487917e+02 7.269770556604128464e-02 3.470307484454322378e+01 -1.522449601532857022e-01 -1.423885988096534883e-03 1.424743970914588431e-01
7.545000000000000000e+02 2.258568164592408721e+03 -1.347879039407268351e+02 -3.312149114974337616e-01 -1.326000776731691815e+02 -1.635519034099929270e-01 2.709457268827240739e+01 -1.232720720388543467e-01 1.320859476581116576e-01 1.111212593976816099e-01
7.905000000000000000e+02 2.477757570548059448e+03 -1.001986228649337534e+02 2.975614584523174067e-01 -1.007572857826324082e+02 2.211788727547120414e-01 1.771488683352841420e+01 -2.402080350892516619e-02 -8.928117881721799043e-03 1.308734279866832495e-01
8.265000000000000000e+02 2.494055854281723441e+03 -4.099582177103128799e+01 1.243839919688425999e+00 -4.108731240464103962e+01 4.647155402515568134e-01 1.270451057905150627e+01 8.776508809542399314e-02 5.098103875523315315e-02 2.351444447135896676e-01
8.625000000000000000e+02 2.303764525065122598e+03 1.788899606843067147e+01 -1.461511294360345881e+00 1.872275407872509234e+01 3.448789899876005260e-01 1.474959545171892117e+01 -1.050395124698370736e-01 -2.970231329142242888e-02 9.135426303754544397e-02
8.985000000000000000e+02 1.942647983960109059e+03 5.786792517484506959e+01 -2.708706176484751982e+00 5.705446166767151794e+01 -4.049745750532124933e-01 2.388099845342476257e+01 -9.666389581230055983e-02 5.203293792741595786e-02 4.488898102372183146e-02
9.345000000000000000e+02 1.501149671566131929e+03 4.734709207517041563e+01 2.266625261970044214e+00 4.884014780963253344e+01 9.767441492273127857e-01 3.322119055153956424e+01 5.974001876811094180e-02 -2.549182787431043123e-02 2.400836858983627919e-02
9.705000000000000000e+02 1.197867558082405367e+03 1.305685173972825908e+01 -8.919990534358902545e-01 1.157820324218995900e+01 -9.793038887870111342e-01 4.129177492926437765e+01 5.860924908207830464e-02 1.018427591536769095e-02 1.188976006806150287e-01
1.006500000000000000e+03 1.054932206157136079e+03 -3.325510470087128567e+01 -1.273584876221278472e+00 -3.250965868333859277e+01 1.705847214231016873e-01 4.159785221095113172e+01 9.666646954798824298e-02 1.186710736951612361e-01 1.372367070694159030e-01
1.042500000000000000e+03 1.059768697938303376e+03 -6.850396596723513198e+01 -9.170650976266815357e-01 -6.645945707709051931e+01 -3.467373088933965453e-01 3.507148354149030922e+01 2.937545980066108009e-01 1.452787059102000899e-01 2.525933004890730804e-01
1.078500000000000000e+03 1.169860994897469027e+03 -7.725535118385442956e+01 4.050854547403338057e-01 -7.798895125667038997e+01 -4.446094810918860274e-01 2.551174386342644951e+01 6.314278836472898837e-02 7.406868868903973557e-02 1.797358527083069979e-01
1.114500000000000000e+03 1.249882605460253671e+03 -6.141264524453960405e+01 -8.625579450554885508e-01 -6.030242433148652026e+01 9.389958868325337660e-02 1.715311905835081419e+01 -8.558010565996962415e-02 -8.249373812310736853e-03 1.184279322227637654e-01
1.150500000000000000e+03 1.203261012925794603e+03 -2.707644834491965824e+01 -1.083117410489931487e+00 -2.753462345554180501e+01 6.103216054755330466e-01 1.341229954362432153e+01 6.721809805482112377e-02 -2.952687898902186386e-02 1.221884093844876479e-01
1.186500000000000000e+03 1.108843384117830965e+03 -3.098219613170071440e+00 -5.605266112758883201e-01 -2.293262087501167112e+00 1.593985589589472229e-01 1.539654549843778319e+01 1.242050368494871521e-02 -8.117017363247661099e-02 1.777184192912769078e-01
1.222500000000000000e+03 9.455229872164078415e+02 5.148151335085747071e+00 -6.860599663792972258e-01 5.313711145314112372e+00 -4.719685231779580104e-01 2.112270746677719657e+01 1.504960967761236335e-01 1.070098757466029782e-01 1.662479442825677278e-01
1.258500000000000000e+03 8.058579127004065867e+02 -4.850067142710575929e+00 1.294900788102099298e+00 -4.038638786058600161e+00 -3.257501266747880875e-01 2.744163423931373558e+01 1.761192664257583140e-01 1.328755134753728528e-01 1.436815440408054645e-01
1.294500000000000000e+03 7.366919269929728671e+02 -2.652731760264154914e+01 -1.103072208947228905e-01 -2.712464742719671307e+01 4.975033866203776856e-01 3.074366225459954904e+01 -1.439658740913506985e-01 -1.518128027168556549e-01 1.854962347130311717e-01
1.330500000000000000e+03 7.240703123236137344e+02 -4.795248503335616874e+01 -3.533842361751377004e-02 -4.905448021241425494e+01 3.454000463388747777e-01 2.859872519663091595e+01 -2.867566676173723961e-01 1.721687372226199386e-01 3.146161873044951707e-02
1.366500000000000000e+03 7.621404955163960722e+02 -6.026190115498339850e+01 6.015986994724272785e-01 -5.836099748298504863e+01 -1.974897660354592577e-01 2.340536146717675337e+01 1.626339228553690952e-01 1.808170579048714449e-02 2.081177335093334080e-01
1.402500000000000000e+03 8.016673669926464072e+02 -5.361791594500312641e+01 3.569446942675738033e-01 -5.373732183015349761e+01 -9.897038960646573624e-01 1.706738767198295292e+01 -2.314039988827157890e-01 1.776531483598098871e-01 1.252882633935062939e-01
1.438500000000000000e+03 8.165745494602513190e+02 -3.280063394529950926e+01 -4.182363738645096252e-01 -3.406529291571883533e+01 -3.535838949208664483e-01 1.245838056526543625e+01 -9.149342179505315364e-02 1.284839883819089978e-01 7.960890974638380746e-02
1.474500000000000000e+03 7.607217567755599248e+02 -1.247902385961977778e+01 6.117230383061891263e-01 -1.200186777457300735e+01 -1.321769479130535108e-01 1.202180567694520974e+01 4.095758428171491355e-02 -8.531157015208931660e-02 5.585536695285411857e-02
1.510500000000000000e+03 6.658656933431764173e+02 3.630084017052559453e+00 1.421890145636151015e+00 2.841115357942196162e+00 -7.641968017344641373e-02 1.366482132822810414e+01 -1.214719184925763806e-02 2.075491611845094175e-02 1.133783570799853091e-01
1.546500000000000000e+03 5.576034878711163856e+02 5.433568808475413014e+00 4.030302953645277242e-01 5.787304580535952425e+00 2.156391850436979174e-01 1.725578080813107817e+01 1.456853893823441271e-01 1.492282749881300996e-01 -3.127703932190461361e-02
1.582500000000000000e+03 4.637548096039264465e+02 -2.611892537537493730e+00 6.778957348127039317e-01 -1.726673671416874445e+00 4.276836031991111398e-01 1.991049883248516039e+01 1.348535839292051564e-01 -4.423470890243851733e-02 3.096869447941504733e-02
1.618500000000000000e+03 4.157759181241679016e+02 -1.447942229137313319e+01 -6.948711447552727849e-01 -1.554204638394026894e+01 -7.368519868014666852e-02 2.075016853903182934e+01 4.954039745009328199e-02 -1.475171854704898644e-01 5.301743384250977298e-02
1.654500000000000000e+03 3.923051448610071930e+02 -2.477133362209511347e+01 1.310396752634213513e+00 -2.586446811254675282e+01 1.775849191731923016e-01 1.879451236058475772e+01 1.021802052204942302e-01 -2.288167345517236884e-01 1.703765448527858051e-01
1.690500000000000000e+03 3.992851777984371893e+02 -2.977864971070371780e+01 1.252130349934012399e+00 -2.910366060436994218e+01 2.007268266120716405e-01 1.440149605680523948e+01 -1.741997671145830151e-01 -6.686161965181157407e-02 -4.787234889682548400e-02
1.726500000000000000e+03 4.016725988350295893e+02 -2.688103389489715767e+01 5.068277300456556222e-01 -2.759450532590627603e+01 -2.575443793099707612e-01 1.096346189430833817e+01 -8.973467069873672375e-02 4.172721727050564267e-02 1.102013540393462915e-02
1.762500000000000000e+03 3.997324459550134179e+02 -1.848063208817379888e+01 -7.740629934289893210e-01 -1.879862150717912783e+01 -9.844230275237231265e-01 9.020375359406935800e+00 -4.013524650332495058e-02 1.149691455686877861e-01 1.424878249807463859e-01
1.798500000000000000e+03 3.696725241494392549e+02 -9.745409149342087574e+00 -2.166355439825744522e-01 -1.004126960933947288e+01 -2.422467147243007046e-01 7.846240471133837602e+00 -7.754272474353098021e-03 5.073633151659223683e-02 2.678294147134780978e-01
1.834500000000000000e+03 3.304970872079896935e+02 -5.276926005414308563e+00 9.970788024086697510e-01 -5.104592175323995562e+00 3.800030381598198392e-01 8.910756250729011896e+00 -4.217222822021537976e-01 1.763410963991741409e-01 -1.610130580596474681e-01
1.870500000000000000e+03 2.873769398366822543e+02 -5.164147428793562256e+00 1.158569384705084193e+00 -5.641813848979285062e+00 4.661011095025430206e-02 1.010880486906013864e+01 -1.127505841371926332e-01 -3.060776198159349537e-01 1.959761966893849849e-01
1.906500000000000000e+03 2.591003449334565403e+02 -8.559693499523739035e+00 3.748666517016593369e-01 -9.341673684932871424e+00 -7.749431851576931152e-01 1.134411965193503313e+01 -2.428937928309197192e-01 7.826487740449557251e-02 -4.070781756091731984e-02
1.942500000000000000e+03 2.403103488108378656e+02 -1.243946291157011075e+01 -1.710095889966588012e-01 -1.316731055761076874e+01 4.013708666045832651e-01 1.074268266760569190e+01 -3.544742850193141059e-01 -1.623661442373954267e-01 1.297131902511831358e-01
1.978500000000000000e+03 2.369249691557045878e+02 -1.661845438529408625e+01 4.384666720728454536e-01 -1.707963469722007943e+01 6.018667809411493153e-02 9.380104331749869573e+00 -2.603273142335742474e-01 -3.068234567130039836e-01 -3.211980666431532572e-02
2.014500000000000000e+03 2.409577664559593018e+02 -1.762873664172296984e+01 1.436599785348596114e+00 -1.684611948684932159e+01 2.474831690678057361e-01 8.034272344549492573e+00 7.831574534020069311e-02 1.021767369122041219e-01 -1.730141610305938960e-03
2.050500000000000000e+03 2.371062162465223082e+02 -1.330834806172275009e+01 -6.620914004390650032e-01 -1.510961950090979755e+01 1.148642739336635937e-01 6.027781330001138471e+00 -2.238737412215886513e-01 -2.775621990895533742e-01 -2.141292092987988616e-01
2.086500000000000000e+03 2.243935310186695347e+02 -1.073831998442446789e+01 -3.117435371063652649e-01 -8.981214212521464901e+00 3.560153344562105859e-01 5.385052197473775948e+00 2.924915941069359260e-01 3.726942699609948895e-02 1.334098871441488920e-01
2.122500000000000000e+03 2.047378484525478370e+02 -4.979786779100498606e+00 -4.196375821299619391e-02 -4.906729040624003169e+00 -7.714687847902177431e-01 4.883509262705365117e+00 -7.723174706405877554e-03 2.350363497063210627e-01 -9.504670040196838698e-03
2.158500000000000000e+03 1.806458530694622482e+02 -3.562136571717200439e+00 2.658468898580876871e-01 -3.803654511526708859e+00 1.198725215756459433e-01 5.300158111985877163e+00 -1.595784904573434582e-01 -2.138131979076448447e-02 -1.880759441751883587e-01
2.207000000000000000e+03 1.508449760194312148e+02 -4.067659158132522990e+00 3.434526874228314985e-02 -3.963572763762999607e+00 -2.616803932294664015e-01 5.882431445136406367e+00 2.862990826787491228e-02 -2.983880861336882240e-01 2.634060930758114205e-01
2.268000000000000000e+03 1.311849793259212902e+02 -7.252131829232215665e+00 1.032358124340811534e+00 -6.381655677466394394e+00 -5.394362058865399545e-01 5.876036312487133983e+00 -6.641963852220141018e-02 1.071482433543888557e-01 -9.195751078446855187e-02
2.329000000000000000e+03 1.252467456124318517e+02 -7.549501992340164058e+00 3.293582133436240844e-01 -7.766510123328854931e+00 2.503778450579299264e-01 4.096120431004355744e+00 1.819090454234690846e-01 -2.298188400223309946e-01 -2.487663959973299144e-02
2.390000000000000000e+03 1.178981287857700977e+02 -6.356399814211751043e+00 3.116685790749913476e-01 -5.996153972019477862e+00 -1.934143967866530367e-01 3.177992789605970092e+00 -1.329006810738413702e-01 1.641883569270821130e-01 2.478086065744648514e-01
2.451000000000000000e+03 1.059155955764903183e+02 -3.994824246802155088e+00 -1.619874868220736452e-01 -4.167723244520526116e+00 -1.643608343810878947e-02 2.844303326832850587e+00 6.273231440102428058e-02 2.490882103801802250e-01 -1.763885470408250999e-01
2.512000000000000000e+03 9.027040331656422723e+01 -3.018816692654079592e+00 -2.442161430276006406e-01 -3.408494184551776662e+00 6.722720914897374334e-01 3.274164590472519620e+00 -1.471460029959028581e-01 -1.348540935296445586e-01 3.720288914138955016e-01
2.573000000000000000e+03 8.181169786638650976e+01 -4.575911009577733779e+00 -5.498545268679725373e-01 -3.717501190647478637e+00 7.841650502906037656e-02 2.499554473397108012e+00 2.333903359515822618e-01 1.323181278833636954e-01 8.910136880203968490e-02
2.634000000000000000e+03 7.732549781671619371e+01 -4.240686122060351337e+00 1.409407535562657299e-01 -3.791054839332061110e+00 -2.880255399715725972e-01 2.391778636600677466e+00 -3.872794914233645414e-01 2.454605031077264909e-01 -1.035111060278654654e-01
2.695000000000000000e+03 7.162576389300593860e+01 -2.924849627618884895e+00 -1.531116453451463744e-01 -3.739470684363621622e+00 -1.839899349185747379e-01 2.000639266859555843e+00 -2.616263562077901783e-01 -1.873089222280324706e-01 -2.938176584711166273e-01
2.756000000000000000e+03 6.606015271296628555e+01 -1.789162298079859159e+00 6.670421584072944166e-02 -2.358618987813361656e+00 -3.852490827481495073e-01 1.638076106025869949e+00 5.191119782880736500e-01 -3.245432796667560016e-01 1.012694583303843376e-01
2.817000000000000000e+03 5.693584313522462992e+01 -1.654251608760454850e+00 -4.073243135234260182e-01 -1.511495543904317396e+00 -2.167807966136877929e-01 1.592795615394471564e+00 -6.701528581039806198e-02 -2.952686041336016753e-01 -2.179482736498336570e-02
2.878000000000000000e+03 5.281222049850516953e+01 -1.377907033911740076e+00 -2.106023989782231376e-01 -9.131931626222360432e-01 2.683010103400097490e-01 1.517594308694391270e+00 2.814198737187245114e-01 2.968615752993497003e-01 -1.554970758822615817e-01
2.939000000000000000e+03 4.925690028324623171e+01 -2.088627594086199135e+00 -1.153445500492909503e-01 -1.857666652426140708e+00 6.462280873673124093e-01 1.022387964153128159e+00 2.833821163258388176e-01 -2.686553343854334308e-01 -6.523433438467954315e-02
3.000000000000000000e+03 4.646759074339897211e+01 -1.776378738703471516e+00 1.401457361359242926e-01 -1.274930281111978703e+00 3.895072256702393765e-01 1.329159356104964385e+00 8.534904530535199207e-02 2.392448718260328233e-01 -8.133671186800395247e-02
3.061000000000000000e+03 4.460656005836844429e+01 -1.200580524207015776e+00 4.381176400604813170e-01 -1.354414305266842478e+00 1.845612248769616104e-01 7.022506930388573432e-01 2.253948373091603785e-01 -8.283153371247931052e-02 -6.359636870812204190e-01
3.122000000000000000e+03 4.062477633276181166e+01 -7.855404805458341411e-01 1.223604895950367866e-01 -1.189589114631248279e+00 -6.639314785134601271e-01 6.979507666950151012e-01 3.101967612781995620e-01 3.794240585620882178e-01 -3.457655456984364689e-02
3.183000000000000000e+03 3.950679100127601373e+01 -5.952759814132667637e-01 3.646706953776422400e-01 -9.370819258315883360e-01 4.588791058708919235e-01 1.043225192717312844e+00 -6.497008532846562101e-01 -2.387471843643160507e-01 2.614149644622702495e-01
3.244000000000000000e+03 3.813622045512600778e+01 -1.264430118591741259e+00 -2.729617562397692598e-01 -1.470542188352704560e+00 -1.034956722508686977e-02 9.366333957816082023e-01 5.999047103887963917e-02 5.788118768995068608e-01 -3.102342958897780223e-02
3.305000000000000000e+03 3.721493772155193369e+01 -4.750787724914758980e-01 2.169968640057552134e-01 -1.055657916600461377e+00 7.337002620432513389e-01 6.005419935782319030e-01 -1.996170571321191980e-03 5.052706321697161274e-01 5.188880357574849889e-01
3.366000000000000000e+03 3.524678859912484086e+01 -8.252648210707966836e-01 1.579194142686336233e-01 -1.146505714230538153e+00 8.166540287141094145e-02 -4.388932186600665863e-01 1.747530507559845805e-02 1.700543535715276222e-01 -4.686315746829172180e-01
3.447000000000000000e+03 3.428471934009733957e+01 -3.798549859079262125e-01 3.937077741343608661e-01 -2.596452836744372883e-01 -1.300538759161738445e-01 2.643112085622246754e-01 -2.779134692216225222e-01 -2.103926421408102432e-01 3.318607726590104279e-01
3.548000000000000000e+03 3.309920458718559644e+01 -5.743444192386075731e-01 -1.067067839677937613e-01 -5.073583404632830973e-02 -9.059720751122987692e-02 3.953248179726609468e-01 1.680604172405569252e-01 1.562489236878200349e-01 2.390216679027460933e-01
3.649000000000000000e+03 3.216187938069593599e+01 -2.926303893973294934e-01 1.305346925356524745e-01 -6.236800863829135011e-01 -1.524898611893653055e-01 5.332909443674932470e-01 6.707017372458012883e-01 1.131343161139557185e-01 1.129590812301355385e-01
3.750000000000000000e+03 3.257101296694496284e+01 -5.237111126998148514e-01 -1.355116537378110442e-01 6.490345696797343855e-01 -2.460111352336958879e-01 3.728566221536884773e-01 -7.652422576729854542e-02 -5.268977539156802226e-02 3.715445679885337471e-02
3.851000000000000000e+03 3.248697423618676794e+01 -1.264547592752430227e-01 -2.579650933923529621e-01 -9.177467493616134897e-01 -1.369405842869567125e-01 -3.492416661262859323e-01 6.090619494977921322e-01 7.943425199494862365e-01 -1.047396187813526280e-01
3.952000000000000000e+03 3.305785502436491186e+01 6.662596900085042684e-01 1.959786082229461046e-01 3.554588942406616270e-01 -3.224020600833740202e-01 2.650579850259709991e-01 -1.758563245666284469e-01 4.217555533493200226e-02 1.700984187932547687e-01
4.053000000000000000e+03 3.384569624724780113e+01 -9.508298030016282265e-02 2.799328121144508685e-01 -4.385145371585672525e-01 7.503081423577530051e-01 4.708152502644446513e-01 1.193575345712491464e-01 5.426866686000124673e-01 2.813285122442279462e-01
4.154000000000000000e+03 3.410288723351266071e+01 7.422610739051067885e-02 6.445558374118033340e-01 4.769608688030376742e-01 2.869708588148085493e-01 -2.194421136466180033e-01 6.923139885904499025e-01 -3.340262952762698134e-01 4.289662394161684600e-01
4.255000000000000000e+03 3.407590122194962134e+01 -1.976755693029006999e-01 3.757114351406369568e-02 -4.455521420621388895e-01 -5.406325892633910835e-01 -2.812541074337991942e-01 -1.091392195545403787e+00 -3.181981964870301827e-01 -1.538630160589544715e-01
4.356000000000000000e+03 3.526982259404636011e+01 -6.028868530696596117e-01 -1.459907319922770785e-02 3.708760877743111917e-01 6.106351831143137510e-01 4.882938165423026389e-01 4.497797753501853180e-02 3.606126848726315393e-01 -9.177395178488282346e-01
4.457000000000000000e+03 3.746256686539413749e+01 -1.589053724097196640e-01 -9.715424092402329126e-02 6.877319782124524661e-02 1.064457965737418466e+00 -6.737385348148001718e-01 9.741742322037796331e-01 1.126376527972527963e-01 3.296929876392622472e-01
4.558000000000000000e+03 3.807380189144679150e+01 2.046634716561251954e-02 -4.167965226069750839e-01 -1.714545642268989201e-01 -3.314863649699211767e-01 9.000343594518500634e-01 -5.050428868723744191e-01 -2.989570839681947589e-01 -1.155407741302021840e+00
4.659000000000000000e+03 4.005189792361521484e+01 -4.479705835380470846e-02 3.741153512383323387e-01 5.808352012366821970e-01 -5.770303186599223810e-01 2.634583085302246719e-01 1.005151614641935698e+00 1.147789189931924247e-01 9.230973730373925878e-02
4.760000000000000000e+03 4.059300390120702673e+01 -1.496318142166002951e-01 -8.989663318726911490e-01 -2.403898654801423174e+00 1.079842980673729608e-01 -1.837885071914074908e-02 1.409538006058493664e+00 -5.411832296160328237e-01 1.162843161287880456e+00
4.861000000000000000e+03 4.226677863553931047e+01 -1.486908211147666581e+00 -8.343214510734386913e-02 5.401885825718997225e-01 3.187730511516794207e-01 3.289258779628273510e-02 1.557237905095164354e+00 7.071753580711835907e-01 -5.686147066780417036e-02
4.962000000000000000e+03 4.266618828227865379e+01 -8.118672520160616912e-01 1.061986031642565553e+00 -3.087026456958681386e-01 2.792038887847905215e-01 -1.769799185570768874e+00 -3.608337968816032193e-01 -7.189282332591309110e-01 -6.931093713815252855e-01
5.063000000000000000e+03 4.429050774665946477e+01 -1.143972515225389230e+00 2.001198851196704931e-01 8.782837725169967413e-01 1.692018964334842668e-01 7.423957535503195038e-01 1.751054051640091647e+00 -1.396236249986397171e+00 7.119866299968719003e-02
5.164000000000000000e+03 4.663229899527739519e+01 8.105070574461088473e-01 3.079455404741081037e-01 -4.278295848789866462e-01 1.081385626826770752e+00 1.809073019711077146e-01 -1.694582546261045986e+00 1.066076668514082559e+00 1.893572079363289862e-01
5.265000000000000000e+03 4.864809246620588823e+01 -1.042426633436868144e+00 -8.632692491963476211e-01 1.197572985574879345e+00 7.698597352527081217e-02 9.897551148844002666e-01 1.086320136021229121e+00 5.168237123395944543e-01 1.251732225702323342e+00
5.366000000000000000e+03 4.992852538174946631e+01 -4.130295135044534383e-01 -2.861097939622704311e-01 -3.079118287461086734e-01 -1.355278681792331241e+00 1.553698627856814340e-01 1.384580025992922847e+00 3.129840635854881647e-02 -1.295596337503063022e+00
5.467000000000000000e+03 5.149964832389701286e+01 -3.668491608833479578e-02 1.435528279479036939e-02 9.294422972513112224e-01 1.428724164137648023e+00 -1.401646136290577660e+00 -2.279236037794027947e-01 -8.933560821952506448e-01 2.127791273504766156e+00
5.568000000000000000e+03 5.067099848368516035e+01 1.292143888522039319e+00 5.554373928627488466e-01 -3.353535289782588968e+00 1.077237048513108864e+00 6.308837870873729159e-02 -2.690040008916774195e-01 8.822224842197412542e-01 -1.283735395255465539e+00
5.669000000000000000e+03 5.385660916651649188e+01 -9.614839404392838684e-01 -2.378290103806801614e+00 -1.560092446272792310e+00 1.839485957131971050e+00 2.377197257831497712e+00 -1.795996512349288032e+00 5.952810028778274809e-01 9.425670206883581814e-01
5.770000000000000000e+03 5.645541017040012122e+01 1.082558916265777604e+00 -9.055093540050056511e-01 1.131821170139141408e+00 -3.157066928652426663e-01 -5.493533993108374869e-01 1.895847276709619944e+00 1.136994655839164370e+00 -1.139271917189409677e+00
5.871000000000000000e+03 5.948020027589141989e+01 -2.249582548010523819e+00 -5.769002964516412035e-01 4.636926903459021032e-01 4.752565392010704493e+00 1.687877271574833138e+00 4.783205953802605048e-02 -9.211423525021211756e-01 9.329305452961406120e-01
