# l Dl_TT Dl_TE Dl_TB Dl_ET Dl_BT Dl_EE Dl_EB Dl_BE Dl_BB
7.050000000000000000e+01 2.362661987019680964e+03 -6.876027566037080874e+00 -8.292543638461129518e+00 -6.876027566037080874e+00 -8.292543638461129518e+00 3.722624840311947181e-01 -1.599597309394020228e-01 -1.599597309394020506e-01 4.533857178268033139e-02
1.065000000000000000e+02 2.963242429934544361e+03 -3.065926309171147679e+01 -7.896777030243768536e+00 -3.065926309171147679e+01 -7.896777030243768536e+00 7.871120074507270692e-01 3.165800281361533242e-02 3.165800281361533935e-02 1.613414193845888189e-01
1.425000000000000000e+02 3.790012106923266401e+03 -4.822853633704258414e+01 2.508111702912457996e+00 -4.822853633704258414e+01 2.508111702912457996e+00 1.067883564155047482e+00 8.839104590658869443e-03 8.839104590658865973e-03 1.104914189014522680e-01
1.785000000000000000e+02 5.495947639892955522e+03 -3.643844834973316438e+01 -4.460473138118269398e-01 -3.643844834973316438e+01 -4.460473138118269398e-01 8.556827907566382230e-01 1.725682089304536593e-01 1.725682089304536038e-01 -5.711676253480365770e-03
2.145000000000000000e+02 5.846752410528803011e+03 3.026548598511462185e+00 3.382770984261932234e+00 3.026548598511462185e+00 3.382770984261932234e+00 8.863575021464478176e-01 -2.967096452394972148e-02 -2.967096452394971454e-02 -1.340462780582270773e-02
2.505000000000000000e+02 5.731171236151648372e+03 6.591331543297363282e+01 2.360590369742063821e-01 6.591331543297363282e+01 2.360590369742063821e-01 2.570563114125718140e+00 -8.313945056431679137e-02 -8.313945056431681913e-02 -3.379352791657862926e-02
2.865000000000000000e+02 4.536636982745074420e+03 1.091230126575721613e+02 2.835161331296274678e+00 1.091230126575721613e+02 2.835161331296274678e+00 6.833949896571541949e+00 1.873182885891700733e-01 1.873182885891701288e-01 -2.191252531000269232e-02
3.225000000000000000e+02 3.146966060774211201e+03 1.136213612657538476e+02 -1.038037280434837895e+00 1.136213612657538476e+02 -1.038037280434837895e+00 1.317703229024903777e+01 1.522538149716551881e-01 1.522538149716551048e-01 1.730587440870866855e-01
3.585000000000000000e+02 2.370590313279070415e+03 7.534589094780065466e+01 -1.185418962684919419e+00 7.534589094780065466e+01 -1.185418962684919419e+00 1.877103425498077627e+01 1.143334685151856378e-01 1.143334685151855545e-01 -9.572405870806655059e-02
3.945000000000000000e+02 1.859227718856443062e+03 1.222548201857800620e+01 -3.320590163015627039e-03 1.222548201857800620e+01 -3.320590163015627039e-03 2.201597625699191596e+01 1.203555366150775296e-01 1.203555366150775019e-01 1.342965332608098139e-01
4.305000000000000000e+02 1.871372431802192978e+03 -5.015146811825555062e+01 -1.185247864038206922e+00 -5.015146811825555062e+01 -1.185247864038206922e+00 1.880941979901788130e+01 -7.987798667215429554e-03 -7.987798667215431289e-03 3.021234335320326370e-01
4.665000000000000000e+02 2.054910390421423017e+03 -7.411128163050406670e+01 -1.815417273531403586e+00 -7.411128163050406670e+01 -1.815417273531403586e+00 1.346306767875301702e+01 9.156894128500221719e-02 9.156894128500220331e-02 -1.642287034806571080e-02
5.025000000000000000e+02 2.420953473431789462e+03 -5.886047675086544473e+01 1.481813024850848759e-01 -5.886047675086544473e+01 1.481813024850848759e-01 8.003847684875752932e+00 -2.842736161766951097e-02 -2.842736161766953873e-02 -9.849011521656883539e-02
5.385000000000000000e+02 2.545364487070618452e+03 -1.124071609523421955e+01 2.602812576907663988e+00 -1.124071609523421955e+01 2.602812576907663988e+00 7.558253905615388568e+00 2.935255068140936452e-02 2.935255068140939227e-02 1.823322471866054353e-02
5.745000000000000000e+02 2.399023367268997845e+03 1.866208335218211900e+01 -5.499596922408789279e-01 1.866208335218211900e+01 -5.499596922408789279e-01 1.297314833256005961e+01 -1.968195374449889234e-01 -1.968195374449888679e-01 -5.302513645671295961e-02
6.105000000000000000e+02 2.173663178872526714e+03 2.450382986177143607e+01 -1.656976305025674057e+00 2.450382986177143607e+01 -1.656976305025674057e+00 2.354237346412747911e+01 -4.053301546786990395e-01 -4.053301546786990950e-01 3.138687165650811406e-01
6.465000000000000000e+02 1.947260183901091978e+03 -1.279538414785337608e+01 1.438139361965727892e+00 -1.279538414785337608e+01 1.438139361965727892e+00 3.224345513497205218e+01 2.302179276128409890e-01 2.302179276128409058e-01 1.959395789960810264e-01
6.825000000000000000e+02 1.793933295781566358e+03 -6.709871188659408858e+01 -2.725968889681341656e-01 -6.709871188659408858e+01 -2.725968889681341656e-01 3.723235306190767346e+01 -4.321059926288163544e-02 -4.321059926288162850e-02 -7.683047630337287714e-02
7.185000000000000000e+02 1.981946918587858818e+03 -1.202241933816467849e+02 2.735214145184031054e+00 -1.202241933816467849e+02 2.735214145184031054e+00 3.550661825955083373e+01 3.181045960194018307e-01 3.181045960194019417e-01 1.073387815723317734e-01
7.545000000000000000e+02 2.283037834450093669e+03 -1.358748590239253247e+02 -1.955347372072773426e+00 -1.358748590239253247e+02 -1.955347372072773426e+00 2.776887270947549879e+01 2.624303919140952845e-01 2.624303919140953956e-01 2.075562664832282522e-01
7.905000000000000000e+02 2.555556586088440326e+03 -1.036282907062689134e+02 1.017145765109582101e+00 -1.036282907062689134e+02 1.017145765109582101e+00 1.767723832381732052e+01 -5.517384159428724566e-02 -5.517384159428727342e-02 2.800405194129290121e-01
8.265000000000000000e+02 2.559979314883143161e+03 -4.155037736626850631e+01 -3.621989888872330088e+00 -4.155037736626850631e+01 -3.621989888872330088e+00 1.276157083585994023e+01 -1.514567352032260561e-01 -1.514567352032259451e-01 -7.991171025432944330e-02
8.625000000000000000e+02 2.247024375082359256e+03 1.943707113836150313e+01 1.716552666893329526e+00 1.943707113836150313e+01 1.716552666893329526e+00 1.491726546314010804e+01 3.840643023172377046e-02 3.840643023172377740e-02 -3.852179598550296569e-01
8.985000000000000000e+02 1.955411590682262158e+03 5.189280198503500685e+01 5.765783340278752833e-01 5.189280198503500685e+01 5.765783340278752833e-01 2.343767795829220901e+01 -4.680865301081952867e-01 -4.680865301081950092e-01 -1.364935265505989870e-01
9.345000000000000000e+02 1.534881208298954107e+03 5.603467243998638025e+01 -5.754119884821806696e-01 5.603467243998638025e+01 -5.754119884821806696e-01 3.385692508068225237e+01 -2.510199041254521785e-02 -2.510199041254523866e-02 7.340449468737365868e-02
9.705000000000000000e+02 1.226850641937839328e+03 1.427877648913278108e+01 2.346701506809533377e+00 1.427877648913278108e+01 2.346701506809533377e+00 4.197746993186992626e+01 3.154839679415616382e-02 3.154839679415614995e-02 1.919118034933997019e-01
1.006500000000000000e+03 1.087167550919381711e+03 -3.027197020549913731e+01 -1.643048225530158168e-02 -3.027197020549913731e+01 -1.643048225530158168e-02 4.119959306570886071e+01 -4.406118059648529428e-01 -4.406118059648529428e-01 1.186957954763507850e-01
1.042500000000000000e+03 1.130905018804352721e+03 -6.602893349435453274e+01 8.481904334076720842e-01 -6.602893349435453274e+01 8.481904334076720842e-01 3.530353582203225216e+01 -1.919850830530555608e-01 -1.919850830530556163e-01 4.408876409885149616e-01
1.078500000000000000e+03 1.209174914507261292e+03 -7.726727217548929616e+01 -4.438677951578084979e-02 -7.726727217548929616e+01 -4.438677951578084979e-02 2.520825029516971583e+01 1.920390437574632236e-01 1.920390437574632791e-01 5.937305816763046445e-02
1.114500000000000000e+03 1.287562417029431117e+03 -6.135612656244205709e+01 -2.548122865629943723e-01 -6.135612656244205709e+01 -2.548122865629943723e-01 1.721387942235680413e+01 2.572170950058602634e-02 2.572170950058605410e-02 1.134039353050646515e+00
1.150500000000000000e+03 1.264970100233762196e+03 -3.067132051278954918e+01 5.874120694838077528e-01 -3.067132051278954918e+01 5.874120694838077528e-01 1.403827767166622920e+01 -2.128715638696303536e-01 -2.128715638696303536e-01 2.297149659739767535e-01
1.186500000000000000e+03 1.178431311926014359e+03 -2.247443845936965445e+00 2.818441805304816583e-01 -2.247443845936965445e+00 2.818441805304816583e-01 1.505409117769909422e+01 4.414556883208201055e-02 4.414556883208203830e-02 -2.004519877836959951e-01
1.222500000000000000e+03 9.795292497035013639e+02 7.723530410769988030e+00 2.410218977725251843e+00 7.723530410769988030e+00 2.410218977725251843e+00 2.115993743066949762e+01 1.770939989474013265e-01 1.770939989474013265e-01 1.588819908897132760e-01
1.258500000000000000e+03 8.574903115432495042e+02 -7.817538841160164509e+00 -5.690972194653557414e-01 -7.817538841160164509e+00 -5.690972194653557414e-01 2.705162986950306703e+01 4.316265038202640181e-01 4.316265038202642401e-01 3.989778772693792774e-01
1.294500000000000000e+03 7.878439972820493722e+02 -2.519507087297707670e+01 8.852050302404577131e-01 -2.519507087297707670e+01 8.852050302404577131e-01 3.024447466717435518e+01 3.849617438563649463e-01 3.849617438563650018e-01 4.349154996025149655e-01
1.330500000000000000e+03 7.596940277933066454e+02 -5.115640260145691798e+01 -2.168161305159991947e+00 -5.115640260145691798e+01 -2.168161305159991947e+00 2.833508900188237689e+01 1.745556440933764275e-01 1.745556440933764830e-01 4.413499252046007570e-01
1.366500000000000000e+03 8.316754155393387009e+02 -6.036180439880094184e+01 -1.068302159732520851e+00 -6.036180439880094184e+01 -1.068302159732520851e+00 2.342046230848386656e+01 2.847957145885338104e-01 2.847957145885335883e-01 -3.178685590925556803e-01
1.402500000000000000e+03 8.692731924547322251e+02 -5.781490016580730185e+01 3.275212801552143116e+00 -5.781490016580730185e+01 3.275212801552143116e+00 1.673018799464247053e+01 -1.259214948419770386e-01 -1.259214948419771218e-01 6.131827576844230965e-01
1.438500000000000000e+03 8.531790797358474947e+02 -3.321645954392582212e+01 -1.012410562113210233e+00 -3.321645954392582212e+01 -1.012410562113210233e+00 1.270610843752051444e+01 2.375422837855641067e-01 2.375422837855640790e-01 4.779691857336232363e-01
1.474500000000000000e+03 8.155509510626121710e+02 -1.375058571140578323e+01 9.337829909432029396e-01 -1.375058571140578323e+01 9.337829909432029396e-01 1.197151981001725574e+01 3.209059240674826952e-01 3.209059240674826396e-01 -1.170423883215670861e-02
1.510500000000000000e+03 7.152151551113419146e+02 2.496440218864775851e+00 3.178662660439097731e-01 2.496440218864775851e+00 3.178662660439097731e-01 1.360785765173150352e+01 7.602575969568056702e-02 7.602575969568056702e-02 4.273591986538899379e-01
1.546500000000000000e+03 6.122177313046447580e+02 4.203822061809582067e+00 2.514012025243436810e+00 4.203822061809582067e+00 2.514012025243436810e+00 1.679059168430748272e+01 1.023818319912016411e-01 1.023818319912016411e-01 2.474497413513627453e-01
1.582500000000000000e+03 5.221816073836472469e+02 -8.472251175018733482e-01 1.044559471668313311e+00 -8.472251175018733482e-01 1.044559471668313311e+00 1.936924274737382845e+01 -2.867690279868743697e-01 -2.867690279868747028e-01 -5.908711103494582728e-01
1.618500000000000000e+03 4.651819382815992867e+02 -1.580850628001333646e+01 7.193336696293519683e-01 -1.580850628001333646e+01 7.193336696293519683e-01 2.040406297741198216e+01 2.534219144074384422e-01 2.534219144074382202e-01 -2.884690644300341167e-01
1.654500000000000000e+03 4.543836015730765894e+02 -2.415935347180947446e+01 8.530446335541597147e-01 -2.415935347180947446e+01 8.530446335541597147e-01 1.803581765616785759e+01 -4.846461685913772133e-01 -4.846461685913774353e-01 3.215535526607289640e-02
1.690500000000000000e+03 4.563631387134435045e+02 -2.881558779753992283e+01 -1.737872070120400347e-01 -2.881558779753992283e+01 -1.737872070120400347e-01 1.452230378103971198e+01 5.992878229049328209e-03 5.992878229049369843e-03 1.831162037339258697e-01
1.726500000000000000e+03 4.642254264297562258e+02 -2.574909138411289433e+01 9.459954063829287829e-01 -2.574909138411289433e+01 9.459954063829287829e-01 1.147530840945884556e+01 -2.839033639288556232e-01 -2.839033639288556232e-01 -2.839488111049411345e-01
1.762500000000000000e+03 4.618533487508116195e+02 -1.844917832219859477e+01 1.292026854853143281e+00 -1.844917832219859477e+01 1.292026854853143281e+00 8.522150548725287322e+00 -9.104610400425985905e-02 -9.104610400425983130e-02 -4.827579674093422923e-01
1.798500000000000000e+03 4.264377903826580223e+02 -9.964833473722233492e+00 9.260523483516001075e-01 -9.964833473722233492e+00 9.260523483516001075e-01 7.509197673546091245e+00 -1.004373431279539375e-01 -1.004373431279539097e-01 1.431439182846661329e-01
1.834500000000000000e+03 3.977398261309381837e+02 -5.949669437419823126e+00 1.378685169289837198e+00 -5.949669437419823126e+00 1.378685169289837198e+00 9.415305585683361400e+00 7.673793960011305870e-01 7.673793960011305870e-01 -2.442522886987297526e-01
1.870500000000000000e+03 3.574191835700670481e+02 -7.212105852758589286e+00 3.769568328239948363e-01 -7.212105852758589286e+00 3.769568328239948363e-01 1.097971124892681516e+01 -1.557088634498674240e-01 -1.557088634498673407e-01 4.926399083619879826e-02
1.906500000000000000e+03 3.336922835203399700e+02 -9.801929834711277323e+00 -2.102518576508063952e-01 -9.801929834711277323e+00 -2.102518576508063952e-01 1.160413415615875365e+01 2.250777489736349724e-01 2.250777489736350001e-01 5.142370111291152401e-01
1.942500000000000000e+03 3.108562125858034051e+02 -1.321343015141128951e+01 -4.090801895083656103e-01 -1.321343015141128951e+01 -4.090801895083656103e-01 1.135634834272128835e+01 -3.115140315633491142e-01 -3.115140315633490031e-01 -2.833935679715977596e-01
1.978500000000000000e+03 3.152166407370403931e+02 -1.876746823114363494e+01 -7.581965195159674487e-01 -1.876746823114363494e+01 -7.581965195159674487e-01 1.026350110153091855e+01 -7.756208409734713372e-02 -7.756208409734718923e-02 -6.092869256553830049e-01
2.014500000000000000e+03 3.178659398854892970e+02 -1.781625587189634530e+01 5.208174538949301713e-01 -1.781625587189634530e+01 5.208174538949301713e-01 7.785690793455216863e+00 3.716462177564089364e-01 3.716462177564089364e-01 7.886334630451183880e-01
2.050500000000000000e+03 3.149432023652398698e+02 -1.242682597854240711e+01 2.232924050678317673e-01 -1.242682597854240711e+01 2.232924050678317673e-01 6.016099239987585001e+00 -6.450862639855834413e-01 -6.450862639855835523e-01 -8.616198958011218600e-01
2.086500000000000000e+03 3.071614773260492939e+02 -9.500736729752485843e+00 2.766556359444061197e-02 -9.500736729752485843e+00 2.766556359444061197e-02 4.470069271496008412e+00 5.602527665097649656e-01 5.602527665097649656e-01 7.298721919005720649e-01
2.122500000000000000e+03 2.831588492205931402e+02 -5.741811982414068538e+00 5.307636671236776182e-02 -5.741811982414068538e+00 5.307636671236776182e-02 5.769453882781572673e+00 4.885721866134777325e-01 4.885721866134778990e-01 -4.143565036465478579e-01
2.158500000000000000e+03 2.597185905513139801e+02 -3.741221293618374411e+00 5.463743779692473712e-01 -3.741221293618374411e+00 5.463743779692473712e-01 6.323591658745883137e+00 8.237402871197306853e-01 8.237402871197305743e-01 1.831653567816187989e-01
2.207000000000000000e+03 2.390987483275947341e+02 -4.015129481278846058e+00 2.820664909129476650e-01 -4.015129481278846058e+00 2.820664909129476650e-01 5.212605504774145082e+00 -3.354548387871819082e-01 -3.354548387871816861e-01 -1.427858654576353581e-01
2.268000000000000000e+03 2.190390258991041321e+02 -7.498139656286283206e+00 -1.671012410450997798e+00 -7.498139656286283206e+00 -1.671012410450997798e+00 5.693812423872230966e+00 5.768751426776417279e-01 5.768751426776413949e-01 -6.141599891435074454e-01
2.329000000000000000e+03 2.225592959180925732e+02 -9.500703009808098898e+00 -5.398136647900515506e-01 -9.500703009808098898e+00 -5.398136647900515506e-01 3.969408950996257346e+00 3.218651015975984020e-01 3.218651015975984020e-01 6.396702037597732371e-01
2.390000000000000000e+03 2.136848187270157666e+02 -5.479213631075793067e+00 -5.123315757474599108e-01 -5.479213631075793067e+00 -5.123315757474599108e-01 2.622168562246341761e+00 3.569726540593681219e-01 3.569726540593678443e-01 2.071150154347466965e-01
2.451000000000000000e+03 2.059747990669184219e+02 -3.482669577621849477e+00 -9.838109449415792795e-01 -3.482669577621849477e+00 -9.838109449415792795e-01 3.362896999826507916e+00 -1.060107295697987895e-01 -1.060107295697987756e-01 8.335748407874121746e-01
2.512000000000000000e+03 1.908942486341070151e+02 -3.583337672886674596e+00 -9.316772025254844714e-01 -3.583337672886674596e+00 -9.316772025254844714e-01 2.807326397137005713e+00 -2.788241721014701469e-01 -2.788241721014701469e-01 6.246356567530467752e-01
2.573000000000000000e+03 1.884332342710952730e+02 -3.088654027996549978e+00 1.528999089161800384e+00 -3.088654027996549978e+00 1.528999089161800384e+00 2.405183630885570523e+00 -4.719694730429393470e-01 -4.719694730429393470e-01 -7.731740784744933759e-01
2.634000000000000000e+03 1.885535890878556700e+02 -3.476747033385966024e+00 3.719006971460361854e-01 -3.476747033385966024e+00 3.719006971460361854e-01 2.089627390902258686e+00 -9.979560859992889776e-01 -9.979560859992889776e-01 -6.333189314630516265e-01
2.695000000000000000e+03 1.855629052573634681e+02 -2.368932473155393126e+00 6.549518852086189113e-01 -2.368932473155393126e+00 6.549518852086189113e-01 1.340463673110190435e+00 3.072362110897179921e-01 3.072362110897181031e-01 9.141153552107071922e-01
2.756000000000000000e+03 1.825570193229167160e+02 -1.987713412578368422e+00 4.471893226741295579e-02 -1.987713412578368422e+00 4.471893226741295579e-02 1.831775630188595017e+00 -1.679160811110795293e-01 -1.679160811110795015e-01 6.695586548775417368e-01
2.817000000000000000e+03 1.764993736918852392e+02 -1.583515318027318486e+00 6.595020656884809096e-01 -1.583515318027318486e+00 6.595020656884809096e-01 1.452935698763333283e+00 -5.740751410537934252e-01 -5.740751410537933141e-01 -1.111015745268883137e+00
2.878000000000000000e+03 1.747144157098825019e+02 -1.019220326054995240e+00 -1.357948421805023953e+00 -1.019220326054995240e+00 -1.357948421805023953e+00 2.406278792802930777e+00 1.032736160586638086e+00 1.032736160586638086e+00 -3.872063570954904776e-02
2.939000000000000000e+03 1.772961668234713954e+02 -1.135903996228927237e+00 1.736511337534025756e+00 -1.135903996228927237e+00 1.736511337534025756e+00 2.843166425191962166e+00 -4.604341012722584781e-02 -4.604341012722573678e-02 -1.001820327008416722e+00
3.000000000000000000e+03 1.775528987794914713e+02 -9.723171305295434941e-01 1.580577347315592185e+00 -9.723171305295434941e-01 1.580577347315592185e+00 9.266103167751367220e-01 3.177642607918325091e-01 3.177642607918328421e-01 1.318828571286766671e+00
3.061000000000000000e+03 1.803256555202165430e+02 -7.238489401394849754e-01 -3.300489204233152396e-01 -7.238489401394849754e-01 -3.300489204233152396e-01 1.251589390066993435e+00 -6.089936535612841539e-02 -6.089936535612833213e-02 6.484879975668790264e-01
3.122000000000000000e+03 1.805681306159304711e+02 -1.709778623869232739e+00 2.381083118534982612e-01 -1.709778623869232739e+00 2.381083118534982612e-01 1.119929304049555485e+00 3.846525830319746375e-01 3.846525830319746930e-01 -2.135274504110562799e-01
3.183000000000000000e+03 1.855685807659891395e+02 -1.388566928337687356e+00 1.267868051277106556e+00 -1.388566928337687356e+00 1.267868051277106556e+00 1.239946801111762698e+00 2.019748471476773277e-01 2.019748471476773555e-01 -1.748415539224834059e-01
3.244000000000000000e+03 1.863412965547229589e+02 -4.933016367660914003e-01 3.611194520178208078e-01 -4.933016367660914003e-01 3.611194520178208078e-01 6.158116573398957350e-01 -1.807648382993916336e-01 -1.807648382993916891e-01 2.315065282344225817e-01
3.305000000000000000e+03 1.909988367018842723e+02 -7.172132889544333700e-01 8.553985206964279664e-01 -7.172132889544333700e-01 8.553985206964279664e-01 2.266283003824145936e+00 4.566290841528855560e-01 4.566290841528855560e-01 1.776580111254990046e-01
3.366000000000000000e+03 1.935361772883073570e+02 -2.210073977135599499e+00 -8.842596395241428819e-01 -2.210073977135599499e+00 -8.842596395241428819e-01 3.423167553009629049e+00 8.012957513683872657e-01 8.012957513683875987e-01 -7.410803730230072217e-01
3.447000000000000000e+03 1.984031217380839962e+02 1.558332338437352638e-01 -9.487575448240082032e-03 1.558332338437352638e-01 -9.487575448240082032e-03 4.741501259761845555e-01 5.733998313569018679e-01 5.733998313569018679e-01 7.886721068430298243e-02
3.548000000000000000e+03 2.040444338230128380e+02 -1.656970408571373454e+00 -1.007834034964048220e+00 -1.656970408571373454e+00 -1.007834034964048220e+00 6.823648855768899013e-01 2.923815136450854113e-01 2.923815136450854113e-01 -7.623322821594501475e-01
3.649000000000000000e+03 2.131112843877957346e+02 -1.400237555358474051e+00 -4.298604218366007812e-01 -1.400237555358474051e+00 -4.298604218366007812e-01 -2.091197206306941503e+00 3.314959084616874163e-01 3.314959084616873053e-01 -1.033592989015864605e+00
3.750000000000000000e+03 2.187895515587787827e+02 -2.515403246309140806e-01 -5.939002023940256336e-01 -2.515403246309140806e-01 -5.939002023940256336e-01 -2.130366636664110525e-02 5.531259635842026290e-01 5.531259635842026290e-01 1.592205264924631436e+00
3.851000000000000000e+03 2.263168727820171569e+02 5.931510627329279473e-01 7.562141329589806560e-01 5.931510627329279473e-01 7.562141329589806560e-01 -6.541443490022237628e-02 2.168815697153506361e-01 2.168815697153503030e-01 3.616138401879341324e-01
3.952000000000000000e+03 2.348157629853207879e+02 -9.196198705113467486e-01 5.040957103022704056e-01 -9.196198705113467486e-01 5.040957103022704056e-01 7.929554424460326656e-01 -1.076430653876794485e+00 -1.076430653876794041e+00 1.650792590445623598e-01
4.053000000000000000e+03 2.425832990166306615e+02 8.965927236379819254e-01 7.677245439396327420e-01 8.965927236379819254e-01 7.677245439396327420e-01 1.891712294653133952e+00 -3.913096467068603035e-01 -3.913096467068607476e-01 -1.641527170064436492e+00
4.154000000000000000e+03 2.500803043063795599e+02 -1.027752270197455298e+00 -1.122967479817928993e+00 -1.027752270197455298e+00 -1.122967479817928993e+00 -1.269250421093892411e+00 -5.045326204047189123e-01 -5.045326204047189123e-01 1.697436154472983016e+00
4.255000000000000000e+03 2.613669851524782644e+02 -2.214996147269208959e-01 6.993950483019711895e-01 -2.214996147269208959e-01 6.993950483019711895e-01 9.483356673647910240e-01 -2.772339465204841646e-01 -2.772339465204841646e-01 8.761074250339871000e-03
4.356000000000000000e+03 2.706180804737525136e+02 -6.463933580686928027e-01 6.224979534056402919e-01 -6.463933580686928027e-01 6.224979534056402919e-01 -3.514057930533612817e-01 4.592175425907485398e-01 4.592175425907488728e-01 2.065640879414953890e+00
4.457000000000000000e+03 2.785101042343400763e+02 -3.457983284774140409e-01 -8.450521488842533957e-01 -3.457983284774140409e-01 -8.450521488842533957e-01 -6.026704986456669078e-01 -8.247085677396104320e-01 -8.247085677396104320e-01 -7.410665980667227037e-01
4.558000000000000000e+03 2.902437143496852059e+02 -7.151534072639216255e-01 3.358360491747440224e-01 -7.151534072639216255e-01 3.358360491747440224e-01 -1.079992633577331052e-01 3.797799825026693110e-02 3.797799825026693110e-02 -1.145432704879142394e+00
4.659000000000000000e+03 3.019675357713869062e+02 4.713514172305055538e-01 1.084709864741140395e+00 4.713514172305055538e-01 1.084709864741140395e+00 -1.219406304822786558e+00 5.018625565326400029e-01 5.018625565326400029e-01 -8.329681046592387617e-01
4.760000000000000000e+03 3.113243645736581584e+02 -2.376758781949630972e+00 -4.878368334805313622e-01 -2.376758781949630972e+00 -4.878368334805313622e-01 -2.596779009055365517e+00 1.042138893869426930e+00 1.042138893869426930e+00 -1.090500702719571890e+00
4.861000000000000000e+03 3.182379678507384710e+02 -2.469033542026256023e-01 8.934935570693969265e-02 -2.469033542026256023e-01 8.934935570693969265e-02 1.071081113590445222e+00 5.043648127918849422e-01 5.043648127918849422e-01 7.479740573730292441e-01
4.962000000000000000e+03 3.339579220476200589e+02 -1.747236889696568429e-02 2.190036876277634992e+00 -1.747236889696568429e-02 2.190036876277634992e+00 -6.644826404174963841e-01 -1.644691988638149693e+00 -1.644691988638150359e+00 4.304143293875902998e+00
5.063000000000000000e+03 3.458600041131636544e+02 8.294874993133416474e-01 -1.064411997406119248e+00 8.294874993133416474e-01 -1.064411997406119248e+00 -2.987712753605727412e-01 2.194735750561083165e-01 2.194735750561080945e-01 -1.751375890066683150e-01
5.164000000000000000e+03 3.556781988880735526e+02 4.902282127850718929e-01 -1.974872798188217926e+00 4.902282127850718929e-01 -1.974872798188217926e+00 2.838025401759409760e-01 9.372722793918011330e-01 9.372722793918016881e-01 2.644197887889145004e+00
5.265000000000000000e+03 3.661038477986801354e+02 3.768953951207406616e-01 1.494565706028054830e-01 3.768953951207406616e-01 1.494565706028054830e-01 -3.418137042968367290e+00 8.015302507128595488e-01 8.015302507128591047e-01 -3.370424159946755482e-01
5.366000000000000000e+03 3.768978419113201426e+02 -3.647665642574496658e+00 3.293387458765721920e-01 -3.647665642574496658e+00 3.293387458765721920e-01 6.896647607574141192e-01 8.939458304034070268e-02 8.939458304034059166e-02 1.054547172550060585e+00
5.467000000000000000e+03 3.894392578688509161e+02 1.979162100787853262e+00 -1.066428540005817105e-01 1.979162100787853262e+00 -1.066428540005817105e-01 -1.391152849414423853e+00 -1.766652697244935677e+00 -1.766652697244935011e+00 -2.936358693065979630e-01
5.568000000000000000e+03 4.000832776855078805e+02 1.700993215338257869e+00 1.224051550976047675e+00 1.700993215338257869e+00 1.224051550976047675e+00 2.024625960362992139e+00 1.168935323251331315e+00 1.168935323251331759e+00 -1.618510783714834367e-01
5.669000000000000000e+03 4.116861047443140933e+02 1.104357113468925622e-01 4.274045880944428721e-01 1.104357113468925622e-01 4.274045880944428721e-01 2.542821673151612671e+00 2.830315348643340778e-01 2.830315348643340778e-01 -1.221536783405810178e+00
5.770000000000000000e+03 4.292631867349293771e+02 8.396203620246392996e-01 2.018528681110650647e-01 8.396203620246392996e-01 2.018528681110650647e-01 1.482963866093791827e+00 -1.171909520822388417e+00 -1.171909520822388640e+00 -2.159871799234451828e+00
5.871000000000000000e+03 4.460008237928238941e+02 -4.895057125443875723e-01 3.797931812728075895e-01 -4.895057125443875723e-01 3.797931812728075895e-01 2.456218554955433842e+00 -3.190991017346345160e-02 -3.190991017346389569e-02 5.207897379531309934e-01
