# l Dl_TT Dl_TE Dl_TB Dl_ET Dl_BT Dl_EE Dl_EB Dl_BE Dl_BB
7.050000000000000000e+01 1.759439382357115619e+03 -6.954455677165472416e+00 -8.602215883595405455e-01 -9.600098133914160670e+00 -5.392288797884188245e-01 3.570554649038493733e-01 1.169524130274854530e-02 1.752283638863378484e-02 -6.415515850094963279e-03
1.065000000000000000e+02 3.038945041802021478e+03 -2.707237016111907124e+01 8.339458674989281839e-01 -2.793420540774426541e+01 2.292664012852267952e+00 8.563668888654735190e-01 2.074560178726109899e-03 -1.229401108766830369e-03 -2.580695932634186063e-02
1.425000000000000000e+02 3.962609990950367319e+03 -4.155177748158863693e+01 3.361089851456299016e+00 -3.925783692144854342e+01 -5.251932225965408874e-01 1.051083212984045723e+00 -1.029783095340739835e-01 -3.717945578244016835e-02 5.138418259228856588e-02
1.785000000000000000e+02 5.448671425472728515e+03 -3.663353833137762194e+01 -3.455590441874365037e+00 -3.488065889449558199e+01 6.930436008924241165e-01 8.443165982272540226e-01 4.466574789019057273e-02 -4.974650571088352208e-02 6.590352352709109851e-02
2.145000000000000000e+02 5.552843505823914711e+03 4.154170434347207674e+00 -2.474162991473241480e+00 1.968892725430296586e+00 -1.414130585093824166e+00 7.955543449053206206e-01 3.744795772937090095e-02 -2.695247725355873203e-02 7.848974767946785905e-03
2.505000000000000000e+02 5.501514576974082047e+03 6.326551651983174906e+01 -3.129848335964234174e+00 6.353236332538460829e+01 7.993123143079045034e-01 2.418116896734389343e+00 1.810185140159082870e-02 1.232162864258423002e-02 6.798398467195938821e-02
2.865000000000000000e+02 4.523704405475522435e+03 1.122804001300781351e+02 2.269997249504877690e+00 1.118900579726082753e+02 1.732493905663583966e+00 6.998568815771948337e+00 1.127313858682171405e-01 8.466981133360187636e-03 7.002074715567942198e-02
3.225000000000000000e+02 3.374223180345039509e+03 1.189375442597100516e+02 8.070378673148290716e-01 1.203211979801811538e+02 1.087368096477276946e+00 1.299851434142444084e+01 7.020698413558683348e-02 -2.781582245202932069e-02 1.159918620531127931e-01
3.585000000000000000e+02 2.352870148853908177e+03 7.709717280827143782e+01 1.152668691776431498e+00 7.969003399858129910e+01 1.337393487576371554e-01 1.869362194168261837e+01 2.323350887413833110e-02 3.127120931618550259e-02 2.625632831643086307e-02
3.945000000000000000e+02 1.786244844875722265e+03 1.259627453435050271e+01 -4.706192273380196411e-01 1.046479605185000494e+01 2.010504567700770184e-01 2.159128859055470429e+01 7.208229927360364220e-02 -1.549508047290083790e-02 9.142300137218686840e-02
4.305000000000000000e+02 1.785022064090700269e+03 -4.908825616862476693e+01 -4.440081486966405144e-01 -4.794677824266601363e+01 -1.162924138578611544e+00 1.894208248027079833e+01 4.915284814546738018e-02 4.619162718123472067e-02 8.104504315009967985e-02
4.665000000000000000e+02 2.147918817727070291e+03 -7.291426454919303524e+01 4.614426728404805722e-01 -7.482752259792817995e+01 -5.502838015824939033e-01 1.315441226063891911e+01 4.745572795370583269e-02 4.226197119461957974e-02 4.138755626912529739e-02
5.025000000000000000e+02 2.481430552133208039e+03 -5.802888588465859954e+01 5.365953040296245202e-01 -5.872137791363253712e+01 6.005198299154458630e-02 8.365356135998460729e+00 -2.289282899044473713e-02 -2.873098795574624900e-02 -3.115117661635177088e-02
5.385000000000000000e+02 2.557208817240743883e+03 -1.158633336539375236e+01 3.700149658421958421e-02 -1.385973227774766414e+01 1.045454018986068601e+00 7.447410777061334031e+00 5.598363076515996961e-03 4.995215589516669580e-02 1.216961982820140148e-01
5.745000000000000000e+02 2.456907326430690318e+03 2.135831206467486254e+01 1.612120779201651866e+00 2.241719310841114066e+01 -2.553319050009881241e-01 1.296785990855217463e+01 -5.747315407115162478e-02 -6.193627513720406652e-03 8.999860565121908795e-02
6.105000000000000000e+02 2.155952505705955446e+03 2.877540271550053319e+01 -9.598943355858596815e-01 2.838484001334187568e+01 -2.100016695874034334e-01 2.285003068761330525e+01 -6.661302366093092842e-02 4.634192084501598252e-02 5.883728035070535239e-02
6.465000000000000000e+02 1.878273534429799838e+03 -9.227218018255506138e+00 -1.062931197444749731e-02 -1.014721712990915847e+01 -4.365068385342332768e-01 3.301349693877799751e+01 1.642378641268674166e-01 -5.030949675196547816e-02 2.028928860295394279e-02
6.825000000000000000e+02 1.801743912383154566e+03 -6.508194413210389939e+01 -2.515521115910354655e-02 -6.603646691707837135e+01 -6.534972650776721403e-02 3.726392837915432210e+01 -1.726009597331082945e-01 1.896361985679659301e-02 -4.326799453190251221e-02
7.185000000000000000e+02 1.965739327900422950e+03 -1.154980737484421240e+02 -1.026522189597983470e+00 -1.169220244266284823e+02 -7.430026045579628535e-01 3.524767404188255426e+01 1.876672286876484297e-01 7.751422102831351246e-02 1.038897276629746902e-01
7.545000000000000000e+02 2.220580162217544967e+03 -1.319315595058839108e+02 -6.930953337084694299e-01 -1.283328986879765523e+02 9.815167051011512989e-01 2.677596778574283931e+01 -9.982558010499500978e-02 1.337395692536355943e-02 4.152167657970887854e-02
7.905000000000000000e+02 2.491281780417683876e+03 -9.846374117733962805e+01 2.069402861645779801e+00 -1.016997316523150801e+02 2.553057815608653081e-01 1.752504122549956378e+01 -4.571067606112239057e-02 1.732989726931499080e-02 1.268428789224950171e-01
8.265000000000000000e+02 2.520638064170052530e+03 -4.039663651665213706e+01 -6.213948132722170170e-01 -4.159583998308792729e+01 1.921504391879360063e-01 1.276676722605941450e+01 8.024515307230467576e-02 5.738792900828738885e-02 1.475124832874695757e-01
8.625000000000000000e+02 2.306212776713047788e+03 1.972024303834028558e+01 7.941382709592572642e-01 1.862352662832254424e+01 6.075985449485143963e-02 1.467867514343170221e+01 -6.161288053296459094e-02 -1.810851812219592752e-02 3.287385717484941905e-02
8.985000000000000000e+02 1.914903896125267238e+03 5.258712393423911635e+01 -1.189101949754655996e+00 5.425538037706991190e+01 -1.691479361070755139e-02 2.353800390973074741e+01 -2.898398161192004552e-01 -3.477258680816745773e-02 1.077509321993429942e-01
9.345000000000000000e+02 1.528553366120220744e+03 5.455048294042470047e+01 -1.460939161818411158e-01 5.305594482261160749e+01 1.131163490700016316e+00 3.355386540248612448e+01 2.267418590805478917e-01 -1.723062361753829874e-01 7.686013190595139544e-02
9.705000000000000000e+02 1.200487850669810541e+03 1.669286916215617822e+01 3.120448841196766576e+00 1.696017050057884035e+01 -4.573471465535934311e-01 4.115867723219398044e+01 1.019263310271641965e-01 -9.915553312325481317e-02 7.837350639532747465e-02
1.006500000000000000e+03 1.047078667810154911e+03 -3.305219012327008699e+01 -1.021332925736985198e+00 -3.558098981744713285e+01 -1.659608278044635288e-01 4.105719199213655202e+01 -9.108974805315513124e-02 2.096413636522756474e-01 7.841186759328283573e-02
1.042500000000000000e+03 1.073939984685180889e+03 -6.892386660914766594e+01 -4.424361055499836937e-02 -7.037827970855994408e+01 6.735922411310100166e-01 3.512548762189096152e+01 -7.917541893829468935e-02 -1.752814657048198943e-01 1.848358707956458957e-01
1.078500000000000000e+03 1.162952467224950396e+03 -7.773808024391610161e+01 1.093674213714580734e+00 -7.660713486443441411e+01 3.160930247076484401e-01 2.569586958735434479e+01 -1.694677958532478101e-01 1.712874574459658655e-02 1.521530345341722545e-01
1.114500000000000000e+03 1.246182308920179821e+03 -6.107196355180640523e+01 -1.417398806811008605e+00 -6.102224153498679016e+01 -1.275159571181174289e+00 1.675379210949788344e+01 1.996460240156026911e-02 7.814296531704124915e-02 9.725803629401515160e-03
1.150500000000000000e+03 1.224071674530465089e+03 -2.690665164244549601e+01 -4.204286292490944099e-02 -2.867543568433568524e+01 -5.140543891132532961e-01 1.339625578145449580e+01 -1.760722621984028013e-01 -1.101121222652462484e-03 1.584882488503056575e-01
1.186500000000000000e+03 1.115703770578204512e+03 -3.692625956625457562e+00 -2.199909784295879689e+00 -3.726329708325923029e+00 -2.327068711490409836e-01 1.553230135062941031e+01 1.040592409566732102e-01 4.603947886518815202e-02 9.063697514712204528e-02
1.222500000000000000e+03 9.533755364876368503e+02 5.548886953667976130e+00 1.183187874758693692e+00 5.630182117548645948e+00 -2.752429965326785855e-01 2.123423102142498209e+01 6.389340396144174705e-02 3.979004114798487257e-02 1.923029480314057404e-01
1.258500000000000000e+03 8.019466111895584390e+02 -4.647171787440272261e+00 -2.047377823573209632e+00 -6.360683324926394988e+00 6.874097091499400403e-01 2.800484688351637175e+01 -3.134153041756816693e-02 8.787529254785636512e-02 1.331946256773468840e-01
1.294500000000000000e+03 7.344180584840851225e+02 -2.808039274596483637e+01 -8.770509859057518121e-02 -2.705397762428545860e+01 1.610991907859767314e-01 3.043253903707369901e+01 -2.000620329906473427e-01 -4.075011109967480172e-02 1.982209243892948947e-01
1.330500000000000000e+03 7.435828178758566764e+02 -5.160827570707677836e+01 9.939259465004540717e-01 -5.027783649789211040e+01 -3.405369266283725382e-01 2.887273864285404201e+01 -1.748996973378184605e-01 7.290704635938419220e-02 2.083830431325967014e-01
1.366500000000000000e+03 7.816285960278003131e+02 -6.096936637803509740e+01 7.600846802007774627e-01 -6.039005472621343529e+01 -6.185304549433442434e-01 2.314205252705592386e+01 -7.386819068937770794e-02 2.645005821695462500e-01 2.784267750550018655e-02
1.402500000000000000e+03 8.154410868113554898e+02 -5.276204403271563592e+01 4.980660970686757727e-01 -5.310998036524781440e+01 -3.211782936091140961e-01 1.690964995900371193e+01 -1.532868025755722008e-01 -1.545004100000340053e-01 -7.857515633410000477e-03
1.438500000000000000e+03 8.107980025151258587e+02 -3.372692170564301506e+01 -6.797016361824657071e-01 -3.489784579079105953e+01 -1.442770977703648483e-01 1.251093645177851954e+01 -7.719370245554063592e-02 1.180760226121179424e-01 1.337134823992931210e-01
1.474500000000000000e+03 7.560315619279072052e+02 -1.142296087720175102e+01 -6.183390061778368807e-01 -1.253572599375524632e+01 -1.399476837535524876e-01 1.150096132535017190e+01 1.796472612496465837e-01 -9.850292715441509583e-02 4.692420686174550437e-02
1.510500000000000000e+03 6.623428690642355150e+02 8.016431774388115272e-01 1.281697554302459796e+00 2.267716905536220295e+00 -1.631203134021338430e-01 1.361078584515709977e+01 -3.218240115427156711e-01 2.812048054740702852e-01 4.278630711219774674e-02
1.546500000000000000e+03 5.531127716050052641e+02 8.329234101112490407e+00 3.772669650810488440e-01 5.279864956857455383e+00 -1.919302187785374703e-01 1.714255505686998760e+01 -2.294157814407866980e-01 -2.120331451460385486e-01 -8.381377759854322096e-02
1.582500000000000000e+03 4.629004360961937437e+02 -1.847867290912892813e+00 -2.126124756626180667e-01 -2.360752694973590415e+00 4.139438505033551929e-03 2.014266782887667517e+01 -1.836394709960925686e-01 -6.295706752343596668e-02 -1.478728941680557130e-01
1.618500000000000000e+03 4.083123607542885338e+02 -1.246718331363766907e+01 -5.361593175364980368e-01 -1.402842668510645296e+01 -8.736288141270824592e-02 2.030578678046622088e+01 4.331055503672598395e-02 -6.823420104334151914e-02 2.484799485417619191e-01
1.654500000000000000e+03 3.980321287417068561e+02 -2.457212658300873187e+01 -1.501971455619371287e+00 -2.493559554391026722e+01 8.857452828807052536e-04 1.852723982155539417e+01 -1.306422712135080488e-01 2.748711757189425953e-02 -2.990960806980987041e-02
1.690500000000000000e+03 4.049607916762352033e+02 -2.966198034514712845e+01 -6.899830094522835244e-02 -2.922321640179758973e+01 7.224826638536885337e-01 1.459989577981393793e+01 8.850177862078789648e-02 8.918113878735133004e-02 1.241385833048821719e-01
1.726500000000000000e+03 4.042450604529292377e+02 -2.687271141515780570e+01 -5.514874032879368837e-01 -2.630469034037163567e+01 7.846972398651637093e-01 1.058942349342752998e+01 4.174676396718873805e-01 -2.627259867797662185e-01 1.968921391378043728e-01
1.762500000000000000e+03 3.929473763650324827e+02 -1.777422034142936624e+01 1.106255837059664515e-01 -1.776259395215948089e+01 -2.309853357198612123e-01 8.631749122323853385e+00 1.156481937515777512e-02 9.631168580490050146e-02 1.743213134244412654e-01
1.798500000000000000e+03 3.671985613887978843e+02 -1.067529499878514088e+01 7.680267141510424000e-01 -1.074339555536050383e+01 -4.082979504974401652e-01 8.084241918555424178e+00 -1.158597127826276885e-01 -1.003981370537783691e-01 -8.077076250805503843e-02
1.834500000000000000e+03 3.288636820263855043e+02 -4.892988211792085096e+00 6.663485244106827077e-01 -5.579701881027999022e+00 -4.144611069679507431e-02 8.433003418242011051e+00 1.599593587609445255e-01 6.562378219155459713e-02 1.872642585944904459e-03
1.870500000000000000e+03 2.847803584667849464e+02 -5.082103305719451569e+00 -3.983681615291724820e-01 -5.646660870093283435e+00 -1.187401971916093868e-01 1.003704779761389076e+01 5.231360474874456601e-02 6.716026199848637579e-02 1.700150270712759148e-01
1.906500000000000000e+03 2.555930016860222054e+02 -8.653409173816900335e+00 4.434749039648325231e-01 -9.318911356126523771e+00 -4.277957223285544508e-01 1.094127671366270071e+01 3.901523867145025026e-02 9.565380804866184528e-02 1.137835778543815901e-01
1.942500000000000000e+03 2.405033527286051651e+02 -1.470597811419461820e+01 -1.302095495819950433e+00 -1.472567353642392618e+01 -9.183057843318886970e-02 1.077679136551935457e+01 -1.559918450498122833e-01 -1.900761400226161912e-01 1.574417659732561814e-01
1.978500000000000000e+03 2.404839804474578386e+02 -1.681347574434707326e+01 -4.631803197775192782e-01 -1.735484466003315163e+01 -3.009657679203235903e-01 9.464161428254588060e+00 2.170228379877304353e-02 2.650514465857606861e-01 -1.885345245412805293e-01
2.014500000000000000e+03 2.423631659117099559e+02 -1.733875982361129076e+01 9.901130852204793609e-01 -1.791234334893977831e+01 -1.641060193486363894e-01 8.002587267326616072e+00 1.030000632229260138e-01 -1.231087889099545252e-01 2.458469109267020780e-01
2.050500000000000000e+03 2.369882807417587856e+02 -1.608897764566832222e+01 -4.624649154583481137e-01 -1.426883878119215154e+01 -4.689661578015431598e-01 6.588124598817357125e+00 1.601535754543758072e-01 -3.746856026354451058e-02 5.408827477397264161e-02
2.086500000000000000e+03 2.227016916472576327e+02 -9.106752000239282552e+00 -6.484911231660941411e-01 -9.410802640010393461e+00 5.594788393751853883e-01 4.886944817537529850e+00 -1.547613499660777103e-01 -8.026410351583621039e-03 -1.529098685505001498e-01
2.122500000000000000e+03 2.065376196088749339e+02 -4.676904949509658849e+00 -1.371790147996786668e+00 -5.241906389888255191e+00 -5.297978874580460129e-01 4.819106928231500220e+00 -7.561819799550661969e-02 -6.128240914584966170e-02 -3.492443377984582042e-01
2.158500000000000000e+03 1.811774159798668222e+02 -3.213691103891241241e+00 2.601147583579725420e-01 -3.500196501900417534e+00 8.059124385250263090e-02 5.259225049985674971e+00 -1.593288064634547641e-01 -8.112961766871057412e-02 3.674306869685856070e-01
2.207000000000000000e+03 1.495655361699345463e+02 -3.507983103190672747e+00 2.426340296980476208e-01 -3.734767778796747706e+00 -4.730778512533251878e-01 6.113583611118403205e+00 -2.134731881373617135e-01 -8.861007551204223842e-02 -1.135287924081541944e-02
2.268000000000000000e+03 1.316322551445393856e+02 -7.192525712146539796e+00 -1.474135036363437012e-01 -6.650834592529076161e+00 3.784584765015961971e-01 6.094144996902308264e+00 -1.381151859120399172e-01 -2.304378269985493943e-01 6.974038891378328553e-02
2.329000000000000000e+03 1.249429919935647320e+02 -7.933888376803923670e+00 2.996778830761255841e-01 -7.712154165552354890e+00 -2.423214487045740329e-01 4.358486568311492171e+00 2.826224546465931631e-02 1.867876897012532011e-01 -2.464447761662520442e-01
2.390000000000000000e+03 1.172830186924107210e+02 -6.202692075725058984e+00 -4.311885599991064910e-01 -6.143230027313892450e+00 -2.685457026143516640e-02 3.421995568669180088e+00 1.572807280539874619e-01 -2.276898678867525505e-01 -3.877837572959881296e-01
2.451000000000000000e+03 1.036259457564499655e+02 -3.198389708035380252e+00 -3.491654435025960401e-01 -3.523425967425125371e+00 2.441176985186004345e-01 2.767965576226928626e+00 4.528534073069668819e-01 1.171275446740795423e-01 -7.774295648324450192e-02
2.512000000000000000e+03 9.016385749330814292e+01 -3.090874414504571455e+00 -1.929475806723106313e-02 -3.063691609103023961e+00 -2.248634465620952816e-01 2.767398070403940924e+00 -2.831520644997445602e-01 -3.411523676019013185e-01 5.414991252786108822e-01
2.573000000000000000e+03 8.048753680934572685e+01 -3.714728261736641723e+00 -1.850369872586093700e-01 -3.276626677103326113e+00 4.881085795110462477e-02 3.069692508945111697e+00 2.911823322536863934e-01 -1.890148637253102892e-01 6.501592080461723877e-02
2.634000000000000000e+03 7.720469814359834970e+01 -4.308792312782493639e+00 -4.998143559752046272e-01 -4.087116015848342165e+00 -9.114195938986723033e-02 2.059826664846418964e+00 1.734264323035945576e-01 3.552388666278724627e-02 1.992326179024492827e-01
2.695000000000000000e+03 7.337723100373401053e+01 -3.495352248437379572e+00 1.245200331517889586e-01 -3.467212142653369078e+00 -4.490522616778802600e-01 1.868766858765199323e+00 -2.640922089180731125e-01 -6.240325448395850350e-02 -1.015012145994408643e-01
2.756000000000000000e+03 6.476537737277476481e+01 -2.007265124788279564e+00 -5.302869398406425683e-01 -1.730075545882376442e+00 -5.899532738676233068e-01 1.683833808704078727e+00 -3.360429985648278883e-01 1.342956298058109454e-01 -1.328642710618556100e-01
2.817000000000000000e+03 5.701782425471549232e+01 -1.507488884366245063e+00 7.962155788768521258e-02 -1.388026715666339728e+00 -2.152695031352589716e-01 1.353134485584795099e+00 -2.623766875763156037e-03 -2.581397550245138062e-01 -3.854974290942540516e-01
2.878000000000000000e+03 5.194106864686548874e+01 -1.472108774900894090e+00 -5.348706568795460470e-01 -1.669749091894154436e+00 -1.062465555811971107e+00 7.739685902330646350e-01 -4.668292642635425427e-01 3.221428260776774688e-01 7.756701312739949783e-03
2.939000000000000000e+03 4.819598586961826925e+01 -2.012884048393073666e+00 1.899222022525665077e-01 -1.547299074514841166e+00 1.918807623344733204e-01 8.455766345170054876e-01 2.424452770942647217e-01 2.927963141664297053e-01 -3.997302903308308508e-02
3.000000000000000000e+03 4.699726874823370792e+01 -2.092921358341908178e+00 1.289787280778514345e-01 -1.146799894692647648e+00 1.820889046766037689e-01 1.076898492967562238e+00 2.314633259516585273e-03 2.106991992063763919e-01 -5.155739093928838335e-01
3.061000000000000000e+03 4.369433164269389636e+01 -1.460964814333713058e+00 2.054417226163195442e-01 -1.759828161964242410e+00 1.827584232929981012e-01 4.085425592294356090e-01 4.385209055185081417e-01 -3.016098104237781019e-01 3.442572214285367638e-01
3.122000000000000000e+03 4.127061227052118397e+01 -1.339643803180722514e+00 -5.111884850043553197e-01 -7.559760848734473626e-01 -1.778683149818934828e-01 5.121597307464779147e-01 -3.960901498529374454e-01 -1.082644052011547536e-01 1.924600491307432992e-01
3.183000000000000000e+03 3.899314962292834963e+01 -1.377566276976231574e+00 -9.241169707472620676e-01 -1.038860712934972508e+00 -2.849245716546337792e-02 7.941906466973713830e-01 -8.012810259142449931e-02 2.788437794844607076e-01 2.820189454017361652e-01
3.244000000000000000e+03 3.766726211607176111e+01 -9.973072550309690643e-01 1.529824779152473002e-01 -2.760737579731784574e-01 1.110572945513721432e-01 4.023019179226250408e-01 3.902014889417134702e-01 -3.280304356383052511e-01 6.381242078546484064e-01
3.305000000000000000e+03 3.611385313844704115e+01 -6.997451701712111838e-01 2.667534143061133789e-01 -1.135344716340352056e+00 1.993883651157646042e-01 7.613671863491924263e-01 1.777401832621882949e-01 -4.657221974959124128e-02 -1.553599803655658640e-03
3.366000000000000000e+03 3.562448300455224626e+01 -1.194251666085976105e+00 -9.041686333879914161e-02 -1.038747761657693669e+00 -6.943578723733467850e-03 5.150431391815862847e-01 -8.682956330877653617e-01 -1.036729530774115893e-01 -6.881284158389344707e-03
3.447000000000000000e+03 3.406151206798068642e+01 -3.566945346771351333e-01 -1.847022014871546602e-01 -3.606859234104035083e-01 -4.357731755855419609e-01 8.848770174504938524e-01 2.373937758985601998e-01 4.329381391519635525e-01 1.669825621924014014e-01
3.548000000000000000e+03 3.307505447618008532e+01 -9.493689278236181472e-01 -5.378041945874170171e-01 -5.461879804010317807e-01 -1.406704903134644302e-01 5.063715063432039365e-01 8.479313521105594220e-02 -3.709391242581669967e-01 -7.013793318870651383e-01
3.649000000000000000e+03 3.279524398743414793e+01 4.197761972751181542e-02 -6.359267615330358447e-01 -3.779069702158374122e-01 3.299885858279155704e-01 1.047514329268808275e-01 2.619938380743530582e-02 -2.475132019908283243e-01 3.064352067159527571e-01
3.750000000000000000e+03 3.208915436464315718e+01 1.299919616690172197e-01 7.542670940085576259e-01 -1.090330112028269349e-01 3.623660870657129385e-01 -5.470540121288727797e-02 3.229635239066060981e-01 -6.673451181171988211e-02 -1.859443277939062666e-01
3.851000000000000000e+03 3.256321104226613983e+01 -3.086227592193868108e-01 4.130964016809748895e-03 -4.715760179728381019e-01 -7.540655016584744130e-01 2.794323282923972807e-01 3.838515817874229574e-01 -3.543017194156115601e-01 5.481002782391842798e-01
3.952000000000000000e+03 3.406535363439495256e+01 -3.194193820196872258e-02 1.079444946087624729e-01 -5.162715559256184639e-01 4.202778228139970595e-01 3.460638124474826882e-01 2.665290038857510702e-01 1.354158289801173365e-01 -5.003130773302628675e-01
4.053000000000000000e+03 3.365466306612446346e+01 2.511740700129863613e-02 -3.344574693383567388e-02 -1.925311084922001759e-01 -2.527314816398897046e-02 -4.731307063026308768e-01 -3.926550834448979677e-01 -1.829106376579024418e-01 -2.480111839389858852e-01
4.154000000000000000e+03 3.472825525519125023e+01 -8.334501892536140266e-01 -5.582510971110787867e-01 5.050882300665847646e-01 -9.209640952994857521e-02 8.348989411712712805e-01 4.157887925613932278e-01 6.458932896424800507e-01 3.561851298991647874e-01
4.255000000000000000e+03 3.519209463188978759e+01 -1.605792475700412170e-01 2.246455054901403681e-01 1.854096599512707610e-01 -3.095518474884323412e-01 -4.381329159526373140e-01 1.473617180410704830e-01 6.974003993143644831e-01 -7.916953950246883309e-01
4.356000000000000000e+03 3.586179356039729527e+01 9.428052309201231593e-03 5.204341739390417887e-01 -2.431303185365259467e-01 5.321161224566212100e-01 -3.339894475034194121e-01 2.980210421736305682e-01 6.961476684103268253e-01 7.813706942421767554e-01
4.457000000000000000e+03 3.670503932807086045e+01 -4.726567058585117165e-01 1.020183255806244582e-01 -7.504513171311646413e-01 -7.940532734850698215e-01 -2.903095998692586943e-01 2.699227041044134356e-01 -5.080037619312425257e-01 6.908232815740666943e-01
4.558000000000000000e+03 3.882632391987583986e+01 9.329578103263985733e-02 -3.572853853414555414e-01 -2.407921855596603100e-01 -3.443166209388741628e-01 1.288645142055808712e-01 -3.218523529854681042e-01 3.260697470583344693e-01 -3.248893807234118358e-01
4.659000000000000000e+03 4.031116161622659178e+01 -4.018745474567689269e-02 -9.783156618588383369e-01 5.208591431143294592e-01 1.545823491266135052e-01 -9.327294669958774431e-01 -1.069805653267054790e+00 -5.178567001905134415e-01 -1.388715054914553826e-01
4.760000000000000000e+03 4.182599749347009777e+01 -4.279992410328437025e-01 -3.525079801321622242e-01 -4.497416313140529809e-01 1.198504658025181108e-01 2.293252697531132922e-01 -5.877571506952062874e-01 -3.948955633876664595e-01 4.486315426589122524e-01
4.861000000000000000e+03 4.304058056798535858e+01 1.979837128819990910e-01 -5.410569444642990972e-02 8.390909703636175720e-01 -6.374267249221525766e-01 5.905922488573990270e-01 -1.559942946481908677e-01 -7.565159064168305303e-01 -1.392608049227876510e+00
4.962000000000000000e+03 4.254548352802692079e+01 6.736222580995462894e-02 2.388178948753233999e-01 -4.673193477310023103e-01 -4.764125630987903204e-02 -2.145098660227499288e+00 8.513643936499629694e-01 -8.685830421503233367e-01 1.419994778537403857e+00
5.063000000000000000e+03 4.431390757392821911e+01 1.107305347286498654e+00 1.422391052765426434e+00 -9.064648586866351776e-01 -1.114159261553246960e-01 1.254251322740254748e+00 7.899014079209579764e-01 -3.665165686270651646e-01 -4.376975526521840187e-01
5.164000000000000000e+03 4.785139117569852374e+01 -1.019754810943642176e-01 -2.779186706012248820e-01 3.945866586775607643e-01 -1.160160713819796907e+00 4.651570511631889504e-01 -1.455887897389749330e+00 1.665863821100153741e+00 -1.872615452088401966e-01
5.265000000000000000e+03 4.630303119001874279e+01 7.767704404561370790e-03 -4.495843866857377469e-01 1.367280747407054964e+00 3.643020242435409672e-01 -9.676357040351921679e-01 4.575357084189303758e-01 -4.038035116492906251e-01 3.124116061895386709e-01
5.366000000000000000e+03 4.928646085127027021e+01 -1.001027247067155290e+00 2.950963639656773441e-01 1.179148096557237180e+00 -2.533245968373459167e+00 1.722823811902285840e+00 1.122152632345488898e+00 -1.174829442265174606e+00 5.507130585107762322e-01
5.467000000000000000e+03 5.152385980756557160e+01 -2.080428548959298851e+00 -3.006673591717979321e-01 -2.418560638210047742e-01 8.189891660871706502e-01 -3.332538788999531709e-01 1.116981480639577473e+00 -6.805030580220574610e-01 -2.555213262051679868e-01
5.568000000000000000e+03 5.369082394297549854e+01 -6.863491266289361015e-01 -4.692902096555252589e-01 -7.252536290093525295e-01 -9.581372672972294779e-01 2.220277376276274861e+00 6.224352682676327353e-01 2.462939349685878965e-01 -2.377527551722995902e+00
5.669000000000000000e+03 5.590190718817645887e+01 -1.017510628132958783e-01 -3.983644038787753083e-01 -9.505897432261167790e-01 1.135779628967566124e+00 -9.409607764037499766e-01 7.900728963084524548e-01 -2.933684624970148036e+00 5.145170220014118057e-01
5.770000000000000000e+03 5.572958244468132705e+01 1.443462902163989092e+00 -7.682774389105236912e-01 7.861878379955432594e-01 1.865226655360521901e+00 1.390759877357340690e-01 -4.545920487803316590e+00 4.744774975431494957e-01 -2.119711978594601476e+00
5.871000000000000000e+03 5.759610292192300562e+01 -3.940522433698055438e-01 1.406392014024415715e-02 -1.034453427518593482e-01 -3.177335443068174392e-01 -1.598625360063593348e+00 -6.255159848649128884e-01 3.434832584950736400e+00 7.863160447972233902e-01
