# l Dl_TT Dl_TE Dl_TB Dl_ET Dl_BT Dl_EE Dl_EB Dl_BE Dl_BB
7.050000000000000000e+01 1.922390342350469382e+03 -4.168774468742621586e+00 -3.172111069342652967e-01 -8.015543387385742236e+00 3.381964979186106834e+00 3.167920420892567090e-01 3.782036654863961400e-02 1.802920272267329732e-02 9.992020764352444948e-03
1.065000000000000000e+02 3.169311830156581436e+03 -2.684816817959633539e+01 -1.559599286262101536e+00 -2.889916224482472273e+01 -1.022614093022462090e+00 8.390175656290941308e-01 2.322238073814486894e-02 1.789207230606032484e-02 -2.197113018889122055e-02
1.425000000000000000e+02 4.281490667256336565e+03 -4.351817640434110501e+01 4.785668854863067700e+00 -4.825400651893774295e+01 2.900180456584453559e-01 1.084773408515303128e+00 -4.536476555566382185e-02 -6.869746297800598776e-03 6.872473344606298828e-03
1.785000000000000000e+02 5.165422192671741868e+03 -3.484020362087662193e+01 -9.180265971807722858e-01 -3.129018045290760242e+01 9.879911813506687679e-01 8.678317507379192941e-01 -1.781792195892725056e-02 2.394726417172304833e-02 -2.502996805242945627e-03
2.145000000000000000e+02 5.788053999372123144e+03 4.350949603353265971e+00 -2.997440198709536929e+00 2.432562363296789876e+00 -1.437018849365632178e-01 7.436525601899399707e-01 -4.141443142516150477e-02 -1.195407762251164165e-02 1.251004971397339308e-03
2.505000000000000000e+02 5.252248305981402154e+03 6.543853358382045826e+01 1.090597198023505632e+00 6.151574368952054073e+01 2.932147373049260874e-01 2.552220147415311224e+00 3.692907512298704981e-02 2.127368381260487731e-02 2.495472845357752864e-03
2.865000000000000000e+02 4.604568034555682971e+03 1.098194470933035234e+02 3.535545231224966889e-01 1.096090554488272346e+02 -8.252632798023475935e-01 6.737688550639122198e+00 -1.557352898670387280e-02 3.480039269548980407e-02 2.690605689467206324e-02
3.225000000000000000e+02 3.343597674316776192e+03 1.146047843765171592e+02 -1.760627631471616272e+00 1.144282753359838978e+02 -3.133261629265806647e-01 1.307396133399382165e+01 -7.925370194202854823e-02 -4.078526815074503403e-02 5.459365735244099682e-02
3.585000000000000000e+02 2.277235624706057024e+03 7.804349124470206789e+01 2.196862539237642853e+00 7.884157976558250880e+01 1.891565251287216975e+00 1.911230148889665514e+01 3.483027462426104837e-01 -1.023618849855052054e-02 4.730705583840994627e-02
3.945000000000000000e+02 1.815951593769015744e+03 1.071178323051730708e+01 -7.409833934806495659e-01 6.649093701684903657e+00 4.616113206406474712e-02 2.103835732316026963e+01 -1.566462749262801102e-01 6.849124101058687297e-02 9.665924418506169347e-02
4.305000000000000000e+02 1.757853294670492232e+03 -5.028221977121033603e+01 1.603943997340264271e+00 -5.227213419514318105e+01 -2.329858992504596493e-03 1.917828955264031521e+01 -1.252302136295561918e-01 -1.421742063665766900e-02 9.762099007346422552e-02
4.665000000000000000e+02 2.140141765966005551e+03 -7.336248271926862685e+01 -1.063928457932048488e+00 -7.421050578389528596e+01 2.884039222826155768e-01 1.338187247839742611e+01 6.319640594351125240e-02 -1.247776073057768748e-01 3.807755446343947386e-02
5.025000000000000000e+02 2.435966203324211619e+03 -5.626767098724721450e+01 -3.116332875060865426e+00 -5.631333001467537258e+01 8.670834314099962192e-02 8.222469563904446943e+00 1.440204179647724958e-01 -4.285631113240818447e-03 1.034507260094355979e-01
5.385000000000000000e+02 2.615358048417258942e+03 -1.257753823965486006e+01 -6.371128529373630833e-01 -1.433299312797390357e+01 -3.949576956663566341e-01 7.548210196810208217e+00 -4.749841833013025705e-02 1.583577000543085617e-03 7.572873577328514960e-02
5.745000000000000000e+02 2.421624064818112856e+03 2.088189609794929424e+01 1.885115671347636690e+00 2.145025710052114931e+01 2.082330700495803044e-01 1.289285537118181857e+01 4.753350304312149027e-02 7.456803464558779682e-02 5.672811096541138798e-02
6.105000000000000000e+02 2.139639345151793350e+03 2.729522952092384713e+01 1.864520290881704234e+00 2.450111671810628167e+01 6.385072964846952859e-01 2.253779680464484159e+01 1.004132261420258854e-01 3.115234416294069414e-02 6.045260284070960721e-02
6.465000000000000000e+02 1.879083708154533269e+03 -1.179848729597015478e+01 -7.125813062875401283e-01 -9.751161040595750507e+00 -5.922350281174962872e-01 3.254061144636449399e+01 -1.197645376376579585e-01 1.207288179275001760e-01 6.915129038593681443e-02
6.825000000000000000e+02 1.829493209097730414e+03 -6.900165259061071765e+01 -1.599239622083845624e-01 -6.750304310285798692e+01 4.989664927391338489e-01 3.725098192734126457e+01 5.479212575966957433e-02 -8.974187769292554795e-02 5.143236818083295192e-02
7.185000000000000000e+02 1.964733842887738319e+03 -1.152768807547842158e+02 -6.808452268588469636e-01 -1.161086835170008271e+02 -5.781839403302218017e-01 3.482078855303043952e+01 9.591270623299810727e-02 -6.392225143410462662e-02 5.805520342448231008e-02
7.545000000000000000e+02 2.261592999347707973e+03 -1.313966648788893963e+02 -7.177909095855403709e-01 -1.307501393199003417e+02 -7.407174300944924239e-02 2.681457773471723272e+01 -8.267722333186972028e-02 -8.484233193933457540e-02 4.009482703998042130e-02
7.905000000000000000e+02 2.473948761252919212e+03 -1.053462585554778173e+02 -2.230886618465457882e+00 -1.040211619495499491e+02 -4.450646629221068906e-01 1.761576320921366090e+01 -7.914774610147176648e-02 -7.824055564855995903e-02 7.580278247968015581e-02
8.265000000000000000e+02 2.512902110227219964e+03 -4.133553016337347685e+01 -5.056835027124089166e-01 -4.357317818519870656e+01 -3.875148852890046292e-01 1.271730380377884728e+01 5.704675675793430961e-03 6.639702746088972651e-02 1.261394082219211565e-01
8.625000000000000000e+02 2.274187232433886493e+03 1.707591715630246654e+01 -1.985149292577786273e+00 1.723446118579440167e+01 -5.355973882452468304e-01 1.497819201344310613e+01 9.047753505158415144e-02 -3.458813086572555540e-02 1.533350959155340976e-01
8.985000000000000000e+02 1.953953068032553801e+03 5.835818045215557959e+01 1.043467597133265201e-01 5.708807326330706644e+01 -6.814605938874369606e-01 2.362404950760250344e+01 -1.826885382583350870e-01 -1.092848262581670310e-01 1.074346050625630822e-01
9.345000000000000000e+02 1.521160310370813704e+03 5.260687591223653214e+01 8.086347410245691147e-01 5.052899192806339101e+01 -4.228013145113005411e-01 3.392504496404135494e+01 3.187234798057111962e-02 2.778466440915721564e-02 1.628477905564676143e-01
9.705000000000000000e+02 1.191830655747403853e+03 1.857293423377315378e+01 9.377489322370777813e-01 1.691619445719796389e+01 5.958141066656917895e-01 4.074263716110579026e+01 -2.712682765208618285e-01 1.417409554620449041e-01 6.072707757496344227e-02
1.006500000000000000e+03 1.057822447077895049e+03 -3.217506247119021623e+01 6.206056189229458564e-02 -3.178871953053098665e+01 -1.908660871560179939e-01 4.070952165581046245e+01 1.030107965553681559e-01 -7.760135961136722937e-02 2.333154777869272944e-01
1.042500000000000000e+03 1.070145770673838342e+03 -7.029968002584291753e+01 1.820759428836265625e+00 -6.825049037810214259e+01 4.187185858234379054e-01 3.526632565391701490e+01 1.317696900816522354e-01 -1.141591225309972479e-01 1.727272874933073396e-02
1.078500000000000000e+03 1.162019138325437780e+03 -7.757194054128436278e+01 -1.178268723049090916e+00 -7.930754382206146147e+01 5.326246454133234387e-01 2.570997273857146581e+01 2.560305576554570139e-01 1.135506968816591550e-02 1.064037496646806774e-01
1.114500000000000000e+03 1.246822507500207394e+03 -5.868182712325707939e+01 -4.786981901129319650e-03 -6.050786173279279012e+01 8.135612400635273689e-01 1.704647870405519683e+01 1.745982308115522907e-01 4.372388936003861193e-02 8.047948959719553041e-02
1.150500000000000000e+03 1.223408761433796371e+03 -2.880093558634832718e+01 4.776172342627944545e-01 -2.818277693301573095e+01 -1.390799609114728441e-01 1.352375382285500294e+01 -2.258064873323051558e-01 9.399147074417416037e-02 1.051765657838458212e-01
1.186500000000000000e+03 1.105073859003021425e+03 -3.362494664862625271e+00 2.367830362660425791e-01 -2.931416371805960708e+00 3.578450963968627385e-01 1.585864119786843673e+01 1.767378269972370852e-01 6.992306049964448766e-02 1.931368659311528679e-01
1.222500000000000000e+03 9.528294793495233534e+02 4.741620713235132456e+00 -4.579619692509088180e-01 5.301584359100191435e+00 3.743592382500151583e-01 2.105255195242362021e+01 -8.182987059589753864e-02 1.322587639524858139e-01 2.318218779771025195e-01
1.258500000000000000e+03 8.019206886944422195e+02 -5.191583314154231132e+00 1.043800990361184233e+00 -6.552219429303823617e+00 -2.482196543143810885e-02 2.748979636172038710e+01 -1.960230856548567935e-01 1.453049617847275987e-01 -3.222568656817485777e-02
1.294500000000000000e+03 7.409842972995548962e+02 -2.861471263420468247e+01 1.171312523419272500e+00 -2.943080917234728133e+01 -2.977622047314432141e-02 3.063865944176544787e+01 -2.458602569551685268e-01 3.117572862556069677e-02 1.200593555207201957e-01
1.330500000000000000e+03 7.363859102687202949e+02 -5.025879708176459815e+01 -2.916244330601163726e-01 -5.099910032085135470e+01 6.527749151887181078e-01 2.870443676740310579e+01 -3.154396354371271638e-01 -6.940184880204128270e-02 6.456801959502336818e-03
1.366500000000000000e+03 7.832217168523470718e+02 -5.938922180021774011e+01 -5.642061036056211787e-01 -6.170870558664540795e+01 2.031306052248628702e-01 2.311400241455735483e+01 -3.944602836724022676e-01 1.293208898339588686e-01 1.194066675132481881e-01
1.402500000000000000e+03 8.127040248700318443e+02 -5.249459480478778772e+01 -2.634159927518455180e-01 -5.334691419359964470e+01 3.294975122636498721e-01 1.722420155985437518e+01 2.303444463728514524e-01 -6.516645837531173657e-02 2.427744591544954422e-01
1.438500000000000000e+03 8.203461474754915344e+02 -3.625265330836914046e+01 4.405514878471766815e-01 -3.390507351935939084e+01 4.038521780140386097e-01 1.249432375724583366e+01 -2.110082261460300701e-01 -7.446702783089904909e-03 6.943446530960130370e-02
1.474500000000000000e+03 7.628148774172643698e+02 -1.288557316018375509e+01 1.244051626874452587e+00 -1.389091153200702244e+01 -4.278078877451454987e-02 1.175817572402431210e+01 5.183038638135461368e-02 -4.996165587627902221e-02 2.145244799880381414e-01
1.510500000000000000e+03 6.652628702486247221e+02 3.305392887526505952e+00 -4.040460199047152812e-01 3.137244698662829290e+00 2.635339055356278326e-01 1.364987995631701523e+01 1.036690207268803204e-01 1.450647236864769651e-01 1.141275859717932883e-02
1.546500000000000000e+03 5.524434568066074007e+02 5.670909463133791739e+00 2.534975456866096488e-01 5.751588317145191809e+00 -2.867114811269325658e-01 1.694623603301049641e+01 2.549872022748188582e-01 5.671183664953055592e-02 2.302322072108800577e-01
1.582500000000000000e+03 4.588075811017716887e+02 -1.433654288264312404e+00 6.162745282209713960e-01 -1.422587515600418850e+00 -7.291926535757284888e-01 2.042231342385602488e+01 -3.565499793842703824e-02 -1.822769203634427571e-01 -6.105552932667602378e-02
1.618500000000000000e+03 4.131131663374400205e+02 -1.462922538380302839e+01 2.781334302402141967e-01 -1.382358967887240198e+01 2.017521397601506616e-01 2.048243460983162834e+01 1.216170503913286682e-01 2.432839439136302850e-01 1.984877826634707798e-01
1.654500000000000000e+03 3.935299395766490989e+02 -2.473809780850208639e+01 -4.398773281526875412e-01 -2.475997343488748470e+01 -4.512419729170233929e-01 1.862836518742998848e+01 1.234914696459612216e-01 -5.773155393100724148e-02 -7.031134593572023472e-02
1.690500000000000000e+03 3.992638632952110811e+02 -3.072776042885141123e+01 1.834010226832666346e-01 -3.049170542330355005e+01 -1.887108682085987255e-01 1.476318855555529019e+01 -1.659165843534241014e-01 -1.000657696045601369e-01 2.049146962850664777e-01
1.726500000000000000e+03 4.071802299567755199e+02 -2.580497293577489160e+01 4.712031066743127550e-02 -2.681124021255744339e+01 2.861740501672491721e-01 1.079105516582695579e+01 -1.556405342680888260e-01 -1.754336267128603910e-01 1.924734439522140239e-01
1.762500000000000000e+03 3.964451840116391850e+02 -1.766592215656625697e+01 1.520245607824712408e+00 -1.898433681069458601e+01 1.958386785542139963e-01 8.771019729763025907e+00 -2.142206370537915600e-02 -2.413093514655478555e-01 4.298426263647559670e-02
1.798500000000000000e+03 3.685147354492323757e+02 -1.054502907342736151e+01 3.584618297391226616e-01 -1.010017630639431907e+01 -2.914623073910588835e-01 8.011624581212631213e+00 -4.397721711057152316e-02 -6.873577324811902534e-02 2.320049778136778484e-01
1.834500000000000000e+03 3.259725237642991829e+02 -3.727745028540198735e+00 8.884475969780711302e-02 -4.859892353314296365e+00 6.645698977230389826e-01 8.594029942336810279e+00 2.312156922828405570e-01 4.425163142888428186e-02 -1.174994159067619809e-01
1.870500000000000000e+03 2.878411732169034849e+02 -5.281244540311803348e+00 -4.499322528008335986e-01 -6.797807120537161296e+00 2.092850113734485706e-01 1.005347457460993610e+01 -2.165922807710694009e-01 -3.421171708545662354e-02 -5.925754773423968363e-02
1.906500000000000000e+03 2.585630069733708751e+02 -9.402281058325154817e+00 6.319280892205765277e-01 -9.473098178613199138e+00 -1.345646316931148334e-02 1.060631899444315707e+01 3.840408723031849686e-02 2.389721543835075512e-01 1.241359546120233553e-01
1.942500000000000000e+03 2.395620717190519713e+02 -1.457116209495564618e+01 9.942227424755245568e-02 -1.457575669175959376e+01 5.891688552650085064e-01 1.106180828839079666e+01 1.181690772002902123e-01 -2.101238435646915204e-01 -3.324183818536331075e-02
1.978500000000000000e+03 2.425749231493541060e+02 -1.770260978120084872e+01 -9.710040215857310697e-01 -1.833076513183697998e+01 -6.216544625064543972e-01 1.007182436001927961e+01 1.989587137284728746e-01 6.435042430357953980e-02 -1.521449877377614168e-01
2.014500000000000000e+03 2.443930694399665526e+02 -1.794055138032101837e+01 7.143697679756975116e-01 -1.730489135346310547e+01 -5.711271735678119521e-02 8.376510133424520888e+00 -1.116874396223058452e-01 5.997916501545247359e-01 7.287173370196958766e-02
2.050500000000000000e+03 2.337210056223795505e+02 -1.425142978373834524e+01 -1.382437001950176103e-01 -1.414074612910218143e+01 2.199553915676840665e-01 6.073141535143612657e+00 1.085110292831537732e-01 -2.474772059929326862e-01 -1.257265654706002378e-02
2.086500000000000000e+03 2.276723421376144358e+02 -1.086247506894757464e+01 -6.710089141129742529e-01 -9.135775975165319807e+00 4.936092517161839166e-01 4.948171076674112712e+00 -8.478925783955673645e-02 6.081374136526852825e-02 -1.015687069498938389e-01
2.122500000000000000e+03 2.016608304279867525e+02 -4.024320865221359789e+00 2.221277244624052516e-01 -5.366227884372202439e+00 1.568257612047742611e-01 5.139673170460270057e+00 2.010030125174265270e-01 1.796050119649277022e-02 -1.701734637159695862e-01
2.158500000000000000e+03 1.823054635749546435e+02 -3.194283833262590910e+00 -6.074765227475309448e-01 -3.107516384855422586e+00 2.199697150860681072e-01 5.518120672396397808e+00 3.928667985176235999e-02 -1.245234455332979717e-01 2.253900662247522169e-01
2.207000000000000000e+03 1.507436340016961935e+02 -3.723456469633541932e+00 7.909267456419022402e-01 -3.901036882851397714e+00 5.362815345384709664e-02 5.918373571800480626e+00 -2.950891926489519757e-02 -9.354064606138703941e-02 1.962138452655959597e-01
2.268000000000000000e+03 1.301352681166746947e+02 -6.825839918214956725e+00 -3.958003190884071820e-01 -6.988677687152444307e+00 -1.735803483874995834e-01 6.019449012378829345e+00 -2.125609946274303885e-01 1.528457599493517338e-01 -1.892081247033958746e-01
2.329000000000000000e+03 1.256684532144841739e+02 -7.411350218378193411e+00 2.111953295649240669e-01 -7.923727265589427304e+00 1.634869536901082110e-01 4.415298419950692832e+00 -1.153877113691626349e-01 -3.887307062490298337e-01 1.757992410400007199e-01
2.390000000000000000e+03 1.179104265204683770e+02 -5.126323283789165686e+00 2.078624902445129763e-01 -5.642559572585330585e+00 1.259972842060289033e-01 3.120712326607945286e+00 1.709111611478619230e-01 1.942556207781517275e-01 1.546865475057776496e-01
2.451000000000000000e+03 1.042216728728036088e+02 -3.465966326995632230e+00 -1.881573003335132721e-01 -3.870394878914795278e+00 7.330252373774148733e-02 2.900596924736404958e+00 -9.060678625543576448e-02 3.516988529205425373e-02 4.616967587006216012e-01
2.512000000000000000e+03 9.032908252936840654e+01 -3.046139030336699083e+00 3.351864211058128706e-01 -3.036669107477661278e+00 -7.777407939721310559e-02 2.941585478790494701e+00 4.136103871669560839e-02 4.040981948405626689e-02 -3.174997906141872606e-01
2.573000000000000000e+03 8.256864615867982593e+01 -3.789604299886263128e+00 -3.773722132256945860e-01 -3.785921945654967757e+00 3.228807422091827806e-01 2.988353927161162105e+00 3.127007467962910070e-01 2.059779314965125008e-01 2.353026263469837343e-03
2.634000000000000000e+03 7.766968913482581627e+01 -4.383635236953200121e+00 -8.069963179882191917e-03 -4.194622459945311022e+00 3.345755713280069710e-01 2.534303008082148700e+00 5.072681004117147729e-01 -2.699624262051749657e-01 1.369538697588459641e-01
2.695000000000000000e+03 7.263011468568586793e+01 -3.786473072540031293e+00 -7.739232644502885838e-02 -3.541261888055678764e+00 6.364832144867587083e-01 1.794617721807203692e+00 -4.981741334390565878e-02 -4.648687722044680254e-02 -7.946052543322980333e-02
2.756000000000000000e+03 6.501302737321792335e+01 -2.324157481918775581e+00 2.761791485585669004e-01 -1.919586073105909119e+00 -7.543138587771736070e-02 1.933315200619378338e+00 -1.144267839827302069e-01 3.477648311383904067e-01 7.516549111058284938e-02
2.817000000000000000e+03 5.821054368430370118e+01 -1.598447062497452720e+00 1.280585645784184101e-01 -9.140757523266146434e-01 -4.445940478213311065e-01 1.643242915626557554e+00 -1.228373446412302228e-01 -4.035491930192552923e-02 -2.097826727292174120e-01
2.878000000000000000e+03 5.051576251164421194e+01 -1.718854074096625162e+00 -1.211201681283785407e-02 -1.452072940222878028e+00 4.236431365947984085e-01 1.514857643089149386e+00 1.175696152031268371e-01 1.044444114284179548e-01 -9.993806780130681799e-02
2.939000000000000000e+03 4.878610206562524354e+01 -1.764944100931842730e+00 -8.841216467711465743e-02 -1.709832005988691783e+00 -4.281904434382660107e-01 1.484565642339585434e+00 -1.273488768262678317e-01 5.017182402102192684e-01 -1.537865730918589469e-01
3.000000000000000000e+03 4.698608831785227835e+01 -1.646412267732792589e+00 1.981603661975283592e-01 -1.099758573381140137e+00 8.281429190896086312e-02 1.209194363830684793e+00 -4.770688031111092187e-01 -6.837827777429927867e-01 2.261869626886159057e-01
3.061000000000000000e+03 4.335582269945585665e+01 -6.999465591056555080e-01 1.617931300755367230e-01 -6.381643045568903272e-01 1.243163823874328666e-01 1.185659947585013363e+00 -9.809279338975812612e-02 -5.345308992509161250e-01 1.103266747878615950e-02
3.122000000000000000e+03 4.124074658381111647e+01 -9.099860978704106262e-01 -8.459367476395482921e-01 -1.213146737745355308e+00 -2.567946884506994154e-02 1.116222871161108632e+00 -1.428452775160612420e-01 -1.406882767309798332e-01 2.432373625489414604e-01
3.183000000000000000e+03 3.959937527853026040e+01 -1.054254049608025934e+00 -2.474688358310184189e-02 -1.179847875468266638e+00 -2.779082487699695569e-01 1.374371095816169452e+00 4.406764043120789398e-01 5.346633559440223671e-01 -2.018211548399470590e-01
3.244000000000000000e+03 3.783219014869106189e+01 -7.936107368088032299e-01 2.681288384938248504e-01 -4.031437944928605299e-01 -6.109224724191952838e-03 -2.120699042648639676e-02 -1.688241857959688064e-01 2.572339395063832357e-01 -1.924355552731368268e-01
3.305000000000000000e+03 3.698407808023743826e+01 4.553202402800674009e-02 3.164113720937829499e-01 1.732618041641607876e-01 -3.585190759166673180e-02 8.244954439057703421e-01 -9.760082633141839437e-02 -2.145456742103454273e-01 -1.430748915007695188e-01
3.366000000000000000e+03 3.646180457722751100e+01 -1.741051791631845092e+00 2.364463795863715190e-01 -7.850831363017660713e-01 5.450341324335712390e-01 2.782549161336528298e-01 -9.063866891388897007e-02 -4.948811017622408714e-01 3.356722727878537760e-01
3.447000000000000000e+03 3.376468399117588604e+01 -8.442977873284883417e-02 -1.820165810979481880e-01 -8.205574367745012143e-01 1.652069032623854627e-01 -1.632296550686246905e-01 -6.327715774985925856e-02 -8.849091719650419019e-02 -2.650621049002808149e-01
3.548000000000000000e+03 3.269882624772817792e+01 -6.592688485582098856e-01 5.983959104960703823e-03 1.243414697141104336e-01 3.623520135372787498e-01 4.961504357296020462e-01 -1.659793557272091213e-01 -2.599820325402014687e-01 1.774418277118969545e-01
3.649000000000000000e+03 3.266680444991459353e+01 -8.274920062662152187e-01 -2.176990853288949812e-01 3.487257361238410569e-01 4.704509130594831667e-01 5.794984383279107032e-01 4.858497369364337404e-01 3.839689987463991150e-01 -3.614794771222111791e-01
3.750000000000000000e+03 3.251209110966401283e+01 3.318806072275407026e-01 -6.744101118427339725e-02 -6.390128400342259818e-01 3.784508039418045811e-01 -7.797060964333207833e-02 3.148687643209076570e-01 2.608313822835751639e-01 1.666050663812914112e-01
3.851000000000000000e+03 3.334559954556983286e+01 3.516663609622545095e-01 4.421182055704614422e-02 3.687681698284059340e-02 6.399336203950918289e-01 7.320641489883339403e-01 -3.501287081135974200e-01 9.538822120051293485e-02 4.878044611861856450e-01
3.952000000000000000e+03 3.338827846130575949e+01 1.196238392914130422e-01 4.030025818936747162e-01 -1.908790332440949977e-01 -7.282045196347461391e-02 5.975696446967000419e-01 -3.870604188395021517e-01 -1.198851951328731985e-01 -7.164712586842748587e-01
4.053000000000000000e+03 3.414072809141396192e+01 -2.171726966407823145e-01 -1.368335326297771479e-02 7.595521257987147834e-02 -1.940929315223936524e-01 -4.639217169800931573e-01 -8.339086061133216266e-02 -9.252566983297455527e-01 2.664232655314022202e-01
4.154000000000000000e+03 3.487572467999728332e+01 6.198482882471461064e-01 -2.513269718762057292e-01 1.097727722712178000e+00 1.371732209451522189e-01 -7.298217757484939394e-01 -2.723002112813356357e-01 3.916861066350902365e-01 9.625378209057151579e-01
4.255000000000000000e+03 3.512956753328663950e+01 6.411719882858737396e-01 1.197394694278723359e-01 1.379194869084469921e-02 -5.407189591082059987e-01 2.991005605125929834e-01 4.956731676643830742e-01 6.444894590793406874e-03 -3.778559312189282843e-02
4.356000000000000000e+03 3.637370551192911705e+01 -7.886606046080206767e-01 2.711704728684716237e-01 1.852271308942042005e-01 -4.291245906624208128e-01 -3.780957040371390465e-01 9.082989390684941267e-01 -6.293253724602487775e-02 5.758922835144847374e-01
4.457000000000000000e+03 3.767753797885474398e+01 7.083427858575538916e-02 -9.469803734957427110e-01 1.326572610230687621e+00 1.723304391203955288e-01 -5.416850440340993389e-01 3.221828234358662391e-01 -1.229148346969257122e-01 -9.962257807538446031e-01
4.558000000000000000e+03 3.839575488588970131e+01 -7.699167527418273801e-03 -4.460733432163688228e-03 -3.198698377915929481e-01 -3.425344371820764899e-01 -6.191265491967544721e-01 5.464265960889240770e-01 1.702438488318974708e-02 1.314472499788389703e-01
4.659000000000000000e+03 3.914918292422885315e+01 -4.082670319441031315e-01 -1.090748499202045529e-01 -4.496853946492003207e-01 2.929004961815641628e-01 -1.078794216535380990e+00 -5.957096757110778018e-01 7.732863295651574154e-01 -3.630306142581788409e-01
4.760000000000000000e+03 3.943643675500139523e+01 -9.284374597646054550e-01 6.151907580304539769e-01 -6.438899867612200012e-01 -9.629453591780341437e-01 -4.994505189643796417e-01 8.407581184171709632e-01 -1.417327587747686524e-01 -6.041304201242669869e-02
4.861000000000000000e+03 4.267972913369412424e+01 -1.054378227147427793e-01 2.891232624251641736e-01 1.136248793149758241e+00 -1.649011557110185988e-02 2.142338028917803172e-01 -8.055173855766289970e-02 1.112793364450834099e+00 -2.701622820329473429e-01
4.962000000000000000e+03 4.344821145393351003e+01 2.061568089250500613e-01 -2.214644895633540722e-01 3.426295059774734364e-01 1.299081705784535412e+00 3.223615629136705185e-01 1.853998986679941119e-01 1.216513145202616775e+00 4.620458426292951143e-02
5.063000000000000000e+03 4.477714236331607367e+01 1.288896543898589764e+00 6.862830414791983857e-01 4.763617489221713130e-01 -1.904672265492283190e-01 -4.341706945942499507e-01 -1.142056535104101656e+00 -1.515120998087298831e+00 -1.006415754502469007e+00
5.164000000000000000e+03 4.656423703985866780e+01 -9.385108515038325105e-01 -2.351939186403440019e-02 -1.095277474960082209e+00 -1.029254053738096086e+00 -1.900915596305126631e-01 7.380950699982045116e-01 -1.021784499303979299e+00 4.521735557308185771e-01
5.265000000000000000e+03 4.752820115035049753e+01 -6.195292735071414869e-01 8.035386976135532044e-03 1.932183842874098278e+00 -1.570282180765642854e+00 1.604214774051213155e+00 -1.221688883715118523e+00 -2.171879860424623665e+00 1.163018658753597334e+00
5.366000000000000000e+03 5.006084349150897594e+01 -6.787134878038008079e-01 4.290712269820063374e-01 1.147802445534647386e+00 -2.652180362366585165e-02 7.989639740722533912e-01 1.146129168189012476e-01 -9.330691089965643670e-01 4.659910176678727090e-01
5.467000000000000000e+03 5.218288919401408066e+01 5.049571065299085504e-01 1.306020142844042109e-01 -2.494519231794798841e+00 9.973347859381526126e-01 5.679047976146140986e-01 9.663092388765115448e-01 3.795074622020681021e-01 1.340026976363631217e+00
5.568000000000000000e+03 5.311750459977152161e+01 2.504042293339464598e-01 6.583211137985300887e-01 2.266259664024357079e+00 -1.680741682027875994e+00 1.260246962673597260e+00 -1.067745366278775698e+00 -1.103703404290695467e+00 -1.313423357862683050e+00
5.669000000000000000e+03 5.317477176362004343e+01 6.150315892240598714e-01 -1.189500082009131154e-01 -1.261721342501779031e+00 1.269539745758731797e-01 1.083073533717658465e+00 -1.722781958111784029e+00 -6.991027455978113814e-01 -8.303449803559320719e-01
5.770000000000000000e+03 5.652890300514663124e+01 3.705910273035009084e-01 3.040432339680494866e+00 -1.224437365400475042e-01 -1.017881015848956849e+00 1.475762900381187848e+00 -1.702506935672295940e+00 -5.718993812419596035e-01 5.764696883615407774e-01
5.871000000000000000e+03 6.037876520917379253e+01 -3.278853329547732898e-01 2.983992848019549893e-01 2.160379959851765896e-01 1.834169548939340810e+00 2.142576127520939622e+00 -1.050322553089824806e+00 -1.496089706956678755e+00 9.539287864880811041e-01
