# l Dl_TT Dl_TE Dl_TB Dl_ET Dl_BT Dl_EE Dl_EB Dl_BE Dl_BB
7.050000000000000000e+01 -2.365324665991414577e+02 -5.259088704661206037e+00 2.719992703853207239e+00 -5.259088704661206037e+00 2.719992703853207239e+00 4.669855252877131990e-01 2.678661911242230173e-02 2.678661911242231214e-02 -1.094849121665622815e-01
1.065000000000000000e+02 3.585771535827068419e+03 -2.277767125023779471e+01 -1.241812565139512881e+00 -2.277767125023779471e+01 -1.241812565139512881e+00 7.896904692600837938e-01 -5.534408145404526302e-03 -5.534408145404533241e-03 1.364490618269718902e-01
1.425000000000000000e+02 4.071980312057148694e+03 -4.628622958721467739e+01 -1.133178771604105961e+00 -4.628622958721467739e+01 -1.133178771604105961e+00 1.114607747913271663e+00 -5.510013850860649709e-02 -5.510013850860647627e-02 -2.759893873204820672e-02
1.785000000000000000e+02 5.720405582856036744e+03 -3.173745099502448852e+01 -4.084745910441318628e-01 -3.173745099502448852e+01 -4.084745910441318628e-01 7.883385715636097579e-01 8.466597219758763282e-02 8.466597219758763282e-02 1.235122095708155593e-01
2.145000000000000000e+02 5.604369279331769576e+03 8.135444970965240330e+00 -2.196262213168549859e+00 8.135444970965240330e+00 -2.196262213168549859e+00 7.809484004383502320e-01 3.659459401109824844e-02 3.659459401109820681e-02 -1.610691086061058139e-02
2.505000000000000000e+02 5.603426761661583441e+03 6.567139349684981653e+01 -4.658359923262324287e+00 6.567139349684981653e+01 -4.658359923262324287e+00 2.593565482411363199e+00 2.907551501564089452e-02 2.907551501564091534e-02 -2.742380971251984559e-02
2.865000000000000000e+02 4.443408993580247625e+03 1.072215015592798437e+02 -1.088643765201924296e-02 1.072215015592798437e+02 -1.088643765201924296e-02 6.612803520121097733e+00 6.218773506032503062e-02 6.218773506032507226e-02 2.658549440045247098e-02
3.225000000000000000e+02 3.406019245353917995e+03 1.172259939314111534e+02 -1.579796454906617909e+00 1.172259939314111534e+02 -1.579796454906617909e+00 1.336211065120410169e+01 -4.909238470530273568e-02 -4.909238470530271486e-02 1.332972107956797991e-01
3.585000000000000000e+02 2.394465982970955793e+03 7.930452410228849658e+01 1.967877734218802299e+00 7.930452410228849658e+01 1.967877734218802299e+00 1.873257704215507147e+01 -1.740017306262293673e-01 -1.740017306262293395e-01 7.769793811466516043e-03
3.945000000000000000e+02 1.760817771857791286e+03 1.286229928842683989e+01 -1.901520781758457623e+00 1.286229928842683989e+01 -1.901520781758457623e+00 2.127045113765148443e+01 8.549043912262060951e-02 8.549043912262063727e-02 -8.128593843369684782e-03
4.305000000000000000e+02 1.776639375974642689e+03 -5.246705879422397345e+01 -3.844574479022582203e-01 -5.246705879422397345e+01 -3.844574479022582203e-01 1.845608853872978372e+01 1.959572362993600159e-03 1.959572362993572403e-03 -4.772539844867226128e-02
4.665000000000000000e+02 2.100173190708118454e+03 -7.529838253938189041e+01 -4.770180426078758362e-01 -7.529838253938189041e+01 -4.770180426078758362e-01 1.329829439907518207e+01 -7.205145449948344161e-02 -7.205145449948342773e-02 2.465507321113390438e-01
5.025000000000000000e+02 2.402420656986831091e+03 -5.769047837894370900e+01 -2.367064735673294340e-01 -5.769047837894370900e+01 -2.367064735673294340e-01 8.000409894100991792e+00 -6.169777808706906896e-02 -6.169777808706904121e-02 -1.005701343523195471e-02
5.385000000000000000e+02 2.545320319997680599e+03 -1.376804536385023425e+01 8.172956911769038713e-02 -1.376804536385023425e+01 8.172956911769038713e-02 7.436407275215937140e+00 -5.172296149109340685e-02 -5.172296149109337215e-02 -3.433969775904170685e-02
5.745000000000000000e+02 2.501487106094918545e+03 2.594987627783803674e+01 -1.377671998943542198e+00 2.594987627783803674e+01 -1.377671998943542198e+00 1.338959036293453231e+01 1.393385241611437009e-01 1.393385241611436731e-01 1.900779617806571398e-01
6.105000000000000000e+02 2.171740497045768734e+03 2.354666151178739852e+01 2.813521303518043304e+00 2.354666151178739852e+01 2.813521303518043304e+00 2.268630428793085230e+01 -3.697554388467355069e-01 -3.697554388467356179e-01 7.875238872270665103e-02
6.465000000000000000e+02 1.892368901520594818e+03 -1.449748044010226522e+01 -1.164516394269141664e+00 -1.449748044010226522e+01 -1.164516394269141664e+00 3.251796200687813609e+01 -1.484242881231705169e-02 -1.484242881231707945e-02 8.848439525878908085e-02
6.825000000000000000e+02 1.842235361240936072e+03 -6.616128506207968485e+01 -2.460472183571460469e+00 -6.616128506207968485e+01 -2.460472183571460469e+00 3.800221713997167683e+01 -4.727337687168917668e-01 -4.727337687168918778e-01 3.389410210059824735e-02
7.185000000000000000e+02 2.021922539790165956e+03 -1.169568563632924736e+02 -1.451208279120253852e+00 -1.169568563632924736e+02 -1.451208279120253852e+00 3.461682761789553098e+01 -1.078374105010940637e-01 -1.078374105010941053e-01 -3.770766367225451138e-02
7.545000000000000000e+02 2.291119326856407497e+03 -1.363497200318358296e+02 -1.435388311205560097e+00 -1.363497200318358296e+02 -1.435388311205560097e+00 2.642998867732104173e+01 1.029071095229382518e-02 1.029071095229382518e-02 6.625750266546862055e-02
7.905000000000000000e+02 2.537781564927647196e+03 -1.008727135426341874e+02 -2.121277582781029292e-01 -1.008727135426341874e+02 -2.121277582781029292e-01 1.728011744756143031e+01 5.862845954507895502e-02 5.862845954507903135e-02 6.014967228626888485e-01
8.265000000000000000e+02 2.521856610662246567e+03 -4.711729670457688002e+01 -2.521890487673013048e+00 -4.711729670457688002e+01 -2.521890487673013048e+00 1.294085282328968844e+01 5.090717026700123382e-01 5.090717026700121162e-01 -1.223774633970168557e-01
8.625000000000000000e+02 2.344272671804389574e+03 2.055310430284637135e+01 9.792196640118611128e-01 2.055310430284637135e+01 9.792196640118611128e-01 1.530969554250486553e+01 2.360911018037409603e-01 2.360911018037408216e-01 2.845917088219171998e-01
8.985000000000000000e+02 1.915924575785474190e+03 5.527934221830649619e+01 7.543721297272624193e-01 5.527934221830649619e+01 7.543721297272624193e-01 2.407759597857889489e+01 2.341762951130245685e-01 2.341762951130244574e-01 -1.844932190340233258e-01
9.345000000000000000e+02 1.506242809259038268e+03 4.944439392699823088e+01 5.869786842043230868e-01 4.944439392699823088e+01 5.869786842043230868e-01 3.389257164561352198e+01 4.704547999419959881e-02 4.704547999419958493e-02 3.741601604578074225e-01
9.705000000000000000e+02 1.233711680143538842e+03 1.417181615114203908e+01 1.918646474734220675e+00 1.417181615114203908e+01 1.918646474734220675e+00 4.146688351353662938e+01 -2.965451855341720844e-01 -2.965451855341718068e-01 -1.443976512161483372e-01
1.006500000000000000e+03 1.101359654947046238e+03 -3.039009172014475268e+01 -1.496333155467791443e+00 -3.039009172014475268e+01 -1.496333155467791443e+00 4.125213164835943047e+01 -1.537842175719178472e-01 -1.537842175719180693e-01 -1.650766436818174587e-01
1.042500000000000000e+03 1.113029586137425895e+03 -6.948167090664206569e+01 -6.289888150778146780e-01 -6.948167090664206569e+01 -6.289888150778146780e-01 3.465066259897812273e+01 -5.299259144170426206e-02 -5.299259144170427593e-02 -3.420068011331536817e-01
1.078500000000000000e+03 1.169790920393798842e+03 -7.106784332640467028e+01 -3.052196652325250836e-01 -7.106784332640467028e+01 -3.052196652325250836e-01 2.503349017736350390e+01 3.818939009100053017e-01 3.818939009100051907e-01 1.216441888545440921e-02
1.114500000000000000e+03 1.281936825271916405e+03 -6.275294022727895538e+01 -4.435272735555046419e-01 -6.275294022727895538e+01 -4.435272735555046419e-01 1.797067463406715504e+01 -1.254454050956818612e-02 -1.254454050956819305e-02 4.172537532911442804e-01
1.150500000000000000e+03 1.254598596684812946e+03 -2.933601206298154551e+01 -1.058972321233953240e+00 -2.933601206298154551e+01 -1.058972321233953240e+00 1.384796127027353840e+01 -8.591838187675689131e-02 -8.591838187675686356e-02 3.203194022223174731e-01
1.186500000000000000e+03 1.141601715285990622e+03 -2.910066773138998641e+00 6.053724442007804019e-01 -2.910066773138998641e+00 6.053724442007804019e-01 1.549716923886043674e+01 -9.228281181222819374e-02 -9.228281181222819374e-02 6.442516117231397166e-01
1.222500000000000000e+03 1.015044299679019446e+03 8.378306040268554966e+00 -8.466146660197163554e-01 8.378306040268554966e+00 -8.466146660197163554e-01 2.151906783147829216e+01 1.542116687868338998e-01 1.542116687868338998e-01 -4.661092131673098549e-01
1.258500000000000000e+03 8.506817376334299752e+02 -4.827663132335106688e+00 -8.744671952996203590e-01 -4.827663132335106688e+00 -8.744671952996203590e-01 2.729000118077105341e+01 2.174751348804257189e-01 2.174751348804258022e-01 1.367688157564947993e-01
1.294500000000000000e+03 7.794297756037659610e+02 -2.917398450001227417e+01 -1.436521153595025524e+00 -2.917398450001227417e+01 -1.436521153595025524e+00 3.022728870810695767e+01 2.299682240882621187e-01 2.299682240882620354e-01 -1.986479225777454394e-01
1.330500000000000000e+03 7.675347286391901207e+02 -4.939813420255842402e+01 -1.509133836473062429e+00 -4.939813420255842402e+01 -1.509133836473062429e+00 2.811534811512260745e+01 -5.482568854251814727e-01 -5.482568854251814727e-01 -2.138693397387322059e-01
1.366500000000000000e+03 8.152579902478001941e+02 -6.148961409673298562e+01 5.942709255427912618e-01 -6.148961409673298562e+01 5.942709255427912618e-01 2.361376474388892532e+01 8.259954855318493716e-02 8.259954855318488165e-02 -2.099510651342553214e-01
1.402500000000000000e+03 8.698521645802742341e+02 -5.476203141210094572e+01 2.135157696001827254e+00 -5.476203141210094572e+01 2.135157696001827254e+00 1.641677523280525364e+01 8.191103066110710929e-02 8.191103066110712316e-02 7.741423831234336417e-01
1.438500000000000000e+03 8.434267674217657031e+02 -3.597820685283781472e+01 -1.225069958593242969e+00 -3.597820685283781472e+01 -1.225069958593242969e+00 1.263915768480160118e+01 6.391540144237622956e-01 6.391540144237625176e-01 -1.249875576250241427e-01
1.474500000000000000e+03 8.044007138229169414e+02 -1.198896994806597505e+01 8.030235179788048905e-01 -1.198896994806597505e+01 8.030235179788048905e-01 1.186795281851476958e+01 2.146706958953284727e-01 2.146706958953283617e-01 -3.698971150723692203e-01
1.510500000000000000e+03 7.123216285485221988e+02 2.434547386100571309e+00 7.223009705130334357e-02 2.434547386100571309e+00 7.223009705130334357e-02 1.304045540016142546e+01 3.075053453156240124e-02 3.075053453156234573e-02 2.206201666808723372e-01
1.546500000000000000e+03 6.067915124246005689e+02 5.124301098034542257e+00 2.202655023188609285e+00 5.124301098034542257e+00 2.202655023188609285e+00 1.648112655395963699e+01 3.018822014083909488e-01 3.018822014083911709e-01 4.809859723908702089e-01
1.582500000000000000e+03 5.304901818767298209e+02 -3.629568763725230518e+00 7.786203518082741581e-01 -3.629568763725230518e+00 7.786203518082741581e-01 2.041334499748355213e+01 -4.850578318829676383e-02 -4.850578318829687485e-02 5.363452261928305376e-01
1.618500000000000000e+03 4.687695052198717462e+02 -1.415490256236043720e+01 6.616851448930778368e-01 -1.415490256236043720e+01 6.616851448930778368e-01 2.015964070556594478e+01 -4.782862718674435465e-01 -4.782862718674434355e-01 -3.505638598892350105e-02
1.654500000000000000e+03 4.543879198688566134e+02 -2.374981443553460991e+01 -5.915826538532781287e-01 -2.374981443553460991e+01 -5.915826538532781287e-01 1.845795967323590148e+01 -9.305913801218820836e-02 -9.305913801218822223e-02 8.373453127165984000e-01
1.690500000000000000e+03 4.617008830477672632e+02 -3.008751359931567748e+01 4.011796660109729906e-01 -3.008751359931567748e+01 4.011796660109729906e-01 1.472943103917137897e+01 -8.635217839640388915e-01 -8.635217839640391135e-01 1.988512712958607209e-01
1.726500000000000000e+03 4.632321840262499109e+02 -2.587575081095346619e+01 4.634377537557022309e-01 -2.587575081095346619e+01 4.634377537557022309e-01 1.062576479428708254e+01 -2.662509447576993926e-01 -2.662509447576993926e-01 1.673368804679497557e-01
1.762500000000000000e+03 4.641165069830436209e+02 -1.837263438119036607e+01 9.606951494549563764e-01 -1.837263438119036607e+01 9.606951494549563764e-01 9.814972297777369903e+00 5.608971169722774819e-02 5.608971169722773431e-02 8.689815260614655035e-01
1.798500000000000000e+03 4.454286152631324285e+02 -1.129740850916856054e+01 -2.703194137384294926e+00 -1.129740850916856054e+01 -2.703194137384294926e+00 7.853854096329899726e+00 -5.668334774451633251e-01 -5.668334774451634361e-01 -1.005971402692290351e+00
1.834500000000000000e+03 3.959784034826342349e+02 -6.699061229193127076e+00 9.417414041847744777e-01 -6.699061229193127076e+00 9.417414041847744777e-01 8.564120335538129680e+00 7.073904613530451746e-01 7.073904613530449526e-01 3.891670137037165356e-01
1.870500000000000000e+03 3.511075496787736370e+02 -5.959311022797888491e+00 -7.857829340249777861e-01 -5.959311022797888491e+00 -7.857829340249777861e-01 1.122385463240416037e+01 -3.357174250715357910e-01 -3.357174250715359021e-01 8.052393941322054660e-01
1.906500000000000000e+03 3.288183142190487160e+02 -9.519009598557165219e+00 -7.588987459706304506e-01 -9.519009598557165219e+00 -7.588987459706304506e-01 1.131647646640708871e+01 3.150022030703421017e-01 3.150022030703419351e-01 -2.018951249145233273e-01
1.942500000000000000e+03 3.230348137440866481e+02 -1.641043713800662118e+01 -4.683324911803676827e-01 -1.641043713800662118e+01 -4.683324911803676827e-01 1.025852191547077119e+01 -8.454027456626103110e-01 -8.454027456626105330e-01 1.590437443793852601e-01
1.978500000000000000e+03 3.158674607941636054e+02 -1.718895961058800737e+01 -1.097026923552295363e+00 -1.718895961058800737e+01 -1.097026923552295363e+00 9.327736360917798564e+00 4.350002898326177925e-01 4.350002898326178480e-01 3.519784638503727359e-01
2.014500000000000000e+03 3.194497920069138104e+02 -1.764242188865011940e+01 -2.356743974049355095e-01 -1.764242188865011940e+01 -2.356743974049355095e-01 8.360084289753800135e+00 5.694273671812506432e-01 5.694273671812506432e-01 -3.080431115453968194e-01
2.050500000000000000e+03 3.213934555108220934e+02 -1.414436563872037311e+01 -2.384427344453085573e-01 -1.414436563872037311e+01 -2.384427344453085573e-01 5.487554012216556920e+00 -2.086894886480182010e-01 -2.086894886480180622e-01 1.378975564197007508e-01
2.086500000000000000e+03 3.068386880388696341e+02 -9.486166843539169946e+00 1.723227976158866026e+00 -9.486166843539169946e+00 1.723227976158866026e+00 5.325387956789458421e+00 -3.135985659333440090e-01 -3.135985659333438980e-01 -1.277523233288288651e+00
2.122500000000000000e+03 2.898687198254676218e+02 -6.172507049699918369e+00 -1.187672467054385006e+00 -6.172507049699918369e+00 -1.187672467054385006e+00 4.295783015647702818e+00 -4.627815675571488874e-01 -4.627815675571490539e-01 -5.582877277346447453e-01
2.158500000000000000e+03 2.644837768546951793e+02 -3.204936525290662974e+00 9.288925535288953261e-01 -3.204936525290662974e+00 9.288925535288953261e-01 4.863742709192552027e+00 -5.188407073767251632e-01 -5.188407073767252742e-01 -8.016378964083720193e-01
2.207000000000000000e+03 2.353106532406769986e+02 -4.297920267706361486e+00 -8.281087625275725950e-01 -4.297920267706361486e+00 -8.281087625275725950e-01 6.219656678470020239e+00 5.386120692705291813e-01 5.386120692705292923e-01 1.034010703485785054e+00
2.268000000000000000e+03 2.229128904503444062e+02 -7.283034105315628004e+00 1.134067537050176488e+00 -7.283034105315628004e+00 1.134067537050176488e+00 6.539650809760309436e+00 2.032861619495100469e-01 2.032861619495099914e-01 -7.958300420220287830e-01
2.329000000000000000e+03 2.207273359740872536e+02 -7.927267424730354506e+00 1.230044122275374852e+00 -7.927267424730354506e+00 1.230044122275374852e+00 3.995147131309321420e+00 -3.069625496873812365e-01 -3.069625496873810699e-01 3.182717730680233448e-01
2.390000000000000000e+03 2.145203094007444236e+02 -5.210099697044600298e+00 -7.350491946947926292e-02 -5.210099697044600298e+00 -7.350491946947926292e-02 3.022462510279136261e+00 5.500881600056538312e-02 5.500881600056546639e-02 -7.166356682861986238e-01
2.451000000000000000e+03 2.051545598215129189e+02 -2.795270000803940835e+00 4.081591587504490581e-01 -2.795270000803940835e+00 4.081591587504490581e-01 2.131618353900700757e+00 5.368911680357612015e-01 5.368911680357613125e-01 3.660380056537466675e-01
2.512000000000000000e+03 1.920271739765256598e+02 -2.590134711663854894e+00 -6.904512000550518946e-01 -2.590134711663854894e+00 -6.904512000550518946e-01 2.338240635697476755e+00 -5.892885162960489476e-01 -5.892885162960490586e-01 4.790301855778036355e-01
2.573000000000000000e+03 1.881710285984597419e+02 -4.028911681097587127e+00 8.253888832339341119e-01 -4.028911681097587127e+00 8.253888832339341119e-01 2.328382439809623783e+00 2.296616786380593356e-01 2.296616786380594744e-01 -4.485829479133253694e-01
2.634000000000000000e+03 1.904459647332531631e+02 -4.219867887390702066e+00 1.772330718603154498e-02 -4.219867887390702066e+00 1.772330718603154498e-02 2.438713826429574905e+00 -2.250041326516177831e-02 -2.250041326516161178e-02 2.223206342447931583e+00
2.695000000000000000e+03 1.860870032645749461e+02 -3.740323093173237190e+00 1.156262465010235108e+00 -3.740323093173237190e+00 1.156262465010235108e+00 5.396084233093454419e-01 -1.777642406339382808e-01 -1.777642406339383641e-01 5.016063302079719621e-01
2.756000000000000000e+03 1.826054682048115581e+02 -3.961280431958303927e-01 -5.642895732250001739e-01 -3.961280431958303927e-01 -5.642895732250001739e-01 1.775668658223480412e+00 -1.414904770562943614e-01 -1.414904770562943614e-01 -4.318535178146410553e-02
2.817000000000000000e+03 1.770946605704388048e+02 -1.913639298665590349e+00 -2.899036317252512984e-01 -1.913639298665590349e+00 -2.899036317252512984e-01 2.428548302889802724e+00 1.477089434247529642e-01 1.477089434247530753e-01 1.519499701210891840e-01
2.878000000000000000e+03 1.771461630006759265e+02 -5.154427657910227722e-01 1.681860291421240494e-01 -5.154427657910227722e-01 1.681860291421240494e-01 2.959860538504833216e-01 -7.286460778820476047e-01 -7.286460778820473827e-01 4.427651765555251084e-01
2.939000000000000000e+03 1.788836120212636445e+02 -2.960588310976004944e+00 5.540263621970922259e-01 -2.960588310976004944e+00 5.540263621970922259e-01 9.563551765448304876e-01 4.649396394391886456e-01 4.649396394391888121e-01 -5.413422279887308841e-01
3.000000000000000000e+03 1.790207520273472142e+02 -1.336678999741359508e+00 -4.410950091850147636e-01 -1.336678999741359508e+00 -4.410950091850147636e-01 2.103666924331214272e+00 -1.348749902548145307e+00 -1.348749902548144863e+00 1.578206270290922197e-01
3.061000000000000000e+03 1.822364787069150793e+02 -2.036685021096102055e+00 -5.346298399886741937e-01 -2.036685021096102055e+00 -5.346298399886741937e-01 3.785614463488834458e-01 -1.689049307057618743e-01 -1.689049307057619020e-01 1.878973374118112938e+00
3.122000000000000000e+03 1.824242919833460235e+02 -1.534294819023450884e+00 -1.342671740402177905e-01 -1.534294819023450884e+00 -1.342671740402177905e-01 1.273106531640801231e+00 7.709262158957552735e-01 7.709262158957549405e-01 8.533549186334087322e-01
3.183000000000000000e+03 1.818371629385135009e+02 -1.128612006784527111e+00 7.361891220279584980e-01 -1.128612006784527111e+00 7.361891220279584980e-01 2.097366427200987982e+00 3.871749261066700365e-01 3.871749261066701475e-01 -1.339391410693557827e-01
3.244000000000000000e+03 1.903775481115369814e+02 -2.746942936845070959e-01 -1.933206623091994758e-01 -2.746942936845070959e-01 -1.933206623091994758e-01 -8.959679904113092563e-01 4.312803260260678062e-03 4.312803260260567040e-03 -8.566469209278770869e-02
3.305000000000000000e+03 1.887047038477498972e+02 -9.088661707343032026e-02 1.833592982028819096e-01 -9.088661707343032026e-02 1.833592982028819096e-01 1.154925910167519554e+00 9.216828189407686445e-01 9.216828189407679783e-01 -8.806179076819744544e-01
3.366000000000000000e+03 1.950668460364313432e+02 1.062761772985195918e+00 -3.236951852436135146e-01 1.062761772985195918e+00 -3.236951852436135146e-01 2.889120444985610048e-02 7.825149934548661923e-01 7.825149934548663033e-01 -1.832611093641058064e-02
3.447000000000000000e+03 1.984342078579760482e+02 -2.551940843125000136e-02 -4.352916012816385738e-01 -2.551940843125000136e-02 -4.352916012816385738e-01 -2.283086957122960892e-02 -7.221396251355366447e-02 -7.221396251355371998e-02 1.079361951618318161e+00
3.548000000000000000e+03 2.023771698537465511e+02 -1.484602022340603789e+00 -7.973537796064278371e-01 -1.484602022340603789e+00 -7.973537796064278371e-01 9.633962436769883952e-01 -4.300952443600113417e-01 -4.300952443600108976e-01 4.035293786446554898e-01
3.649000000000000000e+03 2.110763985908334348e+02 6.522798421248268141e-01 -8.397878894887904622e-01 6.522798421248268141e-01 -8.397878894887904622e-01 -9.741449497061850371e-01 -7.790065911662522047e-02 -7.790065911662535925e-02 3.317741180944565049e-01
3.750000000000000000e+03 2.189045514814742148e+02 -4.190771434392119854e-01 -6.753993864903148903e-02 -4.190771434392119854e-01 -6.753993864903148903e-02 9.615085451176028086e-02 1.241306521684359065e+00 1.241306521684359065e+00 -1.759387791906421361e+00
3.851000000000000000e+03 2.267716045633225974e+02 3.584090123712126985e-01 1.296485657936983671e+00 3.584090123712126985e-01 1.296485657936983671e+00 -3.522860552957504665e-01 -4.594641688590007100e-01 -4.594641688590007100e-01 5.639555425197088079e-01
3.952000000000000000e+03 2.341572366733118713e+02 -1.713991142824664027e-01 2.925019551771916859e-01 -1.713991142824664027e-01 2.925019551771916859e-01 -9.950745838568429980e-01 -1.003642285047598337e+00 -1.003642285047598115e+00 -9.768076545510745445e-01
4.053000000000000000e+03 2.436876495989839952e+02 -3.611088778419143108e-01 -7.480061199644112424e-01 -3.611088778419143108e-01 -7.480061199644112424e-01 -1.210606116399970178e+00 -6.095412564021055468e-01 -6.095412564021056578e-01 -1.036492878869029077e+00
4.154000000000000000e+03 2.537932057060850752e+02 -9.034192352148815441e-01 -1.132040943512351849e-01 -9.034192352148815441e-01 -1.132040943512351849e-01 7.395247421781436792e-02 -1.380637234152404247e+00 -1.380637234152404691e+00 1.127532290403336246e+00
4.255000000000000000e+03 2.603596758008870893e+02 -7.487472094849467741e-01 -3.010397232457907579e-01 -7.487472094849467741e-01 -3.010397232457907579e-01 -4.762094842448115761e-01 1.554591216458069525e+00 1.554591216458069525e+00 -4.239206856666471457e-01
4.356000000000000000e+03 2.668079224440035659e+02 -7.368901341088702761e-01 -4.992585781573463111e-01 -7.368901341088702761e-01 -4.992585781573463111e-01 1.984178128031806265e+00 -6.846209893992254436e-01 -6.846209893992255546e-01 7.610044241047263514e-01
4.457000000000000000e+03 2.804325685122299774e+02 6.526647713114348548e-01 -8.860516157326222553e-01 6.526647713114348548e-01 -8.860516157326222553e-01 8.714710495174036176e-01 -4.711559205471063105e-01 -4.711559205471070877e-01 1.863627062712599258e+00
4.558000000000000000e+03 2.903414911246208590e+02 5.960458323315471763e-01 1.349394834720476055e+00 5.960458323315471763e-01 1.349394834720476055e+00 1.025937125042638121e+00 -9.461308719121610533e-01 -9.461308719121603872e-01 -1.491641333059045671e+00
4.659000000000000000e+03 3.018889816731042970e+02 -2.553507555048304400e-01 1.018255460231580062e-01 -2.553507555048304400e-01 1.018255460231580062e-01 -6.135839974800194607e-01 -2.123780901859114056e+00 -2.123780901859113612e+00 8.399779807456052572e-01
4.760000000000000000e+03 3.107766959871309496e+02 -2.085579875930259341e-01 -2.300182199629978275e+00 -2.085579875930259341e-01 -2.300182199629978275e+00 3.343178725428263665e+00 -1.412432007607076656e+00 -1.412432007607077100e+00 -2.642930618142822485e+00
4.861000000000000000e+03 3.222672072597105739e+02 -6.234465449926446245e-01 1.251912767450502617e-02 -6.234465449926446245e-01 1.251912767450502617e-02 2.298813281820184073e+00 -1.028321423716506366e+00 -1.028321423716506589e+00 -2.642040948046867399e+00
4.962000000000000000e+03 3.329840582150152954e+02 -1.222157719480774007e+00 -8.391812252732679944e-01 -1.222157719480774007e+00 -8.391812252732679944e-01 4.128751420753063450e-01 -7.325322762072253857e-01 -7.325322762072254967e-01 6.535207909679771054e-01
5.063000000000000000e+03 3.407733553592875069e+02 5.483023234015882430e-01 1.313411452792641043e-01 5.483023234015882430e-01 1.313411452792641043e-01 4.187286305344400383e-01 -8.219552829685616846e-02 -8.219552829685616846e-02 -4.337643343070717861e-01
5.164000000000000000e+03 3.543741581979595026e+02 2.159348359804899253e+00 1.178802279170484413e-01 2.159348359804899253e+00 1.178802279170484413e-01 -2.463546012670857266e+00 5.554057655596198462e-01 5.554057655596200682e-01 -2.287189701399439112e+00
5.265000000000000000e+03 3.689018322449184666e+02 1.245239152508118341e+00 1.359124838485040510e+00 1.245239152508118341e+00 1.359124838485040510e+00 -2.479730191255778149e-01 -4.417930279124628878e-01 -4.417930279124631099e-01 -3.282877703339012854e+00
5.366000000000000000e+03 3.748075421386031394e+02 -4.301747081013930218e-01 -1.216045940091619260e+00 -4.301747081013930218e-01 -1.216045940091619260e+00 -1.654986520174213105e+00 1.777311272665872188e+00 1.777311272665871966e+00 2.704777647670057128e+00
5.467000000000000000e+03 3.898548219509328305e+02 -1.423389181918468971e+00 1.261135963329941267e-01 -1.423389181918468971e+00 1.261135963329941267e-01 -2.181132285825367223e+00 -1.425398309713547529e-01 -1.425398309713546974e-01 3.111102738025303793e+00
5.568000000000000000e+03 4.010706960753810790e+02 8.474034604065449061e-01 1.278176679173644636e+00 8.474034604065449061e-01 1.278176679173644636e+00 -1.211853393211474783e+00 -1.663984821090841448e+00 -1.663984821090841670e+00 -4.446480821239029990e-01
5.669000000000000000e+03 4.145748533619219529e+02 6.242900545740681650e-02 -5.732863733236489567e-01 6.242900545740681650e-02 -5.732863733236489567e-01 -1.348588553696886683e+00 2.682892835616939031e-01 2.682892835616939031e-01 2.278968759701758273e+00
5.770000000000000000e+03 4.282492559846701283e+02 -8.483678541243577786e-01 8.375361481143082099e-01 -8.483678541243577786e-01 8.375361481143082099e-01 -1.614819112985276917e+00 5.142586534268795972e-01 5.142586534268798193e-01 -2.155110393690883974e+00
5.871000000000000000e+03 4.430714467248855044e+02 8.420796323711476905e-01 -8.225120336512934394e-01 8.420796323711476905e-01 -8.225120336512934394e-01 1.683872259991684439e+00 -3.358859952287884809e+00 -3.358859952287885697e+00 3.251986015967783583e+00
