# l Dl_TT Dl_TE Dl_TB Dl_ET Dl_BT Dl_EE Dl_EB Dl_BE Dl_BB
7.050000000000000000e+01 1.965205832777171963e+03 -6.547823364980450478e+00 1.059712673185346926e-01 -6.547823364980450478e+00 1.059712673185346926e-01 3.490699371857579614e-01 -9.762244479664186625e-04 -9.762244479664186625e-04 2.487064719561497936e-04
1.065000000000000000e+02 2.886201652059120988e+03 -2.683105108734244482e+01 -8.737172296349954292e-01 -2.683105108734244482e+01 -8.737172296349954292e-01 8.586742154536672889e-01 1.464913691599877520e-02 1.464913691599876999e-02 -2.526171567949185744e-03
1.425000000000000000e+02 4.258111699747271814e+03 -4.305252235405053796e+01 2.962457351000171712e-01 -4.305252235405053796e+01 2.962457351000171712e-01 1.036168211086870627e+00 1.986719169118827261e-02 1.986719169118827608e-02 -2.256051032673861423e-02
1.785000000000000000e+02 5.137958974983714143e+03 -3.589188057766151019e+01 -8.451018154403537874e-01 -3.589188057766151019e+01 -8.451018154403537874e-01 8.247002395723200818e-01 -4.609974356088128791e-03 -4.609974356088125322e-03 2.233050078480364187e-02
2.145000000000000000e+02 5.797826822704125334e+03 5.888830643308180512e+00 1.014409775778581047e+00 5.888830643308180512e+00 1.014409775778581047e+00 8.288481751516988405e-01 -2.041587353977445535e-02 -2.041587353977445535e-02 3.718002407410594501e-04
2.505000000000000000e+02 5.460214935308413260e+03 6.351093586764987720e+01 -5.860294226199352918e-03 6.351093586764987720e+01 -5.860294226199352918e-03 2.511835294702701837e+00 -1.411217794618233913e-02 -1.411217794618234433e-02 -4.962085841294358373e-04
2.865000000000000000e+02 4.583308086906742574e+03 1.125478549262773242e+02 4.314735172576211752e-02 1.125478549262773242e+02 4.314735172576211752e-02 6.993221169849189955e+00 1.210529275583594475e-03 1.210529275583595125e-03 2.844475962188712515e-02
3.225000000000000000e+02 3.413244891091129830e+03 1.207563048216630648e+02 -1.592109910396514727e-01 1.207563048216630648e+02 -1.592109910396514727e-01 1.356243797872625123e+01 -1.719459385400085027e-02 -1.719459385400085721e-02 3.179452661367280358e-02
3.585000000000000000e+02 2.341714463399532178e+03 7.388512890000927769e+01 1.478425038463406227e-01 7.388512890000927769e+01 1.478425038463406227e-01 1.903459413726969274e+01 -1.807431249417048441e-02 -1.807431249417048441e-02 2.860181604444731254e-02
3.945000000000000000e+02 1.807108742267731941e+03 9.596363755566729381e+00 3.474160843695310308e-01 9.596363755566729381e+00 3.474160843695310308e-01 2.197817338426336420e+01 3.085656493383790930e-02 3.085656493383791277e-02 2.229613213392578341e-02
4.305000000000000000e+02 1.829698191059773762e+03 -5.026029823237722383e+01 2.562441696345513775e-01 -5.026029823237722383e+01 2.562441696345513775e-01 1.952887054791836263e+01 -3.765227810041789358e-02 -3.765227810041787276e-02 3.908567759267207731e-02
4.665000000000000000e+02 2.106951865430854014e+03 -7.279483721827290310e+01 2.020829410713998742e-01 -7.279483721827290310e+01 2.020829410713998742e-01 1.353812919891590383e+01 -2.000715292967918807e-02 -2.000715292967919848e-02 2.129651214020370636e-02
5.025000000000000000e+02 2.436798432737687563e+03 -5.562956337606922119e+01 1.754323725127765465e-01 -5.562956337606922119e+01 1.754323725127765465e-01 8.219718891438532182e+00 1.193355669841750753e-02 1.193355669841750233e-02 8.545706646215195379e-02
5.385000000000000000e+02 2.555188649488040937e+03 -1.494111291785047868e+01 7.072564800084595316e-01 -1.494111291785047868e+01 7.072564800084595316e-01 7.623105044711170564e+00 -2.694231486376941209e-02 -2.694231486376941556e-02 1.014401084911157186e-01
5.745000000000000000e+02 2.452991145513052288e+03 2.175141993939546126e+01 1.413851616638062414e-01 2.175141993939546126e+01 1.413851616638062414e-01 1.311740610578766209e+01 2.594111367646539587e-03 2.594111367646537852e-03 6.930408876952598440e-02
6.105000000000000000e+02 2.133974262654229733e+03 2.761518250014447773e+01 -1.957192583410524156e-01 2.761518250014447773e+01 -1.957192583410524156e-01 2.350707470435273549e+01 -1.040042104325137121e-02 -1.040042104325136080e-02 6.132336949792118602e-02
6.465000000000000000e+02 1.899823620366777504e+03 -7.774916062043931042e+00 4.785349052916968438e-01 -7.774916062043931042e+00 4.785349052916968438e-01 3.194492488147264808e+01 2.667972489892369431e-02 2.667972489892368390e-02 6.406140056207246247e-02
6.825000000000000000e+02 1.862265245991292431e+03 -7.012363095861826423e+01 2.476669075228586925e-01 -7.012363095861826423e+01 2.476669075228586925e-01 3.726891668524582002e+01 -7.557357159653731171e-02 -7.557357159653731171e-02 7.282099053876427142e-02
7.185000000000000000e+02 1.953487143339212025e+03 -1.165057065822774547e+02 -3.243674177804108383e-01 -1.165057065822774547e+02 -3.243674177804108383e-01 3.476418269733854771e+01 6.077250306612447250e-02 6.077250306612445863e-02 7.954478750897713002e-02
7.545000000000000000e+02 2.270634860771024705e+03 -1.343657788969447324e+02 -5.584651530176728551e-01 -1.343657788969447324e+02 -5.584651530176728551e-01 2.706388424195212750e+01 5.482178363928366660e-02 5.482178363928367354e-02 1.266045877597012648e-01
7.905000000000000000e+02 2.483239903133732696e+03 -1.027308076419831195e+02 -2.227746577242063208e-01 -1.027308076419831195e+02 -2.227746577242063208e-01 1.769038943457128354e+01 1.679126734509630778e-02 1.679126734509630778e-02 8.161471509680305603e-02
8.265000000000000000e+02 2.536406372637546156e+03 -4.350033388997363204e+01 4.275551956978795864e-02 -4.350033388997363204e+01 4.275551956978795864e-02 1.261592024781460886e+01 2.153113215872671377e-02 2.153113215872674846e-02 1.699349296374293439e-01
8.625000000000000000e+02 2.275041723587638899e+03 1.997061930856629886e+01 -6.207399367078856312e-01 1.997061930856629886e+01 -6.207399367078856312e-01 1.496207825853472428e+01 3.651984261152010913e-02 3.651984261152008138e-02 8.959673806604274982e-02
8.985000000000000000e+02 1.926814440774857985e+03 5.597516860206384592e+01 5.201545252595487501e-01 5.597516860206384592e+01 5.201545252595487501e-01 2.404565973057589190e+01 5.257689561838979619e-02 5.257689561838981007e-02 8.931499454141964001e-02
9.345000000000000000e+02 1.517818098260754368e+03 5.128071569785760175e+01 3.611852568174307443e-01 5.128071569785760175e+01 3.611852568174307443e-01 3.428728690811050939e+01 9.830852049072347221e-02 9.830852049072349996e-02 1.215342075534181915e-01
9.705000000000000000e+02 1.165836099053434282e+03 1.582171027134712737e+01 5.389662181951926367e-01 1.582171027134712737e+01 5.389662181951926367e-01 4.074207466142796363e+01 7.660055927379474938e-02 7.660055927379474938e-02 1.916130981765024055e-01
1.006500000000000000e+03 1.067269506122847361e+03 -3.369337081536583867e+01 -4.363373407857913389e-01 -3.369337081536583867e+01 -4.363373407857913389e-01 4.148613419148141190e+01 -7.571913281433267917e-02 -7.571913281433272080e-02 1.127164861088099101e-01
1.042500000000000000e+03 1.083252374264525088e+03 -6.873676326310192053e+01 5.722403861783596779e-02 -6.873676326310192053e+01 5.722403861783596779e-02 3.509800357750396671e+01 1.964086427439373783e-02 1.964086427439374130e-02 9.831378105144836232e-02
1.078500000000000000e+03 1.172499643638598855e+03 -7.690328141504278392e+01 -6.098408248860323622e-02 -7.690328141504278392e+01 -6.098408248860323622e-02 2.510621347112516233e+01 4.310392807820719041e-02 4.310392807820718347e-02 5.414306201260807305e-02
1.114500000000000000e+03 1.241942138512336669e+03 -5.995407869069278206e+01 -5.883868758706347624e-01 -5.995407869069278206e+01 -5.883868758706347624e-01 1.686852121444786690e+01 2.742918574042517432e-02 2.742918574042516738e-02 9.738732966501831290e-02
1.150500000000000000e+03 1.214473050783533608e+03 -2.882970504735584427e+01 -2.664216020111889738e-01 -2.882970504735584427e+01 -2.664216020111889738e-01 1.346704090472695370e+01 -4.509645132884161634e-03 -4.509645132884168572e-03 1.559977748831760207e-02
1.186500000000000000e+03 1.124065303746185691e+03 -2.484589224644878414e+00 8.937150907963684610e-01 -2.484589224644878414e+00 8.937150907963684610e-01 1.560205675182689333e+01 -6.272114143650343865e-02 -6.272114143650343865e-02 1.110448149282022845e-01
1.222500000000000000e+03 9.615803512260595198e+02 6.646002529267473591e+00 2.397896859238646261e-01 6.646002529267473591e+00 2.397896859238646261e-01 2.136694902999923684e+01 -9.619724329705434118e-02 -9.619724329705436894e-02 1.222466403920754313e-01
1.258500000000000000e+03 8.278317334259918425e+02 -4.405192790212203668e+00 9.861115022069461000e-03 -4.405192790212203668e+00 9.861115022069461000e-03 2.720789975792864723e+01 7.966774730271460048e-02 7.966774730271453109e-02 1.512553184132044426e-01
1.294500000000000000e+03 7.340019945763863234e+02 -2.820041168679126997e+01 -4.965327201582326877e-01 -2.820041168679126997e+01 -4.965327201582326877e-01 3.017267829841940951e+01 6.548670319627697411e-02 6.548670319627696024e-02 1.656541847417719593e-01
1.330500000000000000e+03 7.332272829616593981e+02 -5.032011157290162373e+01 2.886393364413252782e-01 -5.032011157290162373e+01 2.886393364413252782e-01 2.884775979724113526e+01 -9.009523653246803709e-02 -9.009523653246803709e-02 1.350419192906176791e-01
1.366500000000000000e+03 7.845958497241751957e+02 -6.136513513193300895e+01 -8.691981422540684399e-02 -6.136513513193300895e+01 -8.691981422540684399e-02 2.348224130109610641e+01 5.680105163658975137e-02 5.680105163658975137e-02 1.312727626819593651e-01
1.402500000000000000e+03 8.175210829080957637e+02 -5.355452803605305689e+01 -3.927087595718672386e-01 -5.355452803605305689e+01 -3.927087595718672386e-01 1.672124147241393288e+01 7.710260155775619517e-02 7.710260155775622293e-02 8.311339208304940884e-02
1.438500000000000000e+03 8.236592494525219763e+02 -3.622279697669100784e+01 -6.363783717586596334e-01 -3.622279697669100784e+01 -6.363783717586596334e-01 1.263492804707121486e+01 6.160374370029174373e-02 6.160374370029175761e-02 2.898821074362824962e-02
1.474500000000000000e+03 7.662558586405718870e+02 -1.226142942570293926e+01 -4.235278757266499605e-01 -1.226142942570293926e+01 -4.235278757266499605e-01 1.155442661842407936e+01 1.133305049617914367e-01 1.133305049617913812e-01 7.936953713486555317e-02
1.510500000000000000e+03 6.683773902866884100e+02 1.940346581565390416e+00 -1.598180859032835577e-02 1.940346581565390416e+00 -1.598180859032835577e-02 1.362249506162351409e+01 -7.546925302225607202e-02 -7.546925302225607202e-02 8.514350216339262867e-02
1.546500000000000000e+03 5.619193045717164523e+02 5.147836520396390725e+00 3.388799496037684933e-01 5.147836520396390725e+00 3.388799496037684933e-01 1.690180547179113191e+01 -1.115415660069987158e-01 -1.115415660069987991e-01 5.383592172395543218e-02
1.582500000000000000e+03 4.709638599485546138e+02 -2.034905481927845816e+00 -6.946374338987543196e-02 -2.034905481927845816e+00 -6.946374338987543196e-02 2.019129868181063614e+01 3.849431789575798180e-02 3.849431789575798180e-02 5.504720960073306024e-02
1.618500000000000000e+03 4.107008557833598843e+02 -1.352532510562066292e+01 3.439515141582939473e-01 -1.352532510562066292e+01 3.439515141582939473e-01 2.053593707013241598e+01 -2.487592145554448630e-02 -2.487592145554448630e-02 6.168715827694435522e-02
1.654500000000000000e+03 4.007354803358437039e+02 -2.520338525614164737e+01 -3.043661821826185720e-01 -2.520338525614164737e+01 -3.043661821826185720e-01 1.863211200892966346e+01 -5.288245265199579409e-02 -5.288245265199578021e-02 1.654282312906625585e-02
1.690500000000000000e+03 4.044458211256504683e+02 -2.977356861274092381e+01 2.942638727543848698e-01 -2.977356861274092381e+01 2.942638727543848698e-01 1.489345482832089296e+01 -8.397493688555909830e-02 -8.397493688555912605e-02 1.137329802160514658e-01
1.726500000000000000e+03 4.113168424490911548e+02 -2.675444617002799674e+01 1.921109313165254850e-02 -2.675444617002799674e+01 1.921109313165254850e-02 1.111728550361752532e+01 6.177708085059835375e-02 6.177708085059836068e-02 1.865437585768935091e-02
1.762500000000000000e+03 4.001071668278489710e+02 -1.837676056945681324e+01 -3.565745518841341721e-01 -1.837676056945681324e+01 -3.565745518841341721e-01 8.585889513912679405e+00 -2.841808316812477822e-02 -2.841808316812477475e-02 6.214787016397673586e-02
1.798500000000000000e+03 3.735269030933523595e+02 -9.931946621730933344e+00 4.207760975791050018e-01 -9.931946621730933344e+00 4.207760975791050018e-01 7.764883159882806751e+00 1.120539321955081602e-01 1.120539321955081880e-01 -6.581723677878462131e-02
1.834500000000000000e+03 3.358148141450627691e+02 -4.578516903830974982e+00 -7.131621459576373279e-02 -4.578516903830974982e+00 -7.131621459576373279e-02 8.885239750524862146e+00 -8.304495497349075050e-02 -8.304495497349076438e-02 1.328985758510678183e-01
1.870500000000000000e+03 2.970164346061185938e+02 -5.549942346391799397e+00 6.335396947047933214e-02 -5.549942346391799397e+00 6.335396947047933214e-02 9.977139606073935241e+00 4.953492033769312658e-02 4.953492033769310576e-02 -5.669373011944655455e-02
1.906500000000000000e+03 2.640108283660995312e+02 -9.287656701903024725e+00 2.724986239616752903e-01 -9.287656701903024725e+00 2.724986239616752903e-01 1.129451623239696012e+01 -1.182554487860752734e-02 -1.182554487860744408e-02 1.546613374563260701e-01
1.942500000000000000e+03 2.497935272583693518e+02 -1.444920304123491661e+01 1.751390724035918334e-01 -1.444920304123491661e+01 1.751390724035918334e-01 1.109919582785940584e+01 6.901822253429790166e-02 6.901822253429792942e-02 2.914150442491531545e-01
1.978500000000000000e+03 2.477815717900343486e+02 -1.776921121710698870e+01 2.551524801487305150e-02 -1.776921121710698870e+01 2.551524801487305150e-02 9.738494681644155548e+00 6.028237890280908895e-02 6.028237890280911671e-02 2.123544176732883038e-01
2.014500000000000000e+03 2.485884114361209356e+02 -1.760751085402719696e+01 -2.924386050339258108e-03 -1.760751085402719696e+01 -2.924386050339258108e-03 7.909740552683830472e+00 -6.827974461532128336e-02 -6.827974461532129724e-02 -1.515449938430229460e-01
2.050500000000000000e+03 2.454132831172553324e+02 -1.423940655202961025e+01 -1.820398844767716073e-01 -1.423940655202961025e+01 -1.820398844767716073e-01 6.299334413434709568e+00 2.386981700073019519e-01 2.386981700073020074e-01 1.928481212863427177e-02
2.086500000000000000e+03 2.345452239420422416e+02 -9.749796125196644070e+00 -3.720306194941331440e-02 -9.749796125196644070e+00 -3.720306194941331440e-02 5.123297514489250304e+00 3.839593970914301907e-02 3.839593970914303295e-02 2.518888782897752560e-02
2.122500000000000000e+03 2.096541256475956629e+02 -5.245094366939491159e+00 1.294228919642921305e-01 -5.245094366939491159e+00 1.294228919642921305e-01 4.937149129746029708e+00 5.063977325957932235e-02 5.063977325957930153e-02 1.229035048681400288e-01
2.158500000000000000e+03 1.882487933354961172e+02 -3.069186325855598696e+00 -4.323804352504120874e-01 -3.069186325855598696e+00 -4.323804352504120874e-01 5.314139679620448753e+00 -5.081548425094797178e-02 -5.081548425094797178e-02 1.072865649721723436e-01
2.207000000000000000e+03 1.593433229915576419e+02 -3.545984140759677050e+00 3.493497680789943716e-01 -3.545984140759677050e+00 3.493497680789943716e-01 5.838609512985955874e+00 -1.797818111724021339e-02 -1.797818111724020645e-02 6.618997663852624336e-02
2.268000000000000000e+03 1.392134406987343596e+02 -6.485858146419432479e+00 -2.023906815355026173e-02 -6.485858146419432479e+00 -2.023906815355026173e-02 5.841633954350090363e+00 5.125220495098268408e-02 5.125220495098273266e-02 -1.419145907865011248e-02
2.329000000000000000e+03 1.335759788981050065e+02 -8.154348360717481370e+00 7.818126859870185019e-02 -8.154348360717481370e+00 7.818126859870185019e-02 4.344147429759234846e+00 -1.301426006113432822e-02 -1.301426006113432475e-02 1.592371500438065635e-01
2.390000000000000000e+03 1.268089310717520988e+02 -5.913691300883366253e+00 -4.739507641129007964e-02 -5.913691300883366253e+00 -4.739507641129007964e-02 2.927129373174045313e+00 -3.411503983836349646e-02 -3.411503983836348952e-02 2.514023140279306179e-02
2.451000000000000000e+03 1.138619751216003948e+02 -3.664661679468710354e+00 4.662297770579132417e-02 -3.664661679468710354e+00 4.662297770579132417e-02 2.955210671392622501e+00 -1.230881193383094041e-01 -1.230881193383094041e-01 -1.292620788312977623e-02
2.512000000000000000e+03 9.902236631890551166e+01 -2.921011029740651299e+00 -7.472097439290281695e-03 -2.921011029740651299e+00 -7.472097439290281695e-03 3.000745311075137867e+00 -2.160770561770260501e-01 -2.160770561770259945e-01 8.838728018541522347e-02
2.573000000000000000e+03 9.023809332282455387e+01 -3.723981092576227780e+00 2.429174012216118658e-02 -3.723981092576227780e+00 2.429174012216118658e-02 3.025881347716422809e+00 -5.578646214072222054e-02 -5.578646214072223442e-02 9.775019826573211335e-02
2.634000000000000000e+03 8.725232583745204806e+01 -4.248276240381549940e+00 1.120990881686865226e-01 -4.248276240381549940e+00 1.120990881686865226e-01 2.404630174460497649e+00 -1.275223763097699803e-01 -1.275223763097699525e-01 -2.313255532053099667e-02
2.695000000000000000e+03 8.229186125872274715e+01 -3.234585243399732857e+00 2.053814710920164044e-02 -3.234585243399732857e+00 2.053814710920164044e-02 1.785565021456428703e+00 1.005471256879256758e-01 1.005471256879256758e-01 -6.445000294604363855e-02
2.756000000000000000e+03 7.441531954733805776e+01 -2.082483282223143384e+00 -1.707356108662497485e-01 -2.082483282223143384e+00 -1.707356108662497485e-01 1.423788990806755805e+00 9.908967622712629153e-02 9.908967622712629153e-02 1.029494140472901192e-01
2.817000000000000000e+03 6.741834484186546206e+01 -1.377473041545030696e+00 6.475973080230090773e-02 -1.377473041545030696e+00 6.475973080230090773e-02 1.673734736468371009e+00 -1.323884967753776176e-01 -1.323884967753776176e-01 -8.844675707136478993e-02
2.878000000000000000e+03 6.197463737830893393e+01 -1.811813668252802545e+00 1.214891796162214932e-01 -1.811813668252802545e+00 1.214891796162214932e-01 1.439926040012088793e+00 -5.249597047159014485e-02 -5.249597047159014485e-02 9.581520486982385287e-02
2.939000000000000000e+03 5.919286540488092641e+01 -1.707619188327758941e+00 1.779935314075783981e-01 -1.707619188327758941e+00 1.779935314075783981e-01 1.477982357958778969e+00 -1.368186066062979933e-01 -1.368186066062980211e-01 -2.262012369042841198e-01
3.000000000000000000e+03 5.729410036725922595e+01 -1.554525340692797020e+00 1.092216914445426901e-01 -1.554525340692797020e+00 1.092216914445426901e-01 1.172888403250128553e+00 4.854026628694871337e-03 4.854026628694902562e-03 1.465038883992024199e-01
3.061000000000000000e+03 5.447622425614968478e+01 -1.203747351491806450e+00 -9.920217029919982388e-02 -1.203747351491806450e+00 -9.920217029919982388e-02 8.677439699675949525e-01 -1.095635706010863741e-01 -1.095635706010863325e-01 3.235076847054849658e-01
3.122000000000000000e+03 5.198328463591404613e+01 -6.282727314725028434e-01 5.479494941362311744e-02 -6.282727314725028434e-01 5.479494941362311744e-02 4.811100724514801308e-01 -3.214170283801222050e-01 -3.214170283801223160e-01 1.927082385373735662e-01
3.183000000000000000e+03 5.052391806153061538e+01 -8.960529116337099254e-01 -1.796453815556550704e-01 -8.960529116337099254e-01 -1.796453815556550704e-01 7.681788858171330059e-01 -2.415272392836178561e-01 -2.415272392836178283e-01 9.758571517104493165e-02
3.244000000000000000e+03 4.918900285570008180e+01 -1.179144077757842357e+00 -1.821084651383198250e-01 -1.179144077757842357e+00 -1.821084651383198250e-01 3.101192189564159762e-01 1.916877143602646882e-01 1.916877143602646050e-01 -1.882066486375696679e-01
3.305000000000000000e+03 4.815969938146390916e+01 -1.068702599258396724e+00 -2.746796284218719353e-01 -1.068702599258396724e+00 -2.746796284218719353e-01 8.858972923076366968e-01 4.222480954072754117e-02 4.222480954072752729e-02 5.810596628280497583e-02
3.366000000000000000e+03 4.732992656343454740e+01 -4.567786072859746915e-01 -5.447099130578628157e-03 -4.567786072859746915e-01 -5.447099130578628157e-03 8.750338474707453074e-01 5.694652277596759515e-03 5.694652277596759515e-03 -2.752384214680668809e-02
3.447000000000000000e+03 4.610739249197501977e+01 -4.095779304741869464e-01 -9.826652106752016558e-02 -4.095779304741869464e-01 -9.826652106752016558e-02 6.967403009737300756e-01 6.462123697238940367e-02 6.462123697238938980e-02 3.154549001326813484e-01
3.548000000000000000e+03 4.490107682641522757e+01 -4.351907101176607506e-01 -5.057266712794645375e-02 -4.351907101176607506e-01 -5.057266712794645375e-02 2.044518915432799178e-01 -1.070465833848276288e-01 -1.070465833848276704e-01 3.581914581401169917e-01
3.649000000000000000e+03 4.531394240439580301e+01 -3.996557092553776336e-01 -7.504486624620654300e-02 -3.996557092553776336e-01 -7.504486624620654300e-02 -5.213986059032031939e-01 -4.383741858444167860e-02 -4.383741858444167860e-02 -1.816815264992972800e-01
3.750000000000000000e+03 4.540770017526270408e+01 -5.151851782946499647e-02 5.544262925168179368e-02 -5.151851782946499647e-02 5.544262925168179368e-02 6.021504110322852821e-01 2.393804003565678795e-01 2.393804003565680183e-01 2.311965853288397987e-01
3.851000000000000000e+03 4.597476289903143964e+01 2.136447382798892514e-01 -1.135644510591675843e-01 2.136447382798892514e-01 -1.135644510591675843e-01 2.647389143782462595e-01 7.820110146055392342e-02 7.820110146055386791e-02 1.154270479818308853e-01
3.952000000000000000e+03 4.650819127877333159e+01 -3.551162306225672527e-01 -1.289637251097102422e-01 -3.551162306225672527e-01 -1.289637251097102422e-01 4.150555092882008967e-01 1.905188646380691631e-01 1.905188646380692186e-01 -6.620106958351524851e-01
4.053000000000000000e+03 4.780734547462289186e+01 -3.286541757421781451e-01 2.414359635590673236e-01 -3.286541757421781451e-01 2.414359635590673236e-01 5.737881392771951861e-01 -1.841498219278308313e-01 -1.841498219278308868e-01 -4.727747146059599892e-01
4.154000000000000000e+03 4.848566488253666051e+01 -1.893451466769021929e-01 -5.061391955374112961e-02 -1.893451466769021929e-01 -5.061391955374112961e-02 3.297293788138099813e-01 -3.240447048897061033e-01 -3.240447048897059368e-01 -2.590960962705460280e-01
4.255000000000000000e+03 4.998579732733426084e+01 -1.998891125848979988e-01 7.929510708350451242e-02 -1.998891125848979988e-01 7.929510708350451242e-02 1.878325652741527907e-01 -2.314246341826906028e-01 -2.314246341826903530e-01 2.645922071394019581e-01
4.356000000000000000e+03 5.151248732449948875e+01 1.001459467758311905e-01 1.807182407348141562e-02 1.001459467758311905e-01 1.807182407348141562e-02 3.294584797449814362e-01 2.464849880818857086e-01 2.464849880818857364e-01 5.197604568842446870e-02
4.457000000000000000e+03 5.338348808660015976e+01 -2.311066126313820468e-01 3.212361154910413630e-01 -2.311066126313820468e-01 3.212361154910413630e-01 -8.891935717036457687e-01 -2.169430125959291855e-01 -2.169430125959292410e-01 -6.747008995124837982e-01
4.558000000000000000e+03 5.482382887879418831e+01 2.068986433270937897e-01 -4.321470434157414497e-01 2.068986433270937897e-01 -4.321470434157414497e-01 -7.154369645324240926e-03 3.732334445468218354e-01 3.732334445468218354e-01 8.803792410974434560e-03
4.659000000000000000e+03 5.666497566913969308e+01 -3.086380695707882094e-01 1.288273863810960318e-01 -3.086380695707882094e-01 1.288273863810960318e-01 -6.439730521256553653e-02 -7.616366718800842150e-01 -7.616366718800839930e-01 6.148623696028141516e-01
4.760000000000000000e+03 5.759220249088551213e+01 -1.416881805014522794e-02 -3.452174874982981700e-01 -1.416881805014522794e-02 -3.452174874982981700e-01 5.023987861432644975e-01 3.448996898707009651e-01 3.448996898707010206e-01 -1.408787866944312794e+00
4.861000000000000000e+03 5.917291082764126031e+01 2.213340026213315159e-01 4.025216044226090362e-01 2.213340026213315159e-01 4.025216044226090362e-01 6.648886920876526663e-01 -7.444908440987363374e-01 -7.444908440987366705e-01 -2.000463955245708469e-01
4.962000000000000000e+03 6.115159679390312419e+01 -1.872779595632274585e-01 -1.777032432759443614e-01 -1.872779595632274585e-01 -1.777032432759443614e-01 4.342483534918454846e-01 -6.979986331133190003e-01 -6.979986331133188893e-01 -1.156945165075987214e+00
5.063000000000000000e+03 6.311926958049114944e+01 -2.391833820466836569e-01 4.078746731087518063e-02 -2.391833820466836569e-01 4.078746731087518063e-02 1.946815002656528071e+00 2.624705056007648474e-01 2.624705056007647919e-01 2.385552402197580246e+00
5.164000000000000000e+03 6.483850561999406636e+01 -1.116857746261253448e+00 -2.993960104313428960e-01 -1.116857746261253448e+00 -2.993960104313428960e-01 -8.350669507132977287e-01 4.897627099021563124e-01 4.897627099021563124e-01 1.249172690612331049e+00
5.265000000000000000e+03 6.902097716196500699e+01 5.321416252438841976e-01 4.666033729046737966e-01 5.321416252438841976e-01 4.666033729046737966e-01 -3.851429285822672854e-01 -8.593261316730872457e-01 -8.593261316730870236e-01 -4.894953205726644829e-01
5.366000000000000000e+03 6.997591623529010008e+01 -1.462245925408873992e+00 8.009797312774946665e-02 -1.462245925408873992e+00 8.009797312774946665e-02 -8.412607467084558532e-01 7.079967943873914926e-01 7.079967943873917147e-01 -3.932478592080562052e+00
5.467000000000000000e+03 7.187831858272954833e+01 -9.232890843245364909e-01 3.830160687518245899e-01 -9.232890843245364909e-01 3.830160687518245899e-01 2.752590946654541959e+00 2.597591262723383809e-01 2.597591262723383809e-01 -2.191470448502236490e+00
5.568000000000000000e+03 7.421508973290835343e+01 -5.120008423531532404e-01 -1.348640803842389158e+00 -5.120008423531532404e-01 -1.348640803842389158e+00 1.680849305467505772e+00 -2.819039774016058320e-01 -2.819039774016059430e-01 -2.865368573274059139e-01
5.669000000000000000e+03 7.511627055003070552e+01 -3.179700191814552324e-01 3.482319309728860723e-01 -3.179700191814552324e-01 3.482319309728860723e-01 2.719758273228503942e+00 -2.237877067151057831e-01 -2.237877067151057553e-01 6.775249947572347109e-01
5.770000000000000000e+03 7.790759593539604566e+01 9.621073387447836023e-01 -1.993667367863146689e-01 9.621073387447836023e-01 -1.993667367863146689e-01 3.207490688317473637e+00 6.672255517824110527e-02 6.672255517824113302e-02 -1.906954721226160054e-01
5.871000000000000000e+03 8.226624762679011837e+01 1.183515817183704577e+00 -6.768674596466690563e-01 1.183515817183704577e+00 -6.768674596466690563e-01 2.571083243343280422e+00 3.235922706111109104e+00 3.235922706111109104e+00 7.438421441477472973e-01
