# l Dl_TT Dl_TE Dl_TB Dl_ET Dl_BT Dl_EE Dl_EB Dl_BE Dl_BB
7.050000000000000000e+01 1.843120199612561919e+03 -1.517168663622556934e+01 -5.298860007345504108e+00 -1.517168663622556934e+01 -5.298860007345504108e+00 4.549919281248481773e-01 -3.928964689711482439e-03 -3.928964689711475500e-03 -5.618589580789699889e-02
1.065000000000000000e+02 3.894971352422537620e+03 -1.929787431884575000e+01 1.007488391106637593e+01 -1.929787431884575000e+01 1.007488391106637593e+01 8.646047147595107285e-01 -2.863153261340805472e-02 -2.863153261340806166e-02 4.154288172244974264e-02
1.425000000000000000e+02 3.646320341510497656e+03 -4.182494963446971781e+01 3.731970133141571111e+00 -4.182494963446971781e+01 3.731970133141571111e+00 9.714678947983406143e-01 -8.190595013955215276e-02 -8.190595013955216663e-02 1.336072783876241510e-01
1.785000000000000000e+02 5.454409358626311587e+03 -3.435828455638625201e+01 -3.078346142958606535e+00 -3.435828455638625201e+01 -3.078346142958606535e+00 1.037813145537821891e+00 -2.915550149965211862e-02 -2.915550149965211515e-02 -1.019627783368762530e-01
2.145000000000000000e+02 5.540681089186991812e+03 3.962285100532253690e+00 -2.411864915814836863e+00 3.962285100532253690e+00 -2.411864915814836863e+00 7.464021564159877276e-01 -2.665551447791954243e-02 -2.665551447791953549e-02 3.151434574576345710e-02
2.505000000000000000e+02 5.358012458631274058e+03 6.069084785287459738e+01 -1.349598664671775250e+00 6.069084785287459738e+01 -1.349598664671775250e+00 2.586747533921021969e+00 2.982401851958295727e-02 2.982401851958296421e-02 1.588932613500704805e-01
2.865000000000000000e+02 4.917204714757369402e+03 1.176985436641636227e+02 -2.655266236642956468e+00 1.176985436641636227e+02 -2.655266236642956468e+00 7.073320824385901595e+00 3.309235141892642035e-02 3.309235141892642729e-02 6.327287630175432165e-02
3.225000000000000000e+02 3.222535690660897217e+03 1.129400356646473966e+02 -9.672802344478297343e-01 1.129400356646473966e+02 -9.672802344478297343e-01 1.327872601715598577e+01 -4.521042542029467259e-02 -4.521042542029467259e-02 8.497438776933895210e-02
3.585000000000000000e+02 2.323098894005533566e+03 7.317049018024451357e+01 1.721880159488232476e+00 7.317049018024451357e+01 1.721880159488232476e+00 1.942984377031087462e+01 -9.371660063561396137e-03 -9.371660063561451648e-03 -1.007318187427474893e-01
3.945000000000000000e+02 1.807471347073522566e+03 1.779940856024410323e+00 1.263587288445941148e+00 1.779940856024410323e+00 1.263587288445941148e+00 2.139338638928320080e+01 2.652407560559158495e-01 2.652407560559158495e-01 8.480721486128617315e-02
4.305000000000000000e+02 1.811378135320098863e+03 -4.891160069853348347e+01 -2.510630269477172050e+00 -4.891160069853348347e+01 -2.510630269477172050e+00 1.900163191232166326e+01 -1.872760960955370535e-02 -1.872760960955374698e-02 3.876073370438368193e-03
4.665000000000000000e+02 2.155833120819808300e+03 -7.343972409892163000e+01 -4.818414459326059163e-01 -7.343972409892163000e+01 -4.818414459326059163e-01 1.330431443866744168e+01 8.570005076994666182e-02 8.570005076994666182e-02 1.050297639365400520e-01
5.025000000000000000e+02 2.444202228642720911e+03 -5.311598522873947559e+01 3.343212031290952790e+00 -5.311598522873947559e+01 3.343212031290952790e+00 8.205018333128988317e+00 1.582715099294575989e-01 1.582715099294575989e-01 -1.830760146316384451e-01
5.385000000000000000e+02 2.583789814897223550e+03 -1.556942411912866930e+01 -8.441972652913075637e-01 -1.556942411912866930e+01 -8.441972652913075637e-01 7.692340590050787519e+00 1.194058675830049071e-01 1.194058675830049904e-01 2.238860816179589486e-01
5.745000000000000000e+02 2.544803337285173257e+03 2.511333889699966448e+01 -1.384567186967637920e+00 2.511333889699966448e+01 -1.384567186967637920e+00 1.303306591109030066e+01 1.515592888288052054e-01 1.515592888288052054e-01 2.529075522976657053e-01
6.105000000000000000e+02 2.132984052629937196e+03 2.336732451760239826e+01 1.154975040196094316e+00 2.336732451760239826e+01 1.154975040196094316e+00 2.317879671906173655e+01 -3.178080665136291949e-01 -3.178080665136294169e-01 6.375711640057599161e-02
6.465000000000000000e+02 1.908171561944480572e+03 -4.523405570652790253e+00 1.617130187295148236e-01 -4.523405570652790253e+00 1.617130187295148236e-01 3.332300636446385056e+01 -9.860509837369632602e-02 -9.860509837369628439e-02 2.676248262974736947e-02
6.825000000000000000e+02 1.833858426776812621e+03 -6.752057097163992694e+01 3.185016636351315267e+00 -6.752057097163992694e+01 3.185016636351315267e+00 3.863477441215317754e+01 -3.733114567518577842e-01 -3.733114567518576732e-01 1.861951814978770325e-01
7.185000000000000000e+02 1.992910850028567893e+03 -1.213514634665256722e+02 1.783439703294127376e-01 -1.213514634665256722e+02 1.783439703294127376e-01 3.483434910417127384e+01 -4.537034166800960056e-02 -4.537034166800964219e-02 3.812928730020211932e-01
7.545000000000000000e+02 2.307178090690674708e+03 -1.318231381025314306e+02 1.123610298351394476e+00 -1.318231381025314306e+02 1.123610298351394476e+00 2.661523791236449554e+01 -1.893029525338113528e-01 -1.893029525338113805e-01 7.197962487168520218e-02
7.905000000000000000e+02 2.505241929905598681e+03 -1.017591056305730177e+02 9.951820422916223263e-01 -1.017591056305730177e+02 9.951820422916223263e-01 1.790035312453591132e+01 4.892510536093852558e-03 4.892510536093797047e-03 3.880347639515214220e-01
8.265000000000000000e+02 2.552018264124342295e+03 -4.239194684385552137e+01 1.414800423608935098e+00 -4.239194684385552137e+01 1.414800423608935098e+00 1.244549808169042215e+01 -2.776582865207667949e-01 -2.776582865207666839e-01 -1.551235509206381480e-01
8.625000000000000000e+02 2.333702325286689756e+03 1.933708821526548505e+01 4.246474409888428170e+00 1.933708821526548505e+01 4.246474409888428170e+00 1.506061165858192119e+01 1.883492931132834114e-01 1.883492931132833836e-01 2.951914185540332469e-01
8.985000000000000000e+02 1.923796312919318780e+03 5.272682239885735811e+01 1.861984573285938360e+00 5.272682239885735811e+01 1.861984573285938360e+00 2.318399181633395401e+01 1.903329030447558079e-01 1.903329030447558079e-01 -1.873123054218290284e-01
9.345000000000000000e+02 1.522767260952530023e+03 5.184428741724534007e+01 -7.640081618351285409e-01 5.184428741724534007e+01 -7.640081618351285409e-01 3.353344053426766891e+01 3.049919780111018386e-01 3.049919780111018386e-01 2.220702045307079153e-01
9.705000000000000000e+02 1.248444264948758018e+03 1.473420398387970387e+01 3.510295300981383093e-01 1.473420398387970387e+01 3.510295300981383093e-01 4.149725285827371124e+01 -3.206608408061403237e-01 -3.206608408061402682e-01 -3.025988196345940837e-02
1.006500000000000000e+03 1.102412512353464535e+03 -2.895781467023429911e+01 -1.134920301197351322e-01 -2.895781467023429911e+01 -1.134920301197351322e-01 4.193158515957190957e+01 -1.621537400939416507e-01 -1.621537400939414286e-01 1.627633434283350389e-01
1.042500000000000000e+03 1.099483354059108024e+03 -6.871900995961013336e+01 5.487174796842204660e-01 -6.871900995961013336e+01 5.487174796842204660e-01 3.518566408474882223e+01 -9.989239040629577238e-02 -9.989239040629574462e-02 -1.486836934601842020e-01
1.078500000000000000e+03 1.178991909585645999e+03 -7.838742260528744055e+01 2.399786045135292589e-01 -7.838742260528744055e+01 2.399786045135292589e-01 2.612783071593148776e+01 -1.031743727567440982e-01 -1.031743727567440982e-01 1.903900911766303883e-01
1.114500000000000000e+03 1.266058738109114302e+03 -5.869831844283893929e+01 1.537201401108509558e+00 -5.869831844283893929e+01 1.537201401108509558e+00 1.714225437410324560e+01 -2.858178130047371313e-01 -2.858178130047369647e-01 -3.636137366296841866e-02
1.150500000000000000e+03 1.249612786818761606e+03 -2.883524515774943353e+01 -8.486007093772721666e-01 -2.883524515774943353e+01 -8.486007093772721666e-01 1.288595728460265377e+01 2.998745482140416918e-01 2.998745482140417473e-01 -2.842493465432245348e-01
1.186500000000000000e+03 1.152957810707830959e+03 8.461297507928589035e-02 -3.453213335308555343e-01 8.461297507928589035e-02 -3.453213335308555343e-01 1.608509899053723302e+01 1.602471989639397965e-01 1.602471989639397965e-01 3.577239214344851148e-01
1.222500000000000000e+03 9.992082994081316656e+02 6.135750690408970698e+00 -1.528158803283946043e-01 6.135750690408970698e+00 -1.528158803283946043e-01 2.104243932030239250e+01 5.095913594691854342e-01 5.095913594691852122e-01 5.200350893704805966e-01
1.258500000000000000e+03 8.554291576241386110e+02 -4.576748434981238844e+00 -4.647063576026941312e-01 -4.576748434981238844e+00 -4.647063576026941312e-01 2.781505299861801817e+01 2.756262306986729804e-01 2.756262306986730914e-01 3.381953172090841342e-01
1.294500000000000000e+03 7.701034771328535271e+02 -2.687264354697003554e+01 -7.255893651300558966e-01 -2.687264354697003554e+01 -7.255893651300558966e-01 2.994048659811233293e+01 -4.167054003939399398e-01 -4.167054003939400508e-01 8.191886071053415819e-01
1.330500000000000000e+03 7.870308932404436746e+02 -5.143870210541899723e+01 1.024969960545326408e+00 -5.143870210541899723e+01 1.024969960545326408e+00 2.937324941315407045e+01 1.760668500395832781e-01 1.760668500395833336e-01 -5.772490229260814898e-01
1.366500000000000000e+03 8.277993186437445274e+02 -5.853768584939730601e+01 -1.614930376652313981e+00 -5.853768584939730601e+01 -1.614930376652313981e+00 2.242790554867910302e+01 1.242853108946952445e-01 1.242853108946953000e-01 2.854530840167703309e-01
1.402500000000000000e+03 8.702210591093831908e+02 -5.343292444470735347e+01 7.183177527119358752e-01 -5.343292444470735347e+01 7.183177527119358752e-01 1.735627705900124695e+01 2.119055561214256145e-01 2.119055561214256700e-01 -1.685785371956272372e-01
1.438500000000000000e+03 8.671837923008886264e+02 -3.370488889858105352e+01 2.298389138887008354e+00 -3.370488889858105352e+01 2.298389138887008354e+00 1.225543836351235960e+01 1.111331743997754640e-01 1.111331743997755472e-01 4.079766735113901088e-01
1.474500000000000000e+03 8.153114654406782620e+02 -1.346073775361115565e+01 1.704314966870061621e-01 -1.346073775361115565e+01 1.704314966870061621e-01 1.179698905860520242e+01 -4.828466430401183174e-01 -4.828466430401182063e-01 6.023386825805457367e-02
1.510500000000000000e+03 7.101299288780348888e+02 6.940253864983710885e-01 -1.381708712001405992e+00 6.940253864983710885e-01 -1.381708712001405992e+00 1.417763030743427777e+01 -2.682247711696745807e-01 -2.682247711696748582e-01 7.342787606081672136e-01
1.546500000000000000e+03 6.099055923301743860e+02 4.762465591651277919e+00 8.807677066583390335e-01 4.762465591651277919e+00 8.807677066583390335e-01 1.694263784435911901e+01 7.909422974082891411e-02 7.909422974082888635e-02 -6.798843263020923344e-02
1.582500000000000000e+03 5.162940293943080405e+02 -1.679504656759609915e+00 1.678722859774176013e-01 -1.679504656759609915e+00 1.678722859774176013e-01 1.947075519735618698e+01 -4.275720153432175930e-01 -4.275720153432174819e-01 -3.587376551623113700e-03
1.618500000000000000e+03 4.717038287863867936e+02 -1.439354139636714258e+01 -3.502875379578984649e-01 -1.439354139636714258e+01 -3.502875379578984649e-01 2.100892363517408867e+01 1.244980892653540644e-01 1.244980892653540228e-01 -1.372169712162571997e-01
1.654500000000000000e+03 4.556092182757014371e+02 -2.447267797425699953e+01 5.348732117395940122e-01 -2.447267797425699953e+01 5.348732117395940122e-01 1.852878715504098039e+01 5.831296847978623132e-02 5.831296847978617581e-02 4.528958010532090905e-01
1.690500000000000000e+03 4.587544738793507122e+02 -3.037294678366488654e+01 4.068773819473824327e-01 -3.037294678366488654e+01 4.068773819473824327e-01 1.472396440127646677e+01 2.603426530119440363e-01 2.603426530119440363e-01 1.850658571198066926e-01
1.726500000000000000e+03 4.738010438268178746e+02 -2.720821053818271551e+01 -4.872103152280425897e-01 -2.720821053818271551e+01 -4.872103152280425897e-01 1.095837592719133724e+01 -1.707361469391145969e-01 -1.707361469391145414e-01 -5.698578681881748542e-01
1.762500000000000000e+03 4.603548605527587370e+02 -1.743875840467010363e+01 7.133969943435372052e-01 -1.743875840467010363e+01 7.133969943435372052e-01 9.316352389729329886e+00 1.711585941914206821e-01 1.711585941914209041e-01 2.151367446173080566e-01
1.798500000000000000e+03 4.396641040952671347e+02 -9.562693485962434181e+00 -2.932047091281157480e-01 -9.562693485962434181e+00 -2.932047091281157480e-01 7.653732677257002237e+00 -2.797602609835312393e-01 -2.797602609835311283e-01 5.487723056608154737e-01
1.834500000000000000e+03 3.943925770868930840e+02 -4.218987345832180935e+00 7.682755325286283465e-03 -4.218987345832180935e+00 7.682755325286283465e-03 8.531237973987277456e+00 5.264647289594420049e-02 5.264647289594419355e-02 4.063375341845643085e-01
1.870500000000000000e+03 3.598189416867122077e+02 -4.837920775898046699e+00 -2.803631995298564994e-01 -4.837920775898046699e+00 -2.803631995298564994e-01 1.111040252640667170e+01 -5.496724777373761528e-01 -5.496724777373760418e-01 3.531664988910286351e-01
1.906500000000000000e+03 3.311970843158031244e+02 -9.596665245230909136e+00 1.220323783119207084e-01 -9.596665245230909136e+00 1.220323783119207084e-01 1.250062845264758238e+01 -4.364651234844589833e-01 -4.364651234844589278e-01 -5.130267654859980153e-01
1.942500000000000000e+03 3.118133994309490049e+02 -1.390953720843281260e+01 -1.151565189174490467e-01 -1.390953720843281260e+01 -1.151565189174490467e-01 1.149907503681163945e+01 4.805937748087914518e-01 4.805937748087913963e-01 -4.763904510762257960e-01
1.978500000000000000e+03 3.089821667919830475e+02 -1.629919740280017493e+01 1.057731327271940192e+00 -1.629919740280017493e+01 1.057731327271940192e+00 9.741474460268355173e+00 -5.688561870460280279e-01 -5.688561870460282499e-01 -1.754564244118595462e-01
2.014500000000000000e+03 3.193980297370812309e+02 -1.675364054907943867e+01 -1.414649578844631717e-02 -1.675364054907943867e+01 -1.414649578844631717e-02 7.800085957384597535e+00 -8.740354481354969951e-02 -8.740354481354958849e-02 2.411615205822008612e-01
2.050500000000000000e+03 3.200590040309973006e+02 -1.424071832752264655e+01 -4.398056770956177974e-01 -1.424071832752264655e+01 -4.398056770956177974e-01 7.605801886606586848e+00 -2.865792541652230074e-01 -2.865792541652230074e-01 1.050400945397706731e-01
2.086500000000000000e+03 3.099252294526471019e+02 -9.196107580352508748e+00 -1.382047890615345942e+00 -9.196107580352508748e+00 -1.382047890615345942e+00 5.925972950777692816e+00 3.398296475471516143e-01 3.398296475471515032e-01 7.814185039613604777e-01
2.122500000000000000e+03 2.813358284520933807e+02 -5.233617603194961276e+00 -2.083386999049743893e-01 -5.233617603194961276e+00 -2.083386999049743893e-01 3.945024133945778555e+00 6.734500494316838504e-01 6.734500494316839614e-01 -9.339574685022324907e-01
2.158500000000000000e+03 2.645145238444065399e+02 -2.332701160316065003e+00 3.129570838071160099e-01 -2.332701160316065003e+00 3.129570838071160099e-01 5.028156508665564850e+00 -6.124739983069925620e-01 -6.124739983069925620e-01 -4.285501961765263990e-01
2.207000000000000000e+03 2.357656014467886507e+02 -3.912407134188023328e+00 -1.707221317928278581e-01 -3.912407134188023328e+00 -1.707221317928278581e-01 5.642711266682390203e+00 1.712521723876221647e-01 1.712521723876220814e-01 3.208832942902235530e-01
2.268000000000000000e+03 2.170030709813372596e+02 -6.496190742376052540e+00 -1.133546271292761587e-01 -6.496190742376052540e+00 -1.133546271292761587e-01 5.387928170524383553e+00 -5.192387656223935721e-01 -5.192387656223935721e-01 -5.544511154600171438e-02
2.329000000000000000e+03 2.191281183373428121e+02 -7.587310794838321826e+00 6.329249254847271189e-01 -7.587310794838321826e+00 6.329249254847271189e-01 4.331086076740387369e+00 -5.361241557295363114e-01 -5.361241557295366444e-01 5.192493469995989042e-01
2.390000000000000000e+03 2.156054551730481990e+02 -5.966056555430915509e+00 -6.263137317782061508e-01 -5.966056555430915509e+00 -6.263137317782061508e-01 3.617981242836976641e+00 -1.993419039014435179e-01 -1.993419039014435734e-01 2.416055814463267115e-01
2.451000000000000000e+03 2.057546114232293348e+02 -2.593810555728809142e+00 -2.627893095595644213e-01 -2.593810555728809142e+00 -2.627893095595644213e-01 2.388456007961379246e+00 -2.567207510306991902e-01 -2.567207510306992457e-01 -7.759460816433118024e-01
2.512000000000000000e+03 1.933527368728048828e+02 -2.701366499613719441e+00 -1.522609226125593018e-01 -2.701366499613719441e+00 -1.522609226125593018e-01 3.580239178828378943e+00 3.097923480660517148e-01 3.097923480660519369e-01 9.589174957796127163e-01
2.573000000000000000e+03 1.886402927416624209e+02 -4.459478798564399327e+00 -8.287730172867394662e-01 -4.459478798564399327e+00 -8.287730172867394662e-01 2.919359564704909094e+00 6.592482090351824420e-01 6.592482090351825530e-01 -2.372516044759688178e-02
2.634000000000000000e+03 1.847755385734625975e+02 -3.977029587750369632e+00 7.465769199084024699e-01 -3.977029587750369632e+00 7.465769199084024699e-01 2.344279577246894064e+00 -6.071322955627489470e-02 -6.071322955627483919e-02 9.952664318214402561e-01
2.695000000000000000e+03 1.885149906209186668e+02 -2.832870399255973393e+00 -1.284683460715742243e+00 -2.832870399255973393e+00 -1.284683460715742243e+00 2.781653346528192738e+00 7.006295238442616924e-01 7.006295238442619144e-01 -1.059088576117763303e+00
2.756000000000000000e+03 1.823162733830292268e+02 -2.624042568008428944e+00 7.160656732064261121e-01 -2.624042568008428944e+00 7.160656732064261121e-01 1.863109916982976344e+00 6.424394758646803094e-01 6.424394758646805315e-01 8.681949309894083644e-01
2.817000000000000000e+03 1.777534697733768780e+02 -8.717992611696255834e-01 -8.341599459284587681e-01 -8.717992611696255834e-01 -8.341599459284587681e-01 1.850075497704522398e+00 6.900665962685621491e-01 6.900665962685617050e-01 2.389034228410134852e-01
2.878000000000000000e+03 1.780584871232614432e+02 -1.550999996305380435e+00 -3.894484031108343403e-01 -1.550999996305380435e+00 -3.894484031108343403e-01 -1.327880871242754224e-01 -2.173722896908227842e-01 -2.173722896908228397e-01 -2.006614904808070865e-01
2.939000000000000000e+03 1.784039198670740518e+02 -2.017881544674752003e+00 -5.455670598777465630e-01 -2.017881544674752003e+00 -5.455670598777465630e-01 6.383095081228808976e-01 -4.871258399818058638e-01 -4.871258399818061968e-01 -1.150453468869429230e+00
3.000000000000000000e+03 1.816232668755783095e+02 -4.705038837462521828e-01 -6.545807247441088883e-01 -4.705038837462521828e-01 -6.545807247441088883e-01 2.128565808624320876e+00 1.514966736407615255e-01 1.514966736407615255e-01 -4.722683955762606023e-01
3.061000000000000000e+03 1.821015398811416901e+02 -4.365544909555839070e-01 2.631295895794798501e-01 -4.365544909555839070e-01 2.631295895794798501e-01 6.982155229208338865e-01 6.364851658320236361e-03 6.364851658320402894e-03 -5.184219165890804337e-01
3.122000000000000000e+03 1.836677922017080391e+02 -1.430132259971422348e+00 8.891703683179628115e-01 -1.430132259971422348e+00 8.891703683179628115e-01 1.359728860206287804e+00 -1.007832422282521345e-01 -1.007832422282521345e-01 2.413349763123092545e-02
3.183000000000000000e+03 1.870250038035730142e+02 8.782634336944233899e-02 1.576224167907895435e+00 8.782634336944233899e-02 1.576224167907895435e+00 6.511278461215528335e-01 -7.580026036844533799e-02 -7.580026036844533799e-02 1.206036307611853264e-01
3.244000000000000000e+03 1.887544968831229824e+02 -8.127552547819323348e-01 2.695929078666264300e-01 -8.127552547819323348e-01 2.695929078666264300e-01 9.944523926486131815e-01 5.658218220448348879e-01 5.658218220448348879e-01 -5.488532618049597467e-01
3.305000000000000000e+03 1.895154371795633210e+02 -5.364566990486505649e-01 -1.618400095579240361e+00 -5.364566990486505649e-01 -1.618400095579240361e+00 6.638670563887023590e-01 -6.780980123568267626e-01 -6.780980123568266515e-01 1.375713465672534719e+00
3.366000000000000000e+03 1.925788556577837767e+02 1.525552541074950419e-01 -1.420970838530390967e-01 1.525552541074950419e-01 -1.420970838530390967e-01 -5.643787977940784018e-01 -5.952571160228695701e-01 -5.952571160228703473e-01 -8.526403048111201866e-01
3.447000000000000000e+03 1.966342992590737424e+02 -1.333804119591836423e+00 -4.165098421517196003e-01 -1.333804119591836423e+00 -4.165098421517196003e-01 5.551947024532435382e-01 2.010625542830653256e-01 2.010625542830652701e-01 -8.141711820729045090e-01
3.548000000000000000e+03 2.031474237966436078e+02 -7.695679838653965432e-02 -1.052097249040630511e-01 -7.695679838653965432e-02 -1.052097249040630511e-01 5.080645522717214257e-01 -1.475100086921548106e-02 -1.475100086921548453e-02 -1.102168060369204672e-01
3.649000000000000000e+03 2.105190023987147470e+02 -5.084079342095165766e-02 1.841950740809648046e-01 -5.084079342095165766e-02 1.841950740809648046e-01 7.643161984593065394e-01 -1.195235419801631283e+00 -1.195235419801631060e+00 1.243055373146938036e+00
3.750000000000000000e+03 2.175663313221461692e+02 4.967062757998156330e-01 2.144007628587352998e-01 4.967062757998156330e-01 2.144007628587352998e-01 -1.214841502644946170e+00 5.235395921930863228e-01 5.235395921930862118e-01 5.449500971618382872e-01
3.851000000000000000e+03 2.260100076022115445e+02 1.963084632926376250e-02 6.452749182729710098e-01 1.963084632926376250e-02 6.452749182729710098e-01 1.680902508798483019e+00 -2.490777768479365939e+00 -2.490777768479364607e+00 1.279323761405843696e+00
3.952000000000000000e+03 2.347360557789070299e+02 5.487276646481177300e-01 5.463936695911499886e-01 5.487276646481177300e-01 5.463936695911499886e-01 -4.656484596615139138e-01 2.112681958105064317e-01 2.112681958105064317e-01 -2.436733931630282957e+00
4.053000000000000000e+03 2.443739732791898405e+02 2.167752994239258157e-02 -1.655392594195389755e+00 2.167752994239258157e-02 -1.655392594195389755e+00 -1.002600220874263759e-01 -4.024611871028049848e-02 -4.024611871028027643e-02 -4.121169486810442040e-01
4.154000000000000000e+03 2.533730273592293258e+02 -1.343485636283434648e-01 -1.079568271275342273e+00 -1.343485636283434648e-01 -1.079568271275342273e+00 1.828906991077207778e+00 6.995849995469116678e-02 6.995849995469116678e-02 1.632424284891540900e+00
4.255000000000000000e+03 2.625906241147268929e+02 -1.420664749740539468e-01 -6.268139872109633748e-01 -1.420664749740539468e-01 -6.268139872109633748e-01 4.406525368443547364e-01 -1.896579177556580453e-01 -1.896579177556581286e-01 -1.879584775401585972e+00
4.356000000000000000e+03 2.717226319479648851e+02 4.647802922262150860e-01 -1.369854517521615689e+00 4.647802922262150860e-01 -1.369854517521615689e+00 1.721854385544848154e-01 3.995404048854945267e-01 3.995404048854946377e-01 -2.611352739368570042e+00
4.457000000000000000e+03 2.803950466779235171e+02 3.017099600373889245e-01 7.095373277181318272e-01 3.017099600373889245e-01 7.095373277181318272e-01 -1.246560730811148376e+00 -8.683217144370087848e-01 -8.683217144370086737e-01 -4.810439125855431874e-01
4.558000000000000000e+03 2.897964002070141305e+02 -2.605660669721522327e-01 9.533712550800462759e-01 -2.605660669721522327e-01 9.533712550800462759e-01 -1.165164254499983398e+00 -2.483282371707841441e-01 -2.483282371707841718e-01 -1.360486941291617180e+00
4.659000000000000000e+03 3.003983306903151060e+02 1.757813738974732587e+00 8.489892053094625357e-01 1.757813738974732587e+00 8.489892053094625357e-01 -7.998562177572233756e-01 -1.861153882281651184e-01 -1.861153882281650074e-01 1.953625396949738802e+00
4.760000000000000000e+03 3.116976386981899054e+02 -3.818988036756310045e-01 -6.983985194119686213e-01 -3.818988036756310045e-01 -6.983985194119686213e-01 1.766193008301848222e+00 7.678124441418412438e-01 7.678124441418415769e-01 -5.707862857977112903e-01
4.861000000000000000e+03 3.233609357335126901e+02 -1.368827808784488509e+00 -3.455100061405685929e-01 -1.368827808784488509e+00 -3.455100061405685929e-01 -6.038415921227741068e-01 4.657919021432977980e-01 4.657919021432976869e-01 2.320492307141126531e+00
4.962000000000000000e+03 3.321281591293438851e+02 9.036199766439341197e-01 -8.596487852197882695e-01 9.036199766439341197e-01 -8.596487852197882695e-01 1.853838005020224999e+00 1.664949766954598509e+00 1.664949766954598509e+00 -4.991042296904580899e-01
5.063000000000000000e+03 3.452027950623736388e+02 2.109391295236247021e+00 6.948706323306745869e-01 2.109391295236247021e+00 6.948706323306745869e-01 -3.977360166107563599e-01 1.682504823610959099e-01 1.682504823610960487e-01 -1.495521768049630662e+00
5.164000000000000000e+03 3.544890557536716642e+02 -1.469981298081649346e+00 -1.440724778399371520e+00 -1.469981298081649346e+00 -1.440724778399371520e+00 -1.599428132616402154e+00 1.573827836558451265e-01 1.573827836558446824e-01 -3.676593093878170126e+00
5.265000000000000000e+03 3.663309455576413711e+02 5.802475357680144663e-01 -1.133117725538272058e+00 5.802475357680144663e-01 -1.133117725538272058e+00 -1.829470388281446480e+00 -1.060246786370232952e+00 -1.060246786370232730e+00 -4.118336438513007458e+00
5.366000000000000000e+03 3.774325390134622467e+02 1.518052169585596189e+00 3.101579775558158669e-01 1.518052169585596189e+00 3.101579775558158669e-01 1.509150241159082917e+00 -1.290720679203315902e+00 -1.290720679203315902e+00 2.589029701912716197e-01
5.467000000000000000e+03 3.887097685397534974e+02 -2.688677534406049840e-01 7.701945429387071496e-01 -2.688677534406049840e-01 7.701945429387071496e-01 2.624834394410807459e+00 8.730969748468215830e-01 8.730969748468220271e-01 1.704977000015150734e+00
5.568000000000000000e+03 3.997294840320476510e+02 -1.130993718935921377e+00 -1.796773355692691920e+00 -1.130993718935921377e+00 -1.796773355692691920e+00 -1.134525794825689493e+00 1.169765961973680657e+00 1.169765961973680657e+00 2.129585558935416678e+00
5.669000000000000000e+03 4.182939230641754307e+02 3.570833187191867486e-01 -1.858623793358393783e+00 3.570833187191867486e-01 -1.858623793358393783e+00 2.885101295993025783e+00 2.044921832589543076e+00 2.044921832589543520e+00 -8.907914114087970292e-01
5.770000000000000000e+03 4.309515053991755167e+02 9.214194645930673389e-02 -2.366794250480407591e+00 9.214194645930673389e-02 -2.366794250480407591e+00 -1.140392194576658635e+00 2.088046441734794811e+00 2.088046441734795255e+00 -1.552174628173545345e+00
5.871000000000000000e+03 4.471368252675007398e+02 -1.686786853434764533e+00 4.236776422506955964e-01 -1.686786853434764533e+00 4.236776422506955964e-01 5.893253061616154920e-01 -5.009428643841830064e-01 -5.009428643841828954e-01 -1.764849072763449156e+00
