# l Dl_TT Dl_TE Dl_TB Dl_ET Dl_BT Dl_EE Dl_EB Dl_BE Dl_BB
7.050000000000000000e+01 2.113948465321958338e+03 -4.955343212778134721e+00 3.071406260136151367e-01 -9.174572158601481675e+00 -9.618860630435223102e-01 3.392978508905107327e-01 -4.651691577676055067e-02 2.428496649000756388e-03 -7.086358005086379301e-03
1.065000000000000000e+02 2.971188302393955382e+03 -3.024809530294959004e+01 -9.434488334823163402e-01 -2.803371847800345762e+01 2.240225455768417362e+00 9.449369827440687875e-01 3.985586031906290794e-02 -1.204717216495155771e-02 -1.630653883331312573e-02
1.425000000000000000e+02 4.263139046274443899e+03 -4.449420988246481556e+01 -3.276200653014250674e-01 -4.717391554475887006e+01 3.195174782751700748e-01 1.081082269758261161e+00 -8.026655634267271244e-03 -3.718495711776433760e-02 8.201689223043581722e-03
1.785000000000000000e+02 5.038255407632222159e+03 -3.559144177700872547e+01 -1.862147144426072876e-01 -3.631440975304067820e+01 -7.027857477010349685e-01 8.730233729301603018e-01 -3.470307059974653274e-02 -5.387272035729908856e-03 3.174642527651883039e-02
2.145000000000000000e+02 5.791630649021088175e+03 4.207028083979952982e+00 2.909838861406981003e+00 5.593179665468286821e+00 -1.904568567555370073e+00 8.194784652167841354e-01 -5.879987501760539775e-02 -4.428367623118435042e-02 2.627961310257101793e-02
2.505000000000000000e+02 5.464044648205870544e+03 6.574682420809774896e+01 5.113829625306840487e-01 6.299945467314226732e+01 -4.738211691052948149e-01 2.481210362763096811e+00 -2.981817820324234730e-02 -1.458877355986425844e-02 -2.663028732048909608e-02
2.865000000000000000e+02 4.402052857047257930e+03 1.096191290553765043e+02 -3.376670893305815380e-01 1.124141610426777049e+02 1.967316872017955909e+00 6.913509050252331534e+00 -1.690552617820749448e-02 -1.007660340209573339e-02 4.683006791341170344e-02
3.225000000000000000e+02 3.360904568620349892e+03 1.194027692934945719e+02 -2.536821745503916148e+00 1.182800001879214733e+02 3.066921339688935544e-01 1.340147542203395936e+01 -1.880527623869084064e-02 4.931255618245123512e-02 2.414906410652237212e-02
3.585000000000000000e+02 2.282737069880616673e+03 7.375985552602469397e+01 -1.148227500662196920e+00 7.557307255588804651e+01 1.387882939579869745e-01 1.914763063552825173e+01 -8.389012408357870987e-02 -9.174607228359202282e-02 7.754851945401017299e-02
3.945000000000000000e+02 1.794186137993311831e+03 1.257461741436789993e+01 1.219524106604926272e+00 9.325735762021219344e+00 -3.733606110262089883e-01 2.173982789505017621e+01 -2.208248999738913754e-01 8.913673289410654899e-02 6.323982075052572704e-02
4.305000000000000000e+02 1.835836465942030145e+03 -5.374559843704986406e+01 1.047308111632147209e+00 -4.913715203444143498e+01 -4.007499839577018386e-01 1.943901840247644941e+01 -1.415953650657483520e-01 5.117370145890988431e-02 2.032516850722876356e-02
4.665000000000000000e+02 2.057790649259162819e+03 -7.049555910488845711e+01 2.401610673685736774e+00 -7.039392930737727738e+01 3.420390361083653352e-01 1.326197449652533855e+01 -1.011941409586117890e-01 -2.527309889828174838e-02 6.117608199946217296e-02
5.025000000000000000e+02 2.420195580087258350e+03 -5.804975587644472057e+01 1.042868448183528418e+00 -5.287841973549764418e+01 -1.368517740793451509e-01 8.181962646523437854e+00 -1.072800309518504025e-01 8.682216321100229284e-03 3.915831849939676451e-02
5.385000000000000000e+02 2.603003404165832762e+03 -1.204779672879823771e+01 -2.086008682712494622e+00 -1.184902970306004022e+01 -2.473825779141147763e-01 7.371783410512300350e+00 2.282198106207300736e-01 2.114703635209191912e-02 8.468996450001826937e-02
5.745000000000000000e+02 2.463748304697817730e+03 2.082877188653324652e+01 -2.339929847766478721e-01 2.185257511226034666e+01 2.968030733876312888e-01 1.281555881984700207e+01 9.023609693102459250e-02 7.539192505553986290e-02 1.240910858219804458e-01
6.105000000000000000e+02 2.143896475034585819e+03 2.649052286786775312e+01 -6.924654916114894032e-01 2.636497830622077032e+01 -3.472752862248237316e-01 2.335520229067864051e+01 5.150355180759980805e-02 6.677997921630912659e-02 4.870935560391208285e-02
6.465000000000000000e+02 1.861831353686985267e+03 -1.465481043229352665e+01 9.706883613088317375e-01 -1.222921993380670891e+01 -1.001547543135425045e+00 3.291831866503483894e+01 -1.315710330705990305e-01 -9.398156898135530402e-02 4.809439420046786318e-02
6.825000000000000000e+02 1.796800432187691513e+03 -6.631861587966966454e+01 4.090357865487301847e-01 -6.663265303540342188e+01 2.775835320955968855e-01 3.753078024898307063e+01 1.526984523373652314e-01 1.013114602141263615e-01 1.236182837605072499e-01
7.185000000000000000e+02 1.986001354560947220e+03 -1.171004210316714591e+02 -3.667364558881378578e-01 -1.189723180332196932e+02 -8.804293110112544340e-01 3.500362646393539023e+01 -3.751057012067403329e-02 -1.148894614850111545e-01 2.738774295498434125e-02
7.545000000000000000e+02 2.303390955595453761e+03 -1.319005107273448232e+02 -1.568638894180244936e+00 -1.324830508639770699e+02 2.669096970441335870e-01 2.694367003141702810e+01 2.705941351840324693e-01 1.731742805616006686e-01 5.821763398367431341e-02
7.905000000000000000e+02 2.484650640144485806e+03 -1.009815267217169747e+02 1.727159885488635860e+00 -9.984938447678098328e+01 2.528571447316135257e-01 1.731318916711802558e+01 -1.476575551630971914e-02 -4.053392980886192862e-03 9.663576830340731005e-02
8.265000000000000000e+02 2.526986076127430351e+03 -4.401441815624691856e+01 -1.348431607345994765e+00 -4.339610142412672644e+01 4.998596825163508228e-01 1.295607904618057304e+01 1.064262169215241804e-01 -2.909787682659414551e-02 1.176635946020631734e-01
8.625000000000000000e+02 2.311614679619619437e+03 1.744910003594157999e+01 5.229813678316965753e-01 1.862403756346498795e+01 3.039892343677915720e-01 1.475396340419894869e+01 1.203875216644708923e-01 4.202523729577273270e-02 1.719550924904449107e-02
8.985000000000000000e+02 1.924246108720171378e+03 5.631588229338414209e+01 6.303890645529847125e-01 5.515127467003932793e+01 2.944417122584706004e-01 2.388903018921766375e+01 1.537803839328082400e-01 4.947272226481542329e-02 1.124305226422794568e-01
9.345000000000000000e+02 1.512424728541240029e+03 5.397572357770140172e+01 -1.327988429755102340e+00 5.349507146207301389e+01 -7.249525080436960423e-01 3.436815958501819068e+01 3.358161021719568984e-01 -6.813137322794995954e-02 9.175852500377532084e-02
9.705000000000000000e+02 1.190846013291724375e+03 1.434563858793413971e+01 1.410930872625486554e-01 1.541612315272931966e+01 -4.947383400222545857e-01 4.075410736806889389e+01 1.447521007095775580e-01 -1.045774684600540017e-01 9.632205773772657686e-02
1.006500000000000000e+03 1.040219716503409245e+03 -3.180993772475449788e+01 1.554634969759417507e-01 -3.297034921902356075e+01 8.289722544542483806e-01 4.210024570523432885e+01 2.686520725212282468e-01 -9.373885048417850141e-02 8.000156572825174728e-02
1.042500000000000000e+03 1.073975316647225100e+03 -6.568475938525743629e+01 1.337606050216715969e+00 -6.708657588397504412e+01 8.618355029811632928e-01 3.514723548440634460e+01 4.377741748549554557e-02 2.903840625827904670e-02 1.532365130455269342e-01
1.078500000000000000e+03 1.161247386827910304e+03 -7.314440714797257215e+01 -1.035492171644331494e+00 -7.712058371881477115e+01 -2.932442602335594284e-01 2.498918806772818257e+01 -7.957439047323397463e-02 4.266771090014136181e-02 1.432250016070785725e-01
1.114500000000000000e+03 1.253070490321309080e+03 -6.308982179745009233e+01 6.359161535117272002e-02 -6.164405839724308578e+01 -9.564681365728775475e-01 1.723549248474937201e+01 1.155332650355112983e-01 6.270270888815358823e-02 1.560867016174931066e-01
1.150500000000000000e+03 1.218338310633182118e+03 -2.909645428621458052e+01 -1.775118987693427908e+00 -2.879405854212195948e+01 -1.221072998501358420e+00 1.367643549608698450e+01 -4.511391642077991482e-02 -1.354345722267275287e-01 -3.184646579543933681e-02
1.186500000000000000e+03 1.108324514320345770e+03 -4.847814967712666068e+00 1.160719177062237817e+00 -4.611289660462727369e+00 5.327967354200626726e-01 1.529427342937644241e+01 -1.274706255232893326e-01 -8.091349451676106697e-02 6.235483822436635459e-02
1.222500000000000000e+03 9.419875082759546103e+02 6.541137851564187145e+00 1.957502147550875815e-01 6.492981296189615392e+00 -4.301243419759342990e-01 2.166534693523641408e+01 2.025615401889317990e-01 -1.226536685965293472e-01 2.492675095205678093e-01
1.258500000000000000e+03 8.106702183011102534e+02 -2.762772594873718290e+00 -4.999415275076829479e-02 -3.846235193360064919e+00 7.181264996131561107e-01 2.737976782303492129e+01 -2.442601280413013443e-01 -7.017923282030558152e-02 7.954456544661765716e-02
1.294500000000000000e+03 7.510327632349737996e+02 -2.990353609399116763e+01 -4.987291211968948312e-01 -2.840796443149061190e+01 -1.983266420677285702e-01 3.060067293041311842e+01 5.186375303867019060e-02 -1.510424104304199100e-02 1.301419681962276143e-01
1.330500000000000000e+03 7.381036201950646500e+02 -4.991656483987689796e+01 1.114361508070530915e+00 -5.148119018514759659e+01 -1.109730033197001475e+00 2.873906967786135169e+01 -1.980664404418459867e-02 -4.775583781153601437e-02 8.145637538846429992e-03
1.366500000000000000e+03 7.762960883423324958e+02 -5.930848197130893595e+01 2.366812960506428531e+00 -5.861803793593973921e+01 8.689540203861303991e-02 2.290543646585938120e+01 -2.377806288023320835e-02 -1.562261084632518005e-01 3.779630389394342954e-02
1.402500000000000000e+03 8.250476566852994438e+02 -5.451293670827142535e+01 1.051518631986684715e+00 -5.530882528367303763e+01 3.423906254960266127e-01 1.692061407834691522e+01 3.885267707194570153e-02 1.242582434056418716e-01 -1.150121362609667075e-02
1.438500000000000000e+03 8.177678562982885069e+02 -3.531259125600771398e+01 2.599294598025033709e-01 -3.405975170765937321e+01 -2.273008201503495807e-01 1.278887206106102070e+01 6.912159065772188749e-02 9.038398137376102426e-02 -3.058526737895220921e-02
1.474500000000000000e+03 7.672549041405311527e+02 -1.327231986068462533e+01 -5.797746059498971594e-01 -1.203271640676337206e+01 8.293410877549615146e-01 1.132921800936884438e+01 -2.664068048555326418e-01 1.663959369559652735e-01 1.102310367815774045e-01
1.510500000000000000e+03 6.708364963964284016e+02 4.122784858109707962e+00 6.148685133964194582e-01 1.808582154871211101e+00 1.804565418992679082e-01 1.356015734156682129e+01 4.257651515188042718e-02 8.240798138487893942e-02 1.923695580786969617e-01
1.546500000000000000e+03 5.527478292423265884e+02 4.645567485469088709e+00 4.664699134243145973e-01 5.855272377140773088e+00 -1.853176281161795225e-01 1.696907313262001438e+01 -7.964432853942229884e-02 -1.806051479161764617e-01 1.447449352068640727e-01
1.582500000000000000e+03 4.552615900315624913e+02 -2.335356519887744842e+00 -5.726388348883184598e-01 -1.878894825429179516e+00 -4.995599053712690418e-03 2.010187467852804843e+01 -1.895888448926803527e-01 -3.061964016718765613e-02 1.867631435726200828e-01
1.618500000000000000e+03 4.084496649620895141e+02 -1.399638567172990733e+01 -2.502231641024292852e-01 -1.441285827616398052e+01 -4.826512937237037448e-01 2.046177650591673114e+01 -5.542159902930834242e-02 1.040906729404054432e-01 1.271808464669453020e-01
1.654500000000000000e+03 3.881811204405155422e+02 -2.650547788285908979e+01 -2.070739033705208954e-01 -2.540424799773741782e+01 6.376062876725818729e-01 1.882749497894943858e+01 3.639201381013537628e-02 -3.432916452282282205e-02 1.782748935686259140e-01
1.690500000000000000e+03 4.038846535406761404e+02 -3.052449037868311876e+01 -4.173291070991098084e-01 -3.110772635081450233e+01 3.376027016039483963e-01 1.507639182214976614e+01 1.929280295379085797e-01 1.277072839043768004e-01 1.040689041556779326e-01
1.726500000000000000e+03 4.056385283584729677e+02 -2.655041423501690190e+01 -2.925642627465877554e-01 -2.686675659799297478e+01 3.165324444473491816e-01 1.118892827251806033e+01 2.224089107862995129e-01 -1.183859630787141570e-01 1.200233411455761678e-01
1.762500000000000000e+03 3.948938746680942131e+02 -1.886308183642357861e+01 1.542880394428269852e-02 -1.828635462163607883e+01 5.404989167612278544e-02 8.679815121852993087e+00 -9.561203701801067323e-02 -1.024593113079580453e-01 1.868393964237481664e-01
1.798500000000000000e+03 3.643447547543923406e+02 -1.051028509779520448e+01 8.387952809086238748e-01 -1.032510770463821004e+01 -6.609134891968058978e-02 7.765887795663219961e+00 -1.372525620225695242e-02 1.115094443751295100e-01 -3.494607469773484965e-02
1.834500000000000000e+03 3.270832787228537200e+02 -5.688931328790657105e+00 3.640855378827012601e-02 -5.619404287416038812e+00 9.739676977416931170e-01 8.565039593096642534e+00 1.651195937608014586e-02 9.575812583175598303e-02 3.277909917011361252e-01
1.870500000000000000e+03 2.877651599932676731e+02 -4.455911631679926543e+00 4.484383186091879248e-01 -4.490835242041288922e+00 -9.164829659189854816e-01 1.040238541230917235e+01 -1.212791147849048429e-01 1.990266403583801913e-01 1.639715484560736458e-01
1.906500000000000000e+03 2.572759333519321672e+02 -9.743227459375521704e+00 -1.019961294894966564e+00 -9.367790446534645099e+00 -4.595362084534578839e-01 1.079733721844691807e+01 -2.344768788155575101e-01 5.328224525138835349e-02 -8.692058500822559541e-02
1.942500000000000000e+03 2.428898527817207196e+02 -1.413242001555679828e+01 3.638429567055984082e-02 -1.467626332727337868e+01 -1.422935043762430796e-01 1.122063090923016659e+01 -5.179556127176840330e-02 1.808736486257979392e-01 -1.103823004848663580e-01
1.978500000000000000e+03 2.421465720732880413e+02 -1.796224670345607777e+01 2.471318038680179185e-01 -1.721160154422957689e+01 6.661113503907881150e-02 9.733413803941086684e+00 2.173042213065978778e-02 -8.270484428614913175e-02 5.397979497446937780e-02
2.014500000000000000e+03 2.422312055797592052e+02 -1.761143688255566531e+01 4.598319481683718069e-01 -1.738911042409192831e+01 -2.904159940401324080e-02 7.692372939421969313e+00 -3.802158473481799805e-01 -9.537409025869009183e-02 1.530545902523934854e-01
2.050500000000000000e+03 2.347904301873031727e+02 -1.433398385007221876e+01 7.013178571056626343e-01 -1.426250701718922720e+01 -1.844139416282917221e-01 6.320668396983318615e+00 -2.570407907408953641e-01 3.588578674060878271e-01 -2.726858805321145940e-02
2.086500000000000000e+03 2.251843740090683923e+02 -9.401510421776531956e+00 -2.643726644586880115e-01 -9.298341645355860052e+00 5.383647469475705272e-01 5.010358787974006134e+00 3.700893963237312234e-01 -1.811136517716860350e-02 6.998195421603237154e-02
2.122500000000000000e+03 2.042399014173180944e+02 -5.567930767612532250e+00 -6.326977775077831379e-02 -4.918898760736898801e+00 -2.007845875201412222e-01 5.006687467793407009e+00 -1.657289115390101486e-01 -1.097500547495479928e-01 1.176478344785714808e-01
2.158500000000000000e+03 1.772093772008513781e+02 -2.852833181711522226e+00 3.597848196568336765e-01 -2.795250988952100890e+00 -9.694972122771813861e-02 5.711811522007907982e+00 -1.187849053120698106e-01 5.520286410547923378e-02 -1.989622699783258342e-01
2.207000000000000000e+03 1.502001715654115515e+02 -4.443160178042653286e+00 1.459735409871698864e-01 -3.365958364110217538e+00 1.846484816370052850e-01 6.169413973693698594e+00 1.591169043815199996e-02 -1.105405175642815985e-01 1.486491501378510716e-01
2.268000000000000000e+03 1.319942752800877770e+02 -7.097963919932393395e+00 -4.328830780860115079e-01 -7.038894218517743440e+00 1.339219689275137348e-01 5.668480842479786119e+00 -2.532275900786007949e-01 -1.294908780557104400e-01 -1.693298320637380561e-02
2.329000000000000000e+03 1.251195050300709113e+02 -7.837364889277569802e+00 4.026324042313020324e-01 -7.402791596783478312e+00 3.075326284341166061e-01 4.378177221379591977e+00 6.992179263453132676e-02 -2.664624706498289752e-01 9.793048595587819372e-02
2.390000000000000000e+03 1.173557878548319593e+02 -5.928576691141957511e+00 3.495192107057596420e-01 -5.481591850379219366e+00 -1.136871805163826021e-01 3.021525076714695501e+00 -6.208873084724418623e-02 -2.074660492010460544e-01 1.576930002932302732e-01
2.451000000000000000e+03 1.046651140189312486e+02 -3.957912851681381294e+00 3.326884908924235829e-01 -4.051215859366820382e+00 -3.635411778625763368e-01 2.655559506168299500e+00 -2.089780219861553379e-01 7.861313385764817641e-04 -4.536205181164984501e-02
2.512000000000000000e+03 8.979768923839216654e+01 -3.242905279692545939e+00 1.835850322917643718e-01 -3.233227270436497491e+00 -6.982950224667914263e-01 2.513831886485635714e+00 -6.396803999184352829e-04 1.813894137523679451e-01 -1.896993586432245693e-01
2.573000000000000000e+03 8.163920784111030571e+01 -3.870310450717567630e+00 -5.705739147245973975e-01 -3.826617265110312971e+00 8.661457657616589145e-02 2.883409082775914012e+00 -5.732785921647830935e-02 2.185625704127056590e-01 1.300163916219610194e-01
2.634000000000000000e+03 7.669902718878282144e+01 -4.767062443012623163e+00 -5.052867487050073381e-01 -4.323964048384918435e+00 1.059620204276069538e-01 2.511209220712000700e+00 -7.554109592663946215e-02 -2.168540372932095117e-01 1.915793693517283125e-01
2.695000000000000000e+03 7.215785793827049588e+01 -2.903511392230478272e+00 -7.391128991906559254e-02 -3.214415607112657280e+00 1.267707045614823724e-01 1.884438899924063993e+00 1.089513945569290654e-01 3.749850554792970025e-01 2.513019351688222103e-01
2.756000000000000000e+03 6.481939315764982723e+01 -2.231640956969511702e+00 4.637181710633165310e-01 -2.341965150830183529e+00 4.735525672576627876e-02 1.469165714543303025e+00 -7.017235078040169327e-01 -2.130372584433130184e-02 1.689019757227931962e-01
2.817000000000000000e+03 5.718694400796493227e+01 -1.556406266625859125e+00 -4.064305226557854422e-01 -1.900420631584909925e+00 4.300624076908675653e-01 1.215944739574870370e+00 1.089987740532886995e-02 -4.736092532579333492e-01 7.473209356319938657e-01
2.878000000000000000e+03 5.122171566380801977e+01 -1.448252095394431782e+00 3.426285666983163725e-01 -1.729761155830294994e+00 1.202539011122530921e-01 1.080099805276210301e+00 4.435307132148686993e-01 9.269137902845646371e-02 -4.870887786211886006e-01
2.939000000000000000e+03 4.898175953105270963e+01 -2.178872217645949405e+00 -4.107224205559165675e-01 -2.557146029909169727e+00 -4.313422963888230433e-02 1.364613291321988164e+00 -3.290663509433176537e-01 1.515801611841236241e-01 -1.148914806224203000e-01
3.000000000000000000e+03 4.583208838021187148e+01 -1.656889073547426428e+00 1.049395198327724016e-01 -1.619737321460728241e+00 -2.761249940515480006e-01 5.866279300485840453e-01 -1.672002221678892675e-01 5.264187591892000029e-02 -1.451667036263075139e-01
3.061000000000000000e+03 4.520730100540924923e+01 -8.739682470092129396e-01 -7.667579347643353749e-02 -1.148061802650609975e+00 9.334916600898107708e-01 9.005613987997365122e-01 3.347031783311785191e-01 8.389351505930098263e-02 6.990813644564626561e-02
3.122000000000000000e+03 4.156520020683439043e+01 -5.649510564219949460e-01 4.597059728864164585e-01 -1.193682016073535301e+00 -5.304931486912516370e-01 1.338093173123346524e+00 -2.712300232053147520e-01 1.477655458549340106e-02 -3.329585182120193831e-01
3.183000000000000000e+03 3.882159134185819482e+01 -1.144276906356526791e+00 -3.654534274327674859e-01 -8.137732794900469635e-01 -1.946842378749850389e-01 5.001567218488242039e-01 3.938247250843194269e-01 -3.076626886008883011e-01 -1.125892133711492438e-02
3.244000000000000000e+03 3.795595533959459544e+01 -9.827362874323615216e-01 -9.383208396727876766e-02 -5.074809353938958267e-01 6.335533004824744907e-01 -6.704481604925464910e-02 -1.885646020544957668e-01 2.714932765320369201e-01 1.528698031322268669e-01
3.305000000000000000e+03 3.735475670017723360e+01 -8.492162827565827854e-01 -1.696893936943193459e-01 -1.898267180584378433e-01 3.561193531877415164e-01 1.516885672959737086e+00 2.532392402254607378e-02 3.216540530040296053e-02 -2.395624773643936778e-02
3.366000000000000000e+03 3.590090422043169838e+01 -4.375773850564877443e-01 -2.993356664713026083e-02 -3.358700321057145333e-01 -5.201860127891971830e-01 6.577115438004939030e-01 3.360326039244652674e-01 4.717729000982820442e-02 -4.867958086697352776e-02
3.447000000000000000e+03 3.421597980329546829e+01 -5.487237593980915928e-01 6.078780439223727683e-01 -5.449605819284046859e-01 5.257990584776015552e-01 2.201374625537965146e-01 -4.505256475112392467e-01 1.478457879979870049e-01 5.712154638415159469e-02
3.548000000000000000e+03 3.267982430990925735e+01 -2.971553553255311120e-01 -8.395965468070866466e-02 -4.453703709553132883e-01 -1.903427357524239416e-01 -1.269679084080025944e-01 3.583380725606528650e-01 3.553792620019941007e-01 -8.859345176152232104e-02
3.649000000000000000e+03 3.233749895049089673e+01 -7.296834995497936127e-01 3.376674629783432691e-02 -4.919562392910754589e-01 4.060912335216901314e-02 2.405962345713552331e-01 -4.300416146805148832e-01 -3.451823491035876379e-01 2.912379880944868105e-01
3.750000000000000000e+03 3.307923628808192973e+01 5.124696559504884341e-01 5.072962346364727759e-01 -1.631690683864469027e-01 3.062371352627107357e-01 -3.351496543044829579e-02 6.655538867237863476e-01 -3.008502782005829101e-01 -4.393002846091620950e-01
3.851000000000000000e+03 3.338593191264445181e+01 -2.659362185525032674e-02 1.088473887197438650e-02 -3.812843402755906053e-01 -2.833861473020833910e-01 5.054816581075496362e-01 -4.791833133574565085e-01 4.236695499220589634e-01 7.157461004074691102e-01
3.952000000000000000e+03 3.302648175299137279e+01 -1.133504555835201932e+00 -4.672666080007263911e-01 -4.171288574741072175e-01 3.345253750274206350e-01 2.018496985482175488e-01 -1.093641542633532637e+00 -3.509224163473351199e-01 5.362355943475544118e-02
4.053000000000000000e+03 3.437319225975006987e+01 -3.332936464760390960e-01 2.543007242651066369e-01 -8.451076660201197743e-01 -3.995796122190400368e-01 -1.568659839830844338e-01 2.367320019696861344e-02 -5.235607267498204598e-01 -2.302921556879012344e-01
4.154000000000000000e+03 3.412680194227880293e+01 3.897359505652281397e-01 2.528820900247220615e-01 -8.957775693957084062e-01 -3.846297516809765726e-02 4.263361321544915095e-01 -7.031787911841475003e-01 1.870601868205609697e-01 -1.094726079715295786e-01
4.255000000000000000e+03 3.525690480503453728e+01 -5.728465992117823813e-01 3.793977922006520620e-01 6.224427988090834862e-01 6.258973466244683870e-01 -8.480100927119751941e-02 -1.274985313569942935e-01 -1.528556024165493021e-01 -1.102635641572596581e-01
4.356000000000000000e+03 3.712314425659024408e+01 3.818361715118456789e-03 6.015973439178047277e-01 -5.945685165470279143e-01 2.814785989840019875e-02 -1.438761652718963391e-01 -3.448884483241770327e-01 -1.413087568759971713e-01 -5.812128729167782559e-01
4.457000000000000000e+03 3.736430414197031524e+01 -3.498397273547617647e-01 -4.302016940232203934e-01 -1.138803190073727073e-01 4.998415730436484017e-02 -7.182610065317465153e-01 -4.578427632863535379e-03 -6.292147512057248981e-01 -5.524558391370995025e-01
4.558000000000000000e+03 3.925846741326986944e+01 -3.916091633075826639e-01 -2.768692074732602426e-02 1.439712042948291804e-01 -5.974697778367565881e-01 -6.645133041850612154e-02 4.108031569836371744e-01 2.526216216899752065e-01 7.594006477101780117e-01
4.659000000000000000e+03 4.032253037192762690e+01 5.584504117209622143e-01 7.294417060377728079e-02 -1.052580546228127911e+00 5.954189408017698804e-02 -7.142335080654835244e-02 -1.261354791677887555e+00 1.141373025838949840e+00 1.220192889701298355e+00
4.760000000000000000e+03 4.057631747432107261e+01 -4.434191985370041222e-01 -2.245736372733336816e-01 1.780125041979984946e-01 5.349156208651570932e-01 -1.012006906351473834e+00 2.810985281812036773e-01 4.738463340300866355e-01 -2.843069035092246066e-01
4.861000000000000000e+03 4.277939627458228244e+01 -7.222683728257368596e-01 9.055676704368813557e-01 -6.996407619420530466e-02 1.256993980648745124e-01 7.122149629252010061e-02 -1.227068905981870017e+00 -2.466447511082527022e+00 2.777249207754103888e-02
4.962000000000000000e+03 4.452489125541106318e+01 -3.267689505002896455e-02 -4.997163135824967961e-01 1.091746326980552295e+00 -5.931778166244301431e-01 -1.914029494011837862e+00 -1.756695265711870901e-01 1.257798453335071676e-01 -1.840832444701933079e-01
5.063000000000000000e+03 4.649917010492228542e+01 -9.035117429751302054e-02 -5.781493800409065464e-02 -2.655187693670282290e-01 5.589100832710379718e-01 -9.092930664666331042e-01 -2.476494327449392518e-01 -7.167906047428029837e-01 -1.309579971706099855e+00
5.164000000000000000e+03 4.622520388333573749e+01 -2.171281420736104750e-01 4.121837198308020422e-02 2.347848758433500604e-01 -7.714648558233776487e-01 -4.576956975049941145e-01 1.295393560039976300e-01 -2.921309281273248293e-01 9.073572776692619135e-02
5.265000000000000000e+03 4.949361995668684244e+01 1.063461971345355916e+00 -2.034126734871778974e-01 1.303937397214490090e+00 -1.096258829261204770e+00 -6.467350216860812129e-01 1.247384781724564240e-01 1.502690620526080378e+00 -1.546879271131451627e-02
5.366000000000000000e+03 4.903818354223855636e+01 4.962718304330955288e-01 2.081097555283876466e-01 2.212438845105711704e-01 -7.056532314583000565e-01 3.921970828302538958e-01 -4.464561407232958690e-02 1.008297528959585465e+00 8.227332682280558140e-01
5.467000000000000000e+03 5.048336639917464908e+01 5.722085863917258930e-01 1.809098746414910530e-01 7.769389741065282351e-01 -3.145172188927319312e-01 1.017813865975838450e-01 1.482829554326589694e+00 -1.284536059764864957e+00 3.631517189533377543e-01
5.568000000000000000e+03 5.237345363845652457e+01 -2.192548775563734897e-01 -1.049305002897259698e+00 1.801983327810118718e+00 -2.864213674079574279e-03 8.973608966230929296e-01 1.044589048125816877e+00 -1.740059226890501076e+00 1.269915808633577670e-01
5.669000000000000000e+03 5.560487564907899838e+01 -1.846233669854311588e+00 1.149774380502318172e+00 -1.231857629218960248e+00 1.453241856861327674e+00 -2.022277886694485272e+00 1.117351530763730949e+00 2.008658763291446991e+00 3.638921156447345040e-01
5.770000000000000000e+03 5.754649737301164691e+01 1.156601341927870230e+00 -5.683818235468867108e-01 7.029610218213596662e-01 8.453565017477578936e-01 6.371948571851375753e-01 -9.143331608038053337e-01 -8.210523005149472642e-01 -3.349640280172461626e+00
5.871000000000000000e+03 5.874523538962961311e+01 1.068142539621787096e-01 -2.894630836261905538e-01 -1.605436147784462753e+00 8.470064464691463568e-01 -1.823496719027803747e+00 -2.222539331239291371e+00 -1.023933471396917261e+00 8.245018483695575329e-01
