# l Dl_TT Dl_TE Dl_TB Dl_ET Dl_BT Dl_EE Dl_EB Dl_BE Dl_BB
7.050000000000000000e+01 1.874392776312819251e+03 -5.877044837053023940e+00 -3.060701967644863242e-01 -6.129328928634310003e+00 -1.627668241559755424e-01 3.707820092308377058e-01 -1.058790188499012311e-02 -1.468327235049854927e-02 -1.014363856918941605e-02
1.065000000000000000e+02 2.838321436938288571e+03 -2.565434697747616966e+01 -3.232865038250083423e-01 -2.578048827192557724e+01 -6.674572669068100650e-01 8.733197634394939124e-01 -1.411928797146593494e-02 -5.474086828545811356e-03 2.883409399663306935e-02
1.425000000000000000e+02 4.242003849554459521e+03 -4.566516328768599919e+01 -4.116003966615293108e-01 -4.517434368693793090e+01 3.352601908706143163e-01 1.108796794159720545e+00 1.271607016354051913e-02 1.366530351885742768e-02 -2.952231340905753319e-03
1.785000000000000000e+02 5.282520680523630290e+03 -3.579678230621847490e+01 9.279235318122478482e-01 -3.492563193570090618e+01 3.759771708069576945e-01 8.300524990927351521e-01 9.556385994998388075e-03 1.217049410005699092e-03 1.177891132777389611e-02
2.145000000000000000e+02 5.725473558468705960e+03 4.044907714692534739e+00 -5.691474207653636208e-01 3.928993964569681197e+00 -7.826385979689602923e-01 8.035267479328206397e-01 2.808183954398674360e-03 -6.247647470869297816e-03 3.144632724457065848e-02
2.505000000000000000e+02 5.617821597262145588e+03 6.499441308986931176e+01 2.447546792933601889e+00 6.575128344993453311e+01 1.145430413437844575e+00 2.429120039081210436e+00 2.229935326898173018e-02 7.177335999451318546e-03 5.092527560638753642e-02
2.865000000000000000e+02 4.464562373343655963e+03 1.080364510309213131e+02 -2.022304189282540798e-01 1.075599716768760459e+02 -6.804094897569411549e-01 6.740517778859647535e+00 2.038129937535906877e-02 6.964352122309537541e-03 2.761138461220674634e-02
3.225000000000000000e+02 3.308650129034987003e+03 1.164324102243205203e+02 1.629308863447759825e-01 1.154285286611121677e+02 2.834823541178967954e-01 1.300569685333564962e+01 -1.099621564105549357e-02 -2.981749900487662072e-02 2.113746422287727383e-02
3.585000000000000000e+02 2.301235828041095829e+03 7.587922904228679499e+01 -5.873716151067355506e-02 7.585432967784583980e+01 2.822087380373036192e-01 1.883036091161925896e+01 3.039173712372484487e-02 5.079393906512041229e-02 5.867150228560891190e-02
3.945000000000000000e+02 1.783027236290898600e+03 8.351482694853599398e+00 -8.028597680100175715e-01 7.617089952603499192e+00 -6.213689326379822075e-01 2.162243550384890156e+01 -1.218708740692884818e-01 -5.174024208013366932e-02 6.392343323551534506e-02
4.305000000000000000e+02 1.816105428231076303e+03 -4.876191049482874007e+01 2.754033772274319669e-01 -4.876158813029459083e+01 2.149004423389744567e-01 1.855851771028283537e+01 -7.695693381069725059e-02 -2.805531607449983714e-02 6.111700358022009727e-02
4.665000000000000000e+02 2.124513860038136954e+03 -7.341368781342842453e+01 -5.217880645649841664e-01 -7.456581803071446757e+01 -3.651425722992828193e-01 1.321542152888989818e+01 3.117046185920990808e-02 -1.537853765216457176e-02 1.004153073805510721e-01
5.025000000000000000e+02 2.484215339329984999e+03 -5.545666255564279368e+01 -2.774850401434374447e-01 -5.535012732689173021e+01 2.207721544088103727e-02 8.227005218584668711e+00 4.860739138443213869e-02 -2.916097105801720990e-02 4.027703531809677384e-02
5.385000000000000000e+02 2.589486721213444071e+03 -1.113089850910422030e+01 -3.411648879098504450e-01 -1.134648031353498610e+01 -7.847501198560229430e-01 7.414845497544567010e+00 -5.464401819946411443e-02 -6.483212245766176163e-02 7.109446199506391784e-02
5.745000000000000000e+02 2.466762009029750516e+03 2.271516833030479887e+01 5.157266612863268263e-01 2.198041047454709940e+01 -1.247215861812044496e-01 1.291153510717041897e+01 1.518952481844399946e-02 -2.900811693428458071e-02 5.955748262393444070e-02
6.105000000000000000e+02 2.119396385609561548e+03 2.553142908119230725e+01 3.295331474162083718e-01 2.584916003694431907e+01 -5.220321400551310997e-01 2.364325018515787136e+01 6.672913859935086789e-02 -2.116839574106774147e-02 8.911449890909350913e-02
6.465000000000000000e+02 1.894919938321846530e+03 -6.756338660156052001e+00 -8.669253056466840190e-01 -7.071240714916055659e+00 1.757284127730006085e-01 3.334604736866990038e+01 6.067901450504950556e-02 7.183151050210856425e-02 9.454779289208325999e-02
6.825000000000000000e+02 1.843040175618348485e+03 -7.080906794502685386e+01 3.039949360064073125e-01 -7.141847750829577990e+01 2.965232702282571964e-01 3.746034472753138544e+01 7.251158051982788122e-02 -1.968756520031829729e-02 9.988856753325475735e-02
7.185000000000000000e+02 1.967772354780262958e+03 -1.141532560013640563e+02 -8.635789861976619908e-02 -1.141286738439983566e+02 -4.600442252417619171e-02 3.479639290046948474e+01 -4.553679433207070970e-02 3.730480992637401350e-02 5.217364882301994689e-02
7.545000000000000000e+02 2.248057733222977731e+03 -1.299842791473452905e+02 8.347632119402212392e-02 -1.301797300034932050e+02 -4.015248088079138578e-01 2.637461516445883092e+01 -4.751582654122278766e-03 -3.487361723097148758e-02 6.261620925798462578e-02
7.905000000000000000e+02 2.476777889599108676e+03 -1.007769008586062398e+02 -1.593225208810878923e+00 -1.009861733137576607e+02 -1.310497073198152895e+00 1.736166157572479207e+01 1.324282257426761533e-01 6.548537077029381592e-02 8.523038462942980620e-02
8.265000000000000000e+02 2.518536029361511282e+03 -4.461520705345138538e+01 -1.053156283024072826e+00 -4.473546632663841649e+01 3.838181080346004803e-01 1.270592109984876927e+01 2.764930155632729092e-02 -1.603830011913687931e-02 9.251556151399033256e-02
8.625000000000000000e+02 2.303119338362581402e+03 1.749615193913068012e+01 1.254070884736544766e-01 1.740284917993659519e+01 1.950815675553226325e-01 1.525323709511328829e+01 6.501491252490416983e-02 -6.729003121916185548e-02 9.316002832532792322e-02
8.985000000000000000e+02 1.942459057799306265e+03 5.835855326858921899e+01 7.928196094227645263e-01 5.766033005948253987e+01 3.358099342635121887e-01 2.325152381788521438e+01 4.777750682676600025e-03 3.023384156006033580e-02 6.439058832346157557e-02
9.345000000000000000e+02 1.527231072751109423e+03 5.212632603070375126e+01 6.389890567656211773e-02 5.172960192487577302e+01 2.907606733255179154e-01 3.404590984511718688e+01 -7.420117433844762578e-03 6.443557356433005090e-02 5.162508607708730241e-02
9.705000000000000000e+02 1.206724049243296122e+03 1.634980423752642764e+01 -3.325318185405301552e-01 1.549405727924600029e+01 -5.628452206755230058e-01 4.165857537496867735e+01 -1.059200645046934897e-01 1.077409224807407764e-02 2.770043193829717365e-02
1.006500000000000000e+03 1.078478837679667095e+03 -3.203435761301115292e+01 -3.102347043031084689e-02 -3.185835237079798077e+01 3.610049069474531303e-01 4.066248404419134488e+01 -2.670483308986235094e-02 3.019670892027676024e-02 1.040971282007261967e-01
1.042500000000000000e+03 1.081567726053032857e+03 -6.856438727080967510e+01 -2.043451672386070173e-01 -6.919519714436145819e+01 -1.028713585856957519e-01 3.493804269136393970e+01 2.953305181369578029e-03 -2.165984112304503856e-02 2.657881925643249682e-02
1.078500000000000000e+03 1.167464273971349485e+03 -7.863769227237557402e+01 -5.974050917601004818e-01 -7.832346376000532473e+01 -2.305916507060229437e-01 2.580119528237894855e+01 -6.645472739611782767e-03 2.262961372115165903e-03 7.335939465576565843e-02
1.114500000000000000e+03 1.238830423144103861e+03 -6.138056458780197744e+01 -8.566955751122906637e-01 -6.085197200936165984e+01 -7.149739905600012158e-01 1.685589326314342173e+01 1.539115310278791338e-01 1.119700097596135341e-01 9.713164881133645734e-02
1.150500000000000000e+03 1.231041406298151287e+03 -2.956179028311863277e+01 -1.765902845160793877e-02 -2.900674359022519866e+01 2.507899403925127890e-01 1.322189754366190328e+01 -5.189628268438717384e-02 -6.122454260060836845e-02 2.090247865087935253e-01
1.186500000000000000e+03 1.115413906944464998e+03 -3.752536437091257060e+00 5.710563840630986654e-01 -3.275919020699428863e+00 5.499044140469275810e-01 1.529272877442900480e+01 -4.858286811755221923e-02 -7.248468290049732421e-02 1.262833567030407882e-02
1.222500000000000000e+03 9.598348503164255590e+02 6.457126522080466557e+00 1.976722597397092412e-02 6.464466366440202449e+00 3.831377482594326006e-02 2.154662496389624593e+01 -6.911293382169214627e-02 -2.150748932403159092e-02 8.259859785999262849e-02
1.258500000000000000e+03 8.101443757207542831e+02 -4.949871979911065978e+00 1.283393069414803522e-01 -4.991222719913329442e+00 -2.564370960813980860e-01 2.743781844445920370e+01 2.484049990949080064e-02 -6.055393675746194304e-03 7.143308795555125545e-02
1.294500000000000000e+03 7.391979322979532299e+02 -2.894245445069328326e+01 4.724016556792593469e-01 -2.935765753802385802e+01 1.395755748098402305e-01 3.079073892789630662e+01 -8.676969000321792247e-02 -7.702886642986883636e-02 1.369550859043952018e-01
1.330500000000000000e+03 7.390437084655027320e+02 -5.024947159668223406e+01 9.311374001013180690e-01 -5.005662471854729034e+01 1.678851248257194340e-01 2.885160139503985022e+01 4.817109700175571663e-02 4.038990749860140589e-02 8.621919910868870718e-02
1.366500000000000000e+03 7.789769881180591256e+02 -6.043358444715303079e+01 3.703265921272402839e-02 -6.052676898870441846e+01 1.345985131119513400e-02 2.330440389267931423e+01 4.039629184245274729e-03 7.817450389912818098e-02 1.383858285738353566e-01
1.402500000000000000e+03 8.157965465743723144e+02 -5.320951477411573194e+01 -1.920863431675204347e-02 -5.307792575782856659e+01 1.238572304867743556e-01 1.686450618032062110e+01 -1.060809310728082558e-02 5.138669183733917539e-02 7.514727540712065612e-02
1.438500000000000000e+03 8.217320992905074490e+02 -3.349870077080763053e+01 8.430065183441559640e-02 -3.317925505470005731e+01 -5.739584112793135739e-01 1.237853890231206222e+01 8.138326150749400356e-03 -6.326086347656632858e-02 5.410874654425246177e-02
1.474500000000000000e+03 7.661391031696365417e+02 -1.335381208855420354e+01 3.488541044880314468e-01 -1.285082222301891619e+01 5.626042199426969370e-01 1.160666031736188941e+01 -7.336427563968994647e-02 -5.247619407264145913e-02 5.378034228683535589e-02
1.510500000000000000e+03 6.591481731593752329e+02 3.030312419758832476e+00 -3.440493564517657088e-01 3.149514840612503086e+00 -5.085072217263635341e-01 1.373949815401566710e+01 -1.435084730639163419e-02 -1.431543878767949085e-01 1.272142860425194144e-01
1.546500000000000000e+03 5.528855456262756434e+02 5.762864683032555391e+00 -2.155805907854544679e-01 4.924421155991861809e+00 -1.505748921700504339e-01 1.716647586845075324e+01 -1.275770566063865186e-01 2.986761849075343297e-02 1.223234343840417376e-01
1.582500000000000000e+03 4.684846004391396264e+02 -1.762577867485074501e+00 2.896157596085795483e-01 -1.613779690532551214e+00 1.700224358860879526e-01 2.025984136663462465e+01 8.931458945179021613e-02 5.181079392294782315e-02 1.220229939172452621e-01
1.618500000000000000e+03 4.103647050208547853e+02 -1.447088858374462106e+01 -2.423244350446238649e-01 -1.477278302970189117e+01 -2.771772325443204732e-01 2.077719592143331440e+01 1.039193253453652155e-01 2.457294903618594331e-02 1.924009275595149962e-04
1.654500000000000000e+03 3.938876239815870690e+02 -2.442657042839204706e+01 -2.469310201791066472e-01 -2.481722157979544363e+01 4.488215800479683493e-01 1.859926420503793310e+01 1.075435376121614134e-01 -1.416632827378609960e-01 9.137268086220871194e-03
1.690500000000000000e+03 4.059613371264196076e+02 -3.043305061635540909e+01 2.989409641939325124e-01 -3.038389847800190324e+01 -5.604276662325699543e-02 1.489969191453862507e+01 -9.598763266211424172e-02 -7.579532692712390163e-02 1.827697964926957575e-01
1.726500000000000000e+03 4.082382647252956644e+02 -2.644769861430033586e+01 3.693936533354749696e-01 -2.674287312080257095e+01 -8.723203515601180014e-02 1.100089249399536406e+01 2.113887821115090215e-02 -4.922958468420262496e-03 1.108191817350681480e-01
1.762500000000000000e+03 3.951793412593228823e+02 -1.775937374267185831e+01 -5.091160122912097297e-01 -1.801715109710140439e+01 2.665020892659511476e-01 8.562375460902114099e+00 1.366934553297781685e-01 -1.071419518195267373e-01 -1.112925592282986223e-02
1.798500000000000000e+03 3.683666841409258268e+02 -9.754764281188442965e+00 9.589228497292809350e-02 -9.879013495867301486e+00 2.309950248414037732e-01 7.724977895872395806e+00 -4.278609569271924623e-02 3.915904570393653750e-03 1.748236744726756053e-01
1.834500000000000000e+03 3.303063119389991016e+02 -5.431569086217075792e+00 3.394345154754663252e-02 -5.447958976695036704e+00 1.925922467591226761e-01 8.850756945573861501e+00 -2.066572862659947774e-01 -6.320655179306577942e-02 -1.002417657522057526e-01
1.870500000000000000e+03 2.868945406633613970e+02 -5.632711474963098652e+00 3.848690330280853944e-01 -5.856463384146427309e+00 -8.877583445657084849e-02 1.018997687699231491e+01 -1.720884732428960562e-01 2.060383170558480886e-02 1.900523822132834106e-01
1.906500000000000000e+03 2.602099967057125127e+02 -1.000527318839770174e+01 4.437897148432375094e-02 -9.698357165696624094e+00 3.462398780839526236e-01 1.119374098986246224e+01 -4.554821064271747516e-02 -2.145051729060062223e-02 1.407471933929086566e-02
1.942500000000000000e+03 2.456205866286383070e+02 -1.439915004160853229e+01 4.618961163515176160e-01 -1.406969688195277257e+01 2.704510823697105493e-01 1.101829406169015613e+01 2.346130447711547440e-02 -1.333702460765118225e-01 -5.697458558132122153e-02
1.978500000000000000e+03 2.405472505449571656e+02 -1.775355978343103658e+01 -3.500615667625553984e-01 -1.784155000772791411e+01 -5.073922442975402347e-02 9.636082665325803376e+00 -5.109164066964416717e-02 -4.860343507146289849e-02 1.086234368882070186e-02
2.014500000000000000e+03 2.446684538622911305e+02 -1.765613690262517110e+01 -2.053492845867224414e-01 -1.696059917471724532e+01 6.893464593863354861e-02 7.892683615854846124e+00 -5.509002901278691605e-02 -3.170388085983649046e-02 7.864295472433943668e-02
2.050500000000000000e+03 2.370743076954560422e+02 -1.415365546589288570e+01 -3.926320723717047212e-02 -1.440315399997991008e+01 -3.434275642663416894e-01 6.213235261638777374e+00 1.623016611321562996e-01 6.375156608421977955e-02 1.075771485036289971e-02
2.086500000000000000e+03 2.258767189195631886e+02 -9.909829035604747816e+00 -6.541791185757445115e-02 -9.862418196512141577e+00 -1.345329303310514035e-01 5.236175386927929054e+00 8.781515937134462546e-02 -7.574644515656217547e-02 7.766731289358251578e-02
2.122500000000000000e+03 2.069919300691729518e+02 -5.233555587650631225e+00 2.521173983616891157e-01 -4.455695521394449798e+00 -1.303491817272394993e-01 5.049702428953549926e+00 -9.837094259438823596e-02 -1.938925005447036942e-02 -3.604192499464298899e-03
2.158500000000000000e+03 1.817648786838752244e+02 -2.971353495020142343e+00 -3.253391005890707843e-01 -2.961970646101785398e+00 2.751077303331900259e-01 5.334125517474030964e+00 1.870755173985114150e-01 -1.268748163972751031e-01 -3.585119861805863284e-02
2.207000000000000000e+03 1.519496841186074789e+02 -3.532954322631318256e+00 -1.361613797812962212e-01 -3.961317529537437210e+00 2.098873707576812131e-01 6.001120128222067862e+00 -4.939861583395502992e-02 9.470428513401851767e-03 2.622758129523445822e-02
2.268000000000000000e+03 1.328918698291354303e+02 -6.782906655011214703e+00 -1.559966003847325366e-01 -6.909430988121583184e+00 6.452475397949554436e-02 5.736867213575252755e+00 -9.824590637978440621e-02 -2.938021827948308906e-02 9.477276643875767737e-02
2.329000000000000000e+03 1.258725517091904607e+02 -7.970704497171510639e+00 9.878144695796300945e-02 -8.060174585681803450e+00 5.821870891449952568e-02 4.332188131613755822e+00 -2.772071273579186645e-02 -7.647987669609435102e-02 6.206821005138458969e-02
2.390000000000000000e+03 1.193655394929027125e+02 -5.777682863724940887e+00 -1.405967168636282072e-01 -5.931080605908453762e+00 1.642413717143955121e-01 3.115224203552143578e+00 -8.767690559314555987e-02 -4.095369038910158521e-02 2.088939178431036339e-02
2.451000000000000000e+03 1.054163959008572817e+02 -3.242618091216792564e+00 -4.985189068664044182e-02 -3.351886351692868971e+00 -1.013114629918760168e-01 2.735497912203002535e+00 9.862736700222471398e-02 -3.277397742041297801e-02 2.723999564206529278e-02
2.512000000000000000e+03 9.117746856066037253e+01 -2.924920357137064997e+00 3.910908338126554973e-02 -3.124616264732581694e+00 -8.885204542066790778e-02 2.953859903892395611e+00 7.993713438640848157e-02 -1.031675491680009993e-01 1.081168042210976649e-01
2.573000000000000000e+03 8.193543472417033513e+01 -4.162896341107337861e+00 6.553283087882544322e-02 -3.711527004390266171e+00 2.804937022608828823e-01 2.833260379213824898e+00 -1.391505242283423982e-01 4.987008243548830821e-02 -2.852238981698264342e-02
2.634000000000000000e+03 7.718862307167854908e+01 -4.441317397187922289e+00 3.766913395857460906e-02 -4.579384992145467237e+00 2.825385250739697041e-01 2.207520779820201007e+00 2.341095917732283899e-03 -5.311540762293617823e-02 2.275964837842768540e-02
2.695000000000000000e+03 7.386374409090981885e+01 -3.364156731751450913e+00 5.376345466876702311e-02 -3.885630788077931719e+00 1.905892423012125747e-01 1.799254238762511449e+00 -2.588131658551802161e-01 -7.324517845459681264e-02 1.474570490024024738e-01
2.756000000000000000e+03 6.595848871606123964e+01 -2.104566249310964920e+00 -1.625533709680943018e-02 -1.869428514925746354e+00 -3.365868426457113705e-02 1.480758249772835988e+00 -1.536816192348514631e-01 -1.380265637876474383e-01 1.013793447144933045e-02
2.817000000000000000e+03 5.814895586162637642e+01 -1.587613682031884466e+00 -1.047075194835306866e-01 -1.370062308512276505e+00 1.097290455383130581e-01 1.478532139172471060e+00 -6.017493247577503090e-02 1.382322413868740385e-01 5.169818323330809678e-02
2.878000000000000000e+03 5.130119368180019279e+01 -1.394927623511741377e+00 -4.053515667449116011e-02 -1.573319903110482088e+00 -1.666401905234334291e-01 1.280834040317812894e+00 -1.333394600480498626e-01 1.581495556693676696e-01 2.968006172446817637e-01
2.939000000000000000e+03 4.855769969191453583e+01 -1.737242965895433366e+00 4.692355090036293142e-04 -1.653599205810285078e+00 2.991545835317758195e-01 1.342451780114914950e+00 -1.652023125380652074e-02 -5.763884610016228871e-02 -7.823256996948989295e-03
3.000000000000000000e+03 4.630667946171044491e+01 -1.791486410901930171e+00 2.214692882234080007e-01 -1.698623754717563994e+00 2.820186890488781684e-01 9.715122812144749709e-01 3.724789777169446037e-05 -3.450639305310657795e-02 -1.039230832226504808e-01
3.061000000000000000e+03 4.354797107093634168e+01 -1.266030200439010267e+00 -2.262256768609602342e-01 -1.549457470242847634e+00 1.829486494987402345e-01 7.804735024809951183e-01 1.888197259675854500e-01 -1.892314799365699129e-02 3.347370269721429425e-02
3.122000000000000000e+03 4.068024581689404329e+01 -9.319845533651818226e-01 -1.323881421850014450e-01 -8.789131982854105907e-01 1.216827143956143442e-01 1.092714741347012630e+00 -1.855981920242756600e-02 8.834776215587092363e-02 1.524251435242044740e-02
3.183000000000000000e+03 3.826671428221506233e+01 -9.677212713893501572e-01 -1.112723964186422138e-01 -9.673775841666839570e-01 3.118714208955324432e-02 8.921413079867066553e-01 3.680793234025182548e-01 1.844932474430237834e-01 8.076220829049882144e-02
3.244000000000000000e+03 3.696790198657092219e+01 -9.455961926098791492e-01 1.007837571434448826e-01 -1.205113507869143064e+00 1.241828528513240770e-01 6.821489561289475478e-01 2.999264935913459329e-01 -7.010332272515215624e-02 1.849626000251846647e-01
3.305000000000000000e+03 3.550813780750775805e+01 -6.433062704814171973e-01 9.475737926850820447e-02 -9.563906364722445375e-01 2.988625281710391990e-01 5.889452188049721926e-01 3.880019047021204814e-03 8.185625876208126039e-02 -2.533269698283541205e-01
3.366000000000000000e+03 3.443411892839799293e+01 -7.739372724814401749e-01 -1.534790786123476081e-01 -9.434260055663945543e-01 -1.530488462200943478e-01 1.955697795398772532e-01 5.691079317575054725e-03 -1.980097985723084930e-01 -1.305381814225524129e-01
3.447000000000000000e+03 3.254593904816763938e+01 -4.404613731388408726e-01 -1.329598677497641490e-01 -2.762418689786579895e-01 -4.252679743996432005e-02 1.975483336290704273e-01 2.616050671240264247e-01 1.824658628535233695e-01 -1.909410301924414355e-01
3.548000000000000000e+03 3.136998656026140964e+01 -3.722298220524872803e-01 9.433139753082646350e-02 -4.006526730661723601e-01 1.664717218226082762e-01 4.990270762362182255e-01 1.389539960069575697e-01 1.102857273783936221e-01 -1.866617404647821499e-01
3.649000000000000000e+03 3.054728815603711212e+01 -3.803225174847012502e-01 5.611876106670327102e-02 -9.032568595181401927e-02 1.728671745570374840e-01 2.038206200959706837e-01 -3.233186508384509883e-02 -1.220315050364600973e-01 -2.401319786165130032e-01
3.750000000000000000e+03 3.050458507955870857e+01 -3.712287339849091872e-01 1.293989779818845165e-02 -1.961024461800760510e-01 2.260694576811120293e-02 3.772897137253008459e-01 -1.131005109292086835e-01 3.239946989709293068e-01 -1.186096760087579360e-01
3.851000000000000000e+03 2.991536228032883571e+01 -4.930156502342509794e-01 1.542068075450381548e-01 -2.529341063125486455e-01 -3.519748455345998728e-02 9.299337898005971548e-02 3.705814774043540427e-01 -7.384743130486681739e-02 2.359208826851176555e-02
3.952000000000000000e+03 2.951407290327628274e+01 -3.417280820250008788e-01 1.601102567128830367e-01 -4.245099149646518466e-01 1.652134475575988415e-01 5.140344624483141889e-01 2.744217444597561451e-01 1.689738691235427304e-01 9.975254498144234261e-02
4.053000000000000000e+03 3.069143116661799198e+01 4.424869433127145424e-01 1.601578189296924692e-01 -3.171547383812409193e-01 3.293529547218679299e-02 -2.026877963046699871e-01 -3.701983573302542463e-01 -3.328002917971037422e-01 -3.107552516098576745e-01
4.154000000000000000e+03 3.055740750371569092e+01 -4.298597022340422402e-01 3.840308489743305964e-01 -1.900740162571845082e-01 2.764199960236682907e-01 -1.823974688626277540e-01 4.260443407833001128e-01 -5.853129965318916439e-02 -2.602374772942469411e-02
4.255000000000000000e+03 3.117098584475639100e+01 -4.707476819670760038e-01 -3.679361162291058251e-01 -6.781793583206198184e-01 9.367563784073797140e-02 -5.339628544914227781e-01 -1.839097604731581292e-01 2.482325212896328570e-01 -2.303726868050700871e-01
4.356000000000000000e+03 3.155273282095072673e+01 3.608444467532491151e-01 3.100544965203734238e-01 -3.138900418360890399e-01 -2.738437457650936269e-01 -2.116954962251620109e-01 4.499545370690741786e-01 3.279690540042000668e-01 -2.968857510456667237e-01
4.457000000000000000e+03 3.229079630093090714e+01 -2.089469518273371906e-01 2.838382059019385895e-01 3.025891837313859911e-03 2.950811127760131769e-01 1.319248986418735392e-01 4.759484327420233918e-02 7.159370834106540959e-01 -2.536062068020122906e-02
4.558000000000000000e+03 3.333370192987946723e+01 1.388016349347309664e-01 -1.169407943677507750e-02 -1.447965850503409313e-01 -1.443541013043744825e-02 3.843095579733145084e-01 2.768273976361659838e-01 -4.287184497069966849e-01 -4.309488292327920966e-01
4.659000000000000000e+03 3.388314383387094608e+01 1.962615769236878971e-01 6.707370675106032187e-02 -5.439012910293339331e-02 -3.005016552426726384e-01 1.451544126667272394e-01 6.259138195335987032e-01 -9.652428731813049445e-02 -4.231722358783679416e-02
4.760000000000000000e+03 3.453915488544047463e+01 -1.663495848139130984e-01 2.585576352100055209e-01 -2.908013269940610823e-01 3.524994868701293305e-01 -1.641937055019359049e-01 -6.982850622110343686e-01 1.916576813441202842e-01 -1.956023888590086024e-02
4.861000000000000000e+03 3.652841772380263308e+01 -1.286026726866401348e-01 -5.953234325579316588e-02 2.733510884794027040e-01 5.066993043186043821e-03 -3.333285748891711697e-01 -9.534151022177486667e-02 -3.824025621314243173e-01 8.007554436280446275e-01
4.962000000000000000e+03 3.651127347674434986e+01 4.928753565288651606e-01 5.973243956234712826e-01 1.105668903626356586e-01 -8.055626556863095811e-01 -7.260574251572425863e-01 -8.254864973532366479e-01 2.266310624047074007e-01 3.733695377550538264e-01
5.063000000000000000e+03 3.790217015690724622e+01 -1.921932754463860291e-02 -7.236499858971748300e-02 5.045201401145784637e-01 -5.706882553564995852e-01 -6.904254941894547581e-01 1.170137671455458772e+00 8.026681396074898389e-01 -2.453461182343717462e-01
5.164000000000000000e+03 3.896756769444083091e+01 -3.315765166963449140e-01 -3.051642505852912302e-01 -2.124297617784461911e-01 6.292878520438413559e-02 5.061368925931877261e-01 5.227602129640157580e-01 -1.886351470959807819e-01 -1.244768136293588290e+00
5.265000000000000000e+03 3.984592699559468798e+01 -1.334419328545204397e-01 2.890525947122369321e-01 6.530420163783672294e-01 -2.762779639451822256e-01 -3.810453217156755112e-01 -8.279620995439738174e-01 -3.349630364573907837e-01 2.572152396538930907e-01
5.366000000000000000e+03 4.112549634854127589e+01 3.391011818033642378e-01 6.573757056023552536e-01 6.444769791492479527e-01 6.450290034128558503e-03 6.008752548948244065e-01 -8.684994486782900980e-01 -3.329898076091908354e-01 8.794351007314070712e-01
5.467000000000000000e+03 4.204707254932240090e+01 5.627095028286817069e-01 1.868180197992848068e-01 2.637228234603846699e-01 -7.460785212928042753e-01 5.742550441054382615e-01 -4.017624691627612599e-01 -1.626938528923218330e+00 1.857254881194781160e-01
5.568000000000000000e+03 4.308623747973851437e+01 1.538257982885373965e+00 6.474769716683901333e-01 -6.795713145277511025e-01 -3.134919758103582588e-02 1.127042602741216593e+00 -1.859809431445443639e+00 4.428141202292168455e-01 -1.095556859200045863e-01
5.669000000000000000e+03 4.492560726320559894e+01 -3.610716753124616485e-01 -1.190785797609515140e-01 6.113541568651773006e-02 -1.190900753224521047e+00 -1.180910305056013021e+00 -1.393526997958729474e-01 -9.245829543409100904e-02 -6.688797875140131133e-01
5.770000000000000000e+03 4.560199225886138663e+01 -5.823849749045184598e-01 3.586100794437192540e-01 -4.448877953263967733e-01 -1.163598430531998795e-01 -4.302927811168504868e-01 -1.812206099286668648e+00 -3.968737160817999987e-01 2.287355455311067320e+00
5.871000000000000000e+03 4.765861514791929210e+01 -3.511816960708399327e-01 3.675689293448525241e-01 -3.616377499327444456e-01 -8.045207609111915126e-02 1.591420371540496870e+00 2.264944004299218605e-03 -1.557160912801991870e+00 -2.713169442635024464e-01
