# l Dl_TT Dl_TE Dl_TB Dl_ET Dl_BT Dl_EE Dl_EB Dl_BE Dl_BB
7.050000000000000000e+01 1.481182305889410145e+03 -9.872910838356212082e+00 -3.319583953913602059e+00 -1.055977621963505442e+01 -3.034358604629934675e+00 3.341484135658119303e-01 -9.168344251896488190e-03 -6.159511136446309265e-02 5.720849528324364885e-02
1.065000000000000000e+02 2.687606332522853336e+03 -2.225297523663889621e+01 -2.625269869647169685e+00 -2.363887706796890598e+01 -1.912606636046593200e+00 8.022217382290716126e-01 1.298221138111042144e-03 -3.908432766525259117e-02 -3.738021301767586319e-02
1.425000000000000000e+02 4.128419058566843887e+03 -4.143230804214573482e+01 8.144076435145179982e-01 -4.262855327436072628e+01 -1.752079160178676709e+00 9.735976232738446923e-01 -4.841631092264771924e-02 -1.437864896561857203e-02 3.835901447387309038e-02
1.785000000000000000e+02 5.089177191941254023e+03 -3.743173902322159563e+01 -1.980437414468612989e+00 -3.770790633324084240e+01 1.883792122485224763e+00 9.288858306947216370e-01 -2.347514385364180001e-03 -2.617930021700522886e-02 5.311831353549301832e-02
2.145000000000000000e+02 5.824329506937454425e+03 7.506563728662402291e+00 1.469535504932641512e+00 1.356378219048881117e+00 1.866840371863397241e+00 7.386762768978113458e-01 8.832336324210116746e-03 1.063489793907416645e-02 4.661717123306952787e-02
2.505000000000000000e+02 5.324199327982631075e+03 6.038569249822828056e+01 -2.417719149171916548e+00 6.357508709690345938e+01 4.719632854521196297e-01 2.479967085675842675e+00 3.715359288567051874e-03 5.794991585705654841e-02 -8.390880436998315872e-03
2.865000000000000000e+02 4.585096737317961924e+03 1.099111980980181897e+02 -1.365455290436566882e+00 1.091197870220481718e+02 -4.720805790654650225e-01 6.822864048650053803e+00 -7.000035353158716445e-02 7.075359673276947203e-02 1.754849756119510051e-02
3.225000000000000000e+02 3.428129068351318892e+03 1.185538531903581259e+02 -2.612454882745513185e+00 1.226845540230874576e+02 4.898423483166760573e-01 1.299736738290819638e+01 -4.460369197427527244e-02 1.347728510493217263e-02 2.209670588365007793e-02
3.585000000000000000e+02 2.254418183490054616e+03 6.888132072338116529e+01 -1.924577767476470802e-01 7.268146457615807776e+01 -4.617336622498246501e-01 1.868958190245777473e+01 -9.510541497955674051e-03 -1.164761621559907978e-02 1.812343550536370945e-02
3.945000000000000000e+02 1.767632162695749457e+03 9.701704358462515998e+00 2.144469405093142100e+00 8.849170441797745923e+00 -3.640149825755218393e-01 2.118000154490829345e+01 1.213893203004088178e-01 -1.111193232811001907e-01 7.870875247880047831e-02
4.305000000000000000e+02 1.823951057503680886e+03 -5.065014648080578041e+01 -1.330866231592955140e+00 -5.330698905592004166e+01 -3.551867561279016816e-01 1.907391732941666618e+01 -5.020010330107932406e-02 1.142889297629249429e-01 5.250281076307226208e-02
4.665000000000000000e+02 2.130930098453819483e+03 -7.319978641741536762e+01 -1.155252217751691624e-01 -7.296340629426873647e+01 -4.901115303835436032e-01 1.366848116485562592e+01 -3.777268014111789807e-02 -1.348693766568840637e-02 1.324226938794994535e-01
5.025000000000000000e+02 2.476197662589553602e+03 -5.736259433269048458e+01 6.766884111859701179e-01 -5.638043330705985312e+01 -1.878411695747003451e-01 8.219791934212871354e+00 8.115515474257718742e-02 3.499754754745180996e-02 1.185576857539268891e-01
5.385000000000000000e+02 2.552074942762858427e+03 -1.391337514910918927e+01 1.093802903124907244e+00 -1.642292838316135928e+01 9.477708580312020903e-01 7.408463504208128825e+00 -7.663760702126995450e-02 -3.041142239549084886e-02 3.096663982995087952e-02
5.745000000000000000e+02 2.411412788086307955e+03 2.118526763038344285e+01 4.270686572610077336e-01 2.037205861060507317e+01 -1.121941190274166611e-01 1.277674737595241439e+01 9.778265730498642005e-02 5.886681452541875359e-02 7.582253281931258804e-02
6.105000000000000000e+02 2.198600232005282123e+03 2.294400057795807157e+01 -2.460205641474495497e-01 2.248547981865781509e+01 -1.430687243329981095e-02 2.249245835766160084e+01 2.105758704993602182e-01 -3.721842678757884826e-02 1.146029983016494253e-01
6.465000000000000000e+02 1.864832478033642019e+03 -1.074094708455308478e+01 -1.953317837464699114e+00 -1.049309111942717365e+01 4.397403328180015114e-01 3.272959972980007848e+01 7.756204392980411977e-02 1.342259820130614623e-03 4.269950573590746562e-02
6.825000000000000000e+02 1.805336910688952457e+03 -7.208606925664483356e+01 -1.183824276030900791e+00 -6.736060394789893735e+01 -4.887720818345708818e-01 3.789505545759567440e+01 2.280534121429639294e-01 -3.318633485294939650e-02 3.666540942643779777e-02
7.185000000000000000e+02 1.922610961343563304e+03 -1.141900135524897451e+02 4.051728770574533067e-01 -1.140695199988443704e+02 7.728149942733684163e-01 3.537556394938079052e+01 -1.873872086650787694e-01 -7.578180091057734602e-03 -1.437092752696225717e-03
7.545000000000000000e+02 2.253093403513353223e+03 -1.288344939338972210e+02 -1.633541397122912908e-01 -1.311025723834674181e+02 5.867695616233007394e-01 2.693140518675276596e+01 -7.021411682354722350e-02 2.825511795212190536e-03 1.767208247250222630e-01
7.905000000000000000e+02 2.478652931739914493e+03 -1.012400913238340365e+02 -7.481594027893014864e-01 -1.018131534737162269e+02 -4.918427560746513327e-01 1.723506023450109836e+01 1.050094184965769256e-01 3.133734161632503040e-02 7.776174032569793670e-02
8.265000000000000000e+02 2.533261183564667590e+03 -4.297141238549885145e+01 -1.220835060400708105e+00 -4.347278246034091609e+01 1.669127952622012079e-01 1.252304390733016248e+01 1.893514970639481876e-01 -9.571083625877327417e-02 1.370802671447915178e-01
8.625000000000000000e+02 2.302159113880348741e+03 1.555534109133270704e+01 2.974101123004850855e+00 1.704588868643554633e+01 -1.120717517242802552e+00 1.517931751378571192e+01 1.116523098669376934e-01 -2.258301392722215917e-02 1.061159821298677530e-01
8.985000000000000000e+02 1.925531388844774256e+03 5.533849549360562037e+01 -1.263930875731795522e+00 5.630197249123033743e+01 1.145444695169491656e+00 2.379154315094349315e+01 -1.799089209162279546e-01 1.990918179603154980e-01 8.908520384993243169e-02
9.345000000000000000e+02 1.522481344564492247e+03 5.050651671677281485e+01 -5.206799149853931219e-01 4.942775910418811236e+01 -4.091556011403971738e-01 3.385637376244245189e+01 4.734163125979476416e-03 8.740231601592210464e-02 8.202984281097638886e-02
9.705000000000000000e+02 1.198596180891366203e+03 1.586265737545337018e+01 2.413529006368999308e-01 1.628392617862743208e+01 -2.120239302334433196e-01 4.070556980254751522e+01 -1.603612121713048067e-01 1.032416904489875664e-01 1.189981308652978270e-01
1.006500000000000000e+03 1.052481930964930598e+03 -2.932149252881907131e+01 -1.271226155262703994e+00 -2.806496699607508916e+01 -6.034623645794402469e-01 4.204235801329152622e+01 5.088848678944998261e-01 3.407381343566787818e-02 -7.026695442074767928e-02
1.042500000000000000e+03 1.079543913880709852e+03 -6.606829807560659162e+01 2.560469134370391697e-01 -6.717654236825359249e+01 -4.966863938805686496e-02 3.528234000887080413e+01 2.146151716910327939e-02 -1.105143565060205252e-01 4.987528641848239241e-02
1.078500000000000000e+03 1.175966603703288456e+03 -7.994320712661013317e+01 4.580010721350277203e-01 -7.767876557186053788e+01 1.164360710832903933e+00 2.541967990467318828e+01 2.483498380625907484e-02 -1.714605575602224097e-01 9.858921027759875999e-02
1.114500000000000000e+03 1.251420588406738489e+03 -5.991096675818265282e+01 6.335439836641365563e-01 -5.842693568137283222e+01 1.174643188267940619e-01 1.694525990732745058e+01 -1.145401587124420528e-01 -1.050826050329425748e-01 1.245143479401420450e-01
1.150500000000000000e+03 1.232525503195116926e+03 -2.974485351531284039e+01 -5.553468350534227493e-01 -3.094668233206202146e+01 2.707509604507873924e-01 1.321064426405237668e+01 -1.278038124237233508e-01 -9.467729894521471901e-03 1.371213830014746671e-01
1.186500000000000000e+03 1.118611961212201095e+03 -3.090309864274480844e+00 -1.122664377404697600e+00 -2.464169199256638798e+00 -2.883737234374808556e-02 1.567074130471245397e+01 -1.723413450938665603e-02 -1.646542344738737701e-02 2.895979990545473615e-01
1.222500000000000000e+03 9.489665574505578434e+02 5.548393700447770804e+00 -6.365503752935305348e-01 4.050564429984916615e+00 -7.791826142604901806e-01 2.169958622247403923e+01 -2.065311819588512565e-02 1.924870725387489157e-01 1.826146988866014786e-01
1.258500000000000000e+03 8.297177106359974914e+02 -5.581686228823210527e+00 -1.308645459877507244e+00 -4.735921397857987714e+00 -2.077021111374585394e-01 2.776386396121924349e+01 -1.853978937599891630e-01 -2.726133074644695453e-01 5.044206025011686856e-02
1.294500000000000000e+03 7.449585312108222297e+02 -2.880828301460554286e+01 8.178271994511723264e-01 -2.737664005011698265e+01 -8.158558163902454030e-01 3.042924733589921260e+01 -1.384826346328570379e-01 -5.665666382956314334e-02 1.351721129714792136e-01
1.330500000000000000e+03 7.447724841984374962e+02 -4.978564315483765768e+01 -1.540982355049675401e-01 -4.952208767349529950e+01 2.142210451107108005e-01 2.910289648884948832e+01 1.506223102501507982e-01 1.365850432458264319e-01 1.349359219130526200e-01
1.366500000000000000e+03 7.771769083947056060e+02 -5.930098906046083584e+01 -1.189176016841002603e+00 -5.948986499364487202e+01 2.115944022045411765e-01 2.316917424983300933e+01 -6.947680969669822737e-02 -6.812378514669834018e-02 1.889318777297132046e-01
1.402500000000000000e+03 8.266811370993784749e+02 -5.343488883238978104e+01 -9.587458203109346933e-01 -5.401232675089902102e+01 3.038091734756510620e-01 1.702670126657137928e+01 6.895279292339914767e-02 -1.358325516864510862e-01 8.135364011195359013e-02
1.438500000000000000e+03 8.223887796080089174e+02 -3.489461302711134749e+01 -7.139889093551763377e-01 -3.580238383321756146e+01 -5.556590789735930958e-02 1.242233297350799148e+01 -3.755091269573681001e-01 -6.714606857481604518e-02 1.645400272753487214e-01
1.474500000000000000e+03 7.742660938819873309e+02 -1.386162048678899339e+01 -9.979093218923438258e-01 -1.320046044841149779e+01 1.999597020864863905e-01 1.170386590131752591e+01 1.456651626798738941e-01 -2.680255525606911604e-03 -6.235387653449925294e-02
1.510500000000000000e+03 6.746804874746316045e+02 1.878640536920996418e+00 3.881826465403359072e-01 2.829374991561879327e+00 -3.855178728559514045e-01 1.370641399925496273e+01 3.698502996618758393e-02 3.620255300731859971e-01 5.957926202063684729e-02
1.546500000000000000e+03 5.559655303382346574e+02 7.175711983316857001e+00 2.937804562292686827e-02 5.817198981973822569e+00 3.146520301642141693e-03 1.729827192802100200e+01 1.142731273867001324e-01 -2.401663119911185973e-01 -9.344513228322845477e-02
1.582500000000000000e+03 4.702555826904949754e+02 -2.672517387072501194e+00 2.714288778554277415e-02 -2.203411106735547076e+00 -4.826368474719243684e-01 1.997963744261900843e+01 -1.994940158614486037e-02 1.832264502315533727e-01 1.041403317162647724e-01
1.618500000000000000e+03 4.217914125985283817e+02 -1.447314049974212224e+01 1.650916802795807936e-01 -1.497363953299397643e+01 -4.179979699157395090e-01 2.007370016589617734e+01 3.991319314323771295e-02 -2.643993602260782394e-01 2.613449582188424047e-01
1.654500000000000000e+03 4.065107894205269758e+02 -2.446827447763762819e+01 -4.405461355530847500e-01 -2.491168578277726198e+01 -3.000750877075565315e-01 1.848509524861933784e+01 1.653631750304279946e-01 1.541365149036661442e-01 1.289461889892462021e-01
1.690500000000000000e+03 4.108818266031943267e+02 -2.862037744611674839e+01 7.490850528562311705e-01 -2.874730725463566472e+01 -1.369841406405212236e+00 1.458539184855141357e+01 -3.323154919810724084e-01 -1.248179210857903315e-02 1.688863508520031809e-01
1.726500000000000000e+03 4.181973703959795330e+02 -2.647578728715187069e+01 -2.512323565149763294e-01 -2.644957532997153393e+01 -4.602126752620550043e-01 1.091264071895348664e+01 6.346733127580719835e-02 -2.415958626155220168e-01 -5.349326144041945119e-02
1.762500000000000000e+03 4.078120116821316969e+02 -1.801424416464115197e+01 -6.880570027865611227e-01 -1.732479392725431211e+01 1.503911594682775466e+00 8.030514392591848960e+00 -2.719233852312593069e-01 -2.074874912084754552e-01 5.008544323377314700e-02
1.798500000000000000e+03 3.759653627243012579e+02 -9.578321050532389691e+00 4.908277036754460365e-02 -9.502718236513135963e+00 4.642309856362480947e-02 7.779443845144654368e+00 -1.525350589276410485e-01 5.462330742705743397e-02 -2.687669543046822263e-02
1.834500000000000000e+03 3.409587125770249258e+02 -5.947790755840697940e+00 2.648050688205638159e-01 -4.783904679130779769e+00 7.482289018034650185e-01 8.671612978750390610e+00 -3.124945325709536231e-02 7.020538200243825466e-02 -1.918427449486339309e-01
1.870500000000000000e+03 3.013233702982303157e+02 -5.781716307324958670e+00 -6.832167435510017039e-01 -5.608814881840253008e+00 2.671762994623363419e-01 1.017596943039149693e+01 -3.922139571038668060e-01 2.253893689670751280e-02 -2.801697013736326181e-01
1.906500000000000000e+03 2.708679088966924837e+02 -9.284793235909933884e+00 3.695372547653151818e-01 -1.095575026927855689e+01 -8.468380154222332479e-02 1.104819383641791930e+01 2.472225408831461579e-01 2.847279042523878645e-02 1.728541039839944782e-01
1.942500000000000000e+03 2.539843043899504664e+02 -1.571770499195828563e+01 -2.122467105584876501e-01 -1.387436689609978302e+01 3.936093508594337154e-01 1.114124155865455634e+01 -1.784022000953645881e-01 8.114264286101914581e-02 4.786041153385809377e-01
1.978500000000000000e+03 2.555021859518760152e+02 -1.745134901020248464e+01 -4.266908307905064035e-01 -1.737851615003258843e+01 -3.063334239168803985e-01 9.315333632998530788e+00 7.461280017403058851e-02 -1.925609933704940935e-01 -2.206448800831629919e-01
2.014500000000000000e+03 2.551072379237863004e+02 -1.759207402254564556e+01 -1.516989032326079845e-01 -1.753776776613244692e+01 3.131557778584094232e-01 7.749266940819360627e+00 -2.531697603757167570e-01 9.738331901662773682e-02 -5.679251771010886130e-02
2.050500000000000000e+03 2.515377078293076352e+02 -1.391711961493061267e+01 7.879759705627522592e-01 -1.406636062301196688e+01 -4.650433624765311080e-01 6.307086061418495149e+00 -1.289213357866690612e-01 2.623057547506152387e-01 9.461278075960281864e-02
2.086500000000000000e+03 2.405746881547536873e+02 -9.708502854484237332e+00 5.105758789086924931e-01 -1.045580716882690453e+01 -1.280610558142394051e-01 5.737634972373297337e+00 -1.200437879403803837e-01 1.302841280593491358e-01 1.694248106522410202e-01
2.122500000000000000e+03 2.196134161727964624e+02 -5.137650129295287194e+00 6.445265863392506400e-01 -5.289281093250759014e+00 -3.781317501195499142e-01 4.939868799796949261e+00 -2.970143284010343665e-01 5.396977172921341159e-02 1.460677408885893147e-01
2.158500000000000000e+03 1.923465504303196099e+02 -3.400573163682017785e+00 5.423940582599801052e-01 -2.330255737948465633e+00 -7.111902338663376177e-01 5.520585134345269651e+00 2.910601567655015098e-01 -4.887799178664239269e-02 3.574239346213973212e-01
2.207000000000000000e+03 1.664894828475610211e+02 -2.952988944883931932e+00 2.940643580157620285e-01 -3.997753329932326238e+00 -2.803380802766398672e-01 5.842693704376991093e+00 -3.136119558979164057e-02 2.862714087035414523e-02 1.441504122450540382e-01
2.268000000000000000e+03 1.476673996102261697e+02 -6.448321175626901436e+00 -1.185736168704671217e-01 -6.460939821464441124e+00 -5.928062942431614468e-01 5.551408957403414668e+00 -2.584509880333536458e-01 -8.073599812545953491e-02 3.479772908985595548e-02
2.329000000000000000e+03 1.424578509364351078e+02 -8.103670192866642807e+00 2.472766527630412825e-01 -7.761068130439550572e+00 3.844292314340113093e-01 4.823866033559946587e+00 -1.696634374522175137e-01 1.006564345011009831e-01 -1.053417533003087603e-01
2.390000000000000000e+03 1.356289687210467036e+02 -6.443204289428917875e+00 4.804002705514208160e-01 -5.664568785675411888e+00 4.534888934099549074e-01 3.203115058763297718e+00 -6.000520360461178426e-02 -4.080679190483400554e-01 1.320970051076163498e-01
2.451000000000000000e+03 1.205763551234298916e+02 -2.579789288066034025e+00 -1.598913932629190959e-01 -3.174898940567121297e+00 -1.323465800979121143e-01 2.305425702836765289e+00 4.177179292700911040e-02 -1.048501821722462035e-01 -1.461808160902592635e-01
2.512000000000000000e+03 1.073020268000379502e+02 -3.261614181408385438e+00 2.439798721351804089e-01 -3.209484122621741431e+00 -6.063819543225842379e-01 2.789984944748480800e+00 -2.281393918955714750e-01 -7.470975905529432526e-02 -1.494418072093062488e-01
2.573000000000000000e+03 1.002277916164625253e+02 -3.535774164884357251e+00 5.658784414170850430e-02 -3.532804223916238051e+00 1.265934797500860853e-01 2.556107606453010384e+00 1.806049868886245580e-01 1.183489249724419545e-01 -2.237703720333356905e-01
2.634000000000000000e+03 9.591917000128748327e+01 -4.519336112982047737e+00 2.625471142629461352e-01 -4.162818068274058092e+00 3.171139856602901430e-01 2.025912724606230952e+00 1.528098318788589371e-01 3.453281629085618865e-01 1.620886701452277645e-01
2.695000000000000000e+03 9.200660392642100760e+01 -2.996665573685384665e+00 -2.960550872658198815e-02 -3.077196664380635660e+00 4.426930076285575666e-01 1.173168881322643076e+00 2.034775501751817373e-01 1.135114597211055731e-01 3.839218644919778489e-02
2.756000000000000000e+03 8.559546128955324207e+01 -1.614795389783845625e+00 -2.968379645869727579e-01 -1.704808210342695585e+00 -3.112618943594884779e-01 1.730249818661554695e+00 4.193966836163534606e-02 -2.372945072984323500e-01 -2.501172902632206041e-01
2.817000000000000000e+03 7.850280733494098229e+01 -2.230558140559284919e+00 2.489294064473513701e-01 -1.594107596036330676e+00 2.559909831802504865e-01 1.413300065352382839e+00 1.109320658788166825e-02 1.583159646372600537e-01 -1.186685938718393118e-01
2.878000000000000000e+03 7.326158445477271641e+01 -1.340062952392646611e+00 2.827040299224931608e-01 -2.339766305223957232e+00 1.625875482714882192e-01 1.404057306373558855e+00 4.808598079603643161e-01 -8.543942984837249455e-02 -4.906999684596878575e-02
2.939000000000000000e+03 7.057399347364764708e+01 -1.534516611600043046e+00 2.640766876905396021e-01 -2.197979485184378134e+00 4.613043702075742547e-01 1.297064655963533486e+00 1.215143275033337550e-02 6.890564544867347485e-02 4.675999266211133820e-01
3.000000000000000000e+03 6.946467925547764821e+01 -1.438452797239782255e+00 1.547407546314670534e-02 -2.013350775272512383e+00 2.752487637858327396e-01 1.039059894181872057e+00 -2.879012043725702186e-01 -1.771975537711135140e-01 1.919847482900969848e-01
3.061000000000000000e+03 6.865038142478994132e+01 -2.079753956081914712e+00 -1.029522053590881336e+00 -1.227768701651137606e+00 -2.348536471554484306e-01 8.852725083577748233e-01 -1.266109330342466976e-01 6.915580695377264719e-01 4.277715552931688481e-01
3.122000000000000000e+03 6.571094246812275230e+01 -7.468091952413226098e-01 6.291246475760412515e-01 -1.131704379915189129e+00 6.019786347880312638e-02 5.026257721189244521e-01 -3.755520725274095195e-01 -9.253350188229619855e-03 -9.736618564027315070e-01
3.183000000000000000e+03 6.434166690205989880e+01 -6.768781314066826260e-01 6.463294049306325117e-01 -1.360502057774315432e+00 -2.392354137287407978e-01 7.643395503951752046e-01 -1.339052712597728900e-01 -5.120909338402496180e-02 -3.129297133960075028e-01
3.244000000000000000e+03 6.350057398064975445e+01 -1.142008307574563730e+00 -1.045571098439859181e-01 -2.686356741172002960e-01 3.707946287059822321e-01 6.472357639572088317e-01 1.284473740807522413e-01 -2.111896731866281379e-02 1.920959001205091166e-01
3.305000000000000000e+03 6.351507125406874366e+01 -1.068870053647199558e+00 2.656311585750371629e-01 -9.279643729397195617e-01 3.307123136389864548e-01 3.513391272370681717e-01 1.674103679876552120e-01 -2.840851774006063896e-02 2.330405560006714449e-01
3.366000000000000000e+03 6.356157970254412248e+01 2.664203931673200798e-02 1.380179369716344195e-01 -9.576575928309654095e-01 -2.974570805955827346e-01 3.906501968479463294e-01 -2.642687670196450789e-01 -1.132208437781419275e-01 -6.456185542344944350e-02
3.447000000000000000e+03 6.254085869372213580e+01 -4.530196933411472227e-01 -4.704474218329093849e-02 -2.773538700459505235e-01 8.601841791318581842e-01 1.701299123569338101e-01 1.249598629215586121e-01 -2.671163019953192164e-01 7.970418293975106705e-02
3.548000000000000000e+03 6.214552780020896705e+01 -5.617223325464875128e-01 -1.983284513369433510e-01 -3.233721293001458053e-01 1.680293367476762278e-01 4.774204365836019759e-02 2.345461331724968401e-01 -2.288586477083991433e-01 3.371178686115522405e-02
3.649000000000000000e+03 6.344931704786782234e+01 -6.028682758943726405e-01 1.909226109232906032e-01 -1.180518214532553234e+00 -5.778117571197752822e-01 -1.062654261164068387e-01 -6.863033279659831731e-02 1.012371113160574210e-01 -1.655659603744349673e-01
3.750000000000000000e+03 6.438556369575306348e+01 -5.243606403743705791e-01 1.302546334638397529e-01 1.187168379158422826e-01 1.643810820066259060e-01 -6.556027438537187502e-02 1.775161164623832444e-01 -2.184627610217662885e-01 5.281351356859446122e-01
3.851000000000000000e+03 6.589361548096172783e+01 3.859271166730131042e-01 5.013713437094821646e-03 -3.565809580692563818e-01 3.071979150592971664e-01 2.610751160642307278e-01 -1.230159452261860853e-01 3.091210069025975282e-01 1.887765799876841011e-01
3.952000000000000000e+03 6.746647900606828330e+01 -1.338227430366761284e-01 4.873591599279572528e-02 -6.923425653151518144e-01 -3.922758788752449544e-01 3.657968326819256710e-02 -1.272739127407282456e-01 3.885176476124094225e-01 1.926807568313758101e-01
4.053000000000000000e+03 6.926678936265702191e+01 1.386575060871337306e-01 1.779479442715114351e-02 -2.508765122000510273e-01 -2.307490102907460983e-01 5.030317923577315442e-01 -2.028492774074358018e-01 9.987120910700835186e-01 -5.515498747381148981e-01
4.154000000000000000e+03 7.161649460858481575e+01 4.657530741714543399e-01 -1.133498934241634615e-01 1.784190042074589866e-01 -1.404668180839319935e-01 -3.459669669734077857e-01 -3.581641012337540286e-01 -4.433343873724074902e-01 7.242096713679239961e-02
4.255000000000000000e+03 7.364708293908628889e+01 6.541042416254163605e-01 2.450373723586514729e-01 1.969816552332341875e-01 -9.031216164813643532e-02 -3.876793825428789253e-01 -5.904195973275206955e-01 6.732071386569810079e-03 -4.773549215873874041e-01
4.356000000000000000e+03 7.600992494128612975e+01 5.046419144618294883e-01 -3.656460612341508876e-01 3.846516896846065015e-01 4.057532185868644170e-01 -2.500369946363556473e-01 2.104880807251752195e-02 3.557361016509840712e-01 8.468519637295197910e-02
4.457000000000000000e+03 7.796888592628673109e+01 -3.682316491082933685e-01 -8.585583309359667847e-01 1.357006731137806038e-02 -2.110477890651922539e-01 -2.206390246355759699e-01 -5.552768571137852716e-01 -1.132729325469524762e-01 -4.064490167958879907e-02
4.558000000000000000e+03 8.203384043778837054e+01 1.265080492314158978e-01 4.127742291556673049e-01 -2.298444423166606798e-01 3.018223080888821630e-01 -3.285535582663817733e-02 9.151259199080419293e-02 -1.125803723385010002e+00 -1.086055319362558558e-01
4.659000000000000000e+03 8.412043229409458434e+01 5.365397698655478553e-01 3.688030203797984519e-01 7.874296745567603839e-01 2.957481273523828169e-01 3.673174880624981986e-01 3.364801667818611564e-01 -3.287431099599835704e-01 -3.001862487005959590e-01
4.760000000000000000e+03 8.656903977847704823e+01 6.230874048710894897e-01 -4.824432356108836473e-01 -5.729161014705279609e-01 -2.665122261013194715e-02 -6.519239717550336932e-01 -2.626939944995053122e-01 3.225649994696120348e-01 -1.077791132025995857e-02
4.861000000000000000e+03 8.974394207296236914e+01 -4.758439599861415958e-01 -5.445445222099200011e-01 3.701249761540164607e-01 5.331293943498774945e-01 -1.279039197772829373e-01 -5.305837598864358018e-01 6.911033191140545373e-01 1.073188594100507043e-01
4.962000000000000000e+03 9.327625548389414689e+01 -1.430355720742425008e-01 9.262548446895104703e-01 -8.572963543056618674e-01 -1.035522869161413229e-01 -1.593861783419832923e-01 6.978013138043132058e-01 1.078583611410130150e+00 -5.354446269789236990e-02
5.063000000000000000e+03 9.519244373706017370e+01 2.349189174179251993e-01 1.133430398339206890e+00 -5.497730402102916081e-01 1.633107329204400993e-01 -5.297728697394139541e-01 6.027522515506212875e-01 3.678864679024579365e-01 -4.996492617532830027e-01
5.164000000000000000e+03 9.971253457463915026e+01 -1.897328654917965540e+00 3.636979368369193666e-01 -9.558675197825082792e-01 -7.091941993630278551e-01 8.657488283481895586e-03 -1.906940605804628985e-01 9.305115449772944913e-01 4.570772292002789339e-02
5.265000000000000000e+03 1.013714963415858392e+02 -7.188837054288270689e-01 1.576685240309939062e-01 7.398174976485818455e-01 1.106881809616051093e+00 -8.274471862504652331e-02 1.387688367018126145e+00 1.955772471971772841e-02 -1.199674411970745869e+00
5.366000000000000000e+03 1.057262863469001672e+02 6.820178212795726669e-01 -1.099851407006374515e+00 -1.242519666227954733e+00 -1.113717950305478821e+00 5.951205774639412027e-01 5.616486382468344196e-01 -2.962282463499740226e-01 5.475958434553962473e-01
5.467000000000000000e+03 1.084231940065098030e+02 -3.104781718296401594e-01 -6.811844234716565305e-01 -6.085161228302256031e-01 6.384190429303138181e-01 -1.383758820629470421e+00 -4.207368467724681982e-01 2.839572404634593816e-02 -1.930625764961684809e-01
5.568000000000000000e+03 1.121168401942603907e+02 -1.836716090201294393e-01 4.085882362694338160e-02 8.560900447119783596e-01 -1.517630795781462538e+00 2.564679979521182207e-01 2.193716349105647279e+00 -5.855117419136276480e-01 7.118096653698671172e-01
5.669000000000000000e+03 1.156659637974815240e+02 3.269811060115853651e-01 3.252628626811729373e-01 -5.024651861159019628e-01 -1.318261948705572451e+00 -1.210993976684118900e+00 4.083564725993955591e-01 2.007777467449274322e-01 -1.085344710007030589e+00
5.770000000000000000e+03 1.184610723429325674e+02 -7.662736165279975253e-01 -8.347273672932643551e-01 -4.837860198295435010e-01 -8.333333482281379823e-01 1.135887736063278863e+00 2.925546410724829127e-01 9.704288532921085952e-01 -5.064091420763352502e-01
5.871000000000000000e+03 1.227640142760078419e+02 6.848587597970302587e-01 3.896054006581235463e-01 3.771217444936375562e-01 -9.691498839740574356e-01 1.759590111642570065e+00 -1.101792706490386742e+00 -6.902065432871006267e-01 -4.161730966968846257e-02
