# l Dl_TT Dl_TE Dl_TB Dl_ET Dl_BT Dl_EE Dl_EB Dl_BE Dl_BB
7.050000000000000000e+01 1.915724053465578891e+03 -8.999877179780384040e+00 5.703863387601826318e-02 -8.999877179780384040e+00 5.703863387601826318e-02 3.443519219963884215e-01 -9.698208415930081872e-03 -9.698208415930085341e-03 3.032276355059094087e-03
1.065000000000000000e+02 2.754748309090920429e+03 -2.605355477723384894e+01 -6.579799590779995822e-02 -2.605355477723384894e+01 -6.579799590779995822e-02 8.495734271593652354e-01 -1.318185059629359279e-02 -1.318185059629359279e-02 -2.436822693005953264e-02
1.425000000000000000e+02 4.337836422657132061e+03 -4.511018431371383031e+01 1.302823598245241410e+00 -4.511018431371383031e+01 1.302823598245241410e+00 1.122850566401299544e+00 -1.110723741457745814e-02 -1.110723741457745294e-02 -3.439871389777774454e-03
1.785000000000000000e+02 5.190965248369019719e+03 -3.511264762620816526e+01 1.085572839080275243e+00 -3.511264762620816526e+01 1.085572839080275243e+00 7.944200115775303939e-01 -2.543310315299678395e-02 -2.543310315299678048e-02 5.426782267580934627e-02
2.145000000000000000e+02 5.581645127465947553e+03 3.967255336420655976e+00 -9.184532892587239372e-01 3.967255336420655976e+00 -9.184532892587239372e-01 8.160220873837171762e-01 -1.027606824787912279e-02 -1.027606824787912973e-02 3.511210068394981371e-02
2.505000000000000000e+02 5.409273136827451708e+03 6.766763154476393538e+01 5.027317624000408047e-01 6.766763154476393538e+01 5.027317624000408047e-01 2.663982840039659017e+00 1.407176819096570691e-02 1.407176819096571385e-02 -7.231820004159417517e-03
2.865000000000000000e+02 4.512258154900833688e+03 1.125278115453144636e+02 -1.368485201788347538e+00 1.125278115453144636e+02 -1.368485201788347538e+00 7.129795064934387305e+00 -8.506294596242308312e-03 -8.506294596242306577e-03 2.066183380781079493e-02
3.225000000000000000e+02 3.354076583145454606e+03 1.168678018053646213e+02 -6.401259586375579458e-01 1.168678018053646213e+02 -6.401259586375579458e-01 1.295932525753518583e+01 -2.277529437423293779e-02 -2.277529437423294473e-02 6.728579717480996430e-04
3.585000000000000000e+02 2.311933845806052432e+03 7.463653266163552757e+01 1.739719987171770010e-01 7.463653266163552757e+01 1.739719987171770010e-01 1.887034889406430693e+01 4.212239585543939291e-04 4.212239585543852555e-04 5.650078772427397783e-02
3.945000000000000000e+02 1.818007153003663234e+03 6.341053132294641514e+00 -3.194194307491872720e-01 6.341053132294641514e+00 -3.194194307491872720e-01 2.147678148333301351e+01 3.775303488986358341e-02 3.775303488986358341e-02 3.779889450768589287e-02
4.305000000000000000e+02 1.763814438415551876e+03 -4.897244203574008736e+01 2.468007932702715734e-01 -4.897244203574008736e+01 2.468007932702715734e-01 1.877859027393501279e+01 -7.350442411302583745e-02 -7.350442411302586521e-02 4.254722851270482248e-02
4.665000000000000000e+02 2.065279120888575562e+03 -7.115482490633047519e+01 6.789841634685331861e-01 -7.115482490633047519e+01 6.789841634685331861e-01 1.353180534606911678e+01 2.046417655809285724e-02 2.046417655809285030e-02 6.609126892102160089e-02
5.025000000000000000e+02 2.489136110170725260e+03 -5.734077979946356152e+01 -2.102064040320307803e-01 -5.734077979946356152e+01 -2.102064040320307803e-01 8.111583076214056831e+00 -1.047466689605391736e-02 -1.047466689605392257e-02 4.686123410701287240e-02
5.385000000000000000e+02 2.555464949694940515e+03 -1.297190466915158424e+01 5.537962746105249412e-01 -1.297190466915158424e+01 5.537962746105249412e-01 7.380356352636891160e+00 3.835563536668562187e-03 3.835563536668569126e-03 4.579618701765759275e-02
5.745000000000000000e+02 2.462471993205472700e+03 2.218909916748818389e+01 -3.679380615840373014e-01 2.218909916748818389e+01 -3.679380615840373014e-01 1.270417145078769572e+01 -5.111693507838357964e-02 -5.111693507838357964e-02 4.363553937176105346e-02
6.105000000000000000e+02 2.149241704729980484e+03 2.515079532791692074e+01 4.677291154373746096e-01 2.515079532791692074e+01 4.677291154373746096e-01 2.278748655357895458e+01 7.909527313916292490e-02 7.909527313916291102e-02 1.411272289745629793e-01
6.465000000000000000e+02 1.897061267674845567e+03 -1.008240316386028468e+01 4.086550237415849662e-01 -1.008240316386028468e+01 4.086550237415849662e-01 3.303866789866244602e+01 -7.101541265545064513e-03 -7.101541265545063646e-03 8.513828367500075878e-02
6.825000000000000000e+02 1.855851281103569363e+03 -6.956342937887876587e+01 -3.204595550450717312e-03 -6.956342937887876587e+01 -3.204595550450717312e-03 3.792796187615262937e+01 9.507942174777901656e-02 9.507942174777907207e-02 8.894126889411155257e-02
7.185000000000000000e+02 1.972628547185469642e+03 -1.185000858086811775e+02 5.156233455999201798e-01 -1.185000858086811775e+02 5.156233455999201798e-01 3.570838798393944558e+01 -4.922320738038814258e-02 -4.922320738038814258e-02 1.332208565538531564e-01
7.545000000000000000e+02 2.221608367547030866e+03 -1.317281894233036610e+02 3.482912324963893247e-01 -1.317281894233036610e+02 3.482912324963893247e-01 2.671328435408004509e+01 -6.137887301972846238e-02 -6.137887301972849707e-02 8.625724821843769319e-02
7.905000000000000000e+02 2.495477524797334809e+03 -9.989775490987156559e+01 3.118316796336649266e-01 -9.989775490987156559e+01 3.118316796336649266e-01 1.724345334558030984e+01 -5.512250346046938809e-02 -5.512250346046939503e-02 2.049377871520750849e-02
8.265000000000000000e+02 2.490495643508023022e+03 -4.183118821602792536e+01 2.128906223279611598e-01 -4.183118821602792536e+01 2.128906223279611598e-01 1.290514417777928635e+01 4.370109825263132630e-02 4.370109825263131242e-02 1.311280698633516262e-01
8.625000000000000000e+02 2.272196946650002246e+03 1.778287043077650509e+01 7.676686284126088555e-02 1.778287043077650509e+01 7.676686284126088555e-02 1.467392883175896579e+01 5.061261122132646589e-02 5.061261122132647283e-02 5.573643288664689721e-02
8.985000000000000000e+02 1.906684654915609826e+03 5.386683257295013050e+01 1.052418578825412010e-02 5.386683257295013050e+01 1.052418578825412010e-02 2.379566942508253646e+01 -4.308423295229593664e-02 -4.308423295229593664e-02 1.535428348020937694e-01
9.345000000000000000e+02 1.499290921242170270e+03 5.245739427377858988e+01 -4.696740416394685202e-01 5.245739427377858988e+01 -4.696740416394685202e-01 3.413335140251794542e+01 -6.086389976112596689e-02 -6.086389976112598077e-02 3.661099992314456597e-02
9.705000000000000000e+02 1.201930774646171130e+03 1.515112735165799407e+01 -2.703979605702586109e-01 1.515112735165799407e+01 -2.703979605702586109e-01 4.044280258049690957e+01 1.463932184916948154e-02 1.463932184916948848e-02 1.657776723557882470e-01
1.006500000000000000e+03 1.071847167136416601e+03 -3.268647987443262792e+01 -6.791477560764375143e-02 -3.268647987443262792e+01 -6.791477560764375143e-02 4.172477160967819998e+01 -6.553051724964542579e-02 -6.553051724964546743e-02 9.924588432891279233e-02
1.042500000000000000e+03 1.078846693664213944e+03 -7.023510168576518709e+01 3.381744304620897812e-01 -7.023510168576518709e+01 3.381744304620897812e-01 3.519987968117068533e+01 1.855443748623973252e-02 1.855443748623972905e-02 1.236600926422717489e-01
1.078500000000000000e+03 1.179319754659431510e+03 -7.878228192382189832e+01 6.821996809301715814e-01 -7.878228192382189832e+01 6.821996809301715814e-01 2.530595651254719769e+01 -7.098775571857962596e-02 -7.098775571857962596e-02 2.197327548322057511e-01
1.114500000000000000e+03 1.249409247936980819e+03 -6.069183118115939379e+01 8.662242498256618184e-01 -6.069183118115939379e+01 8.662242498256618184e-01 1.682408699461559110e+01 -9.234772711807626155e-02 -9.234772711807628931e-02 2.363239416590989239e-01
1.150500000000000000e+03 1.231405448017848585e+03 -3.055128830981531252e+01 8.736754459285515084e-01 -3.055128830981531252e+01 8.736754459285515084e-01 1.363107282024674127e+01 -1.218465748489198364e-01 -1.218465748489198086e-01 6.606125749387295465e-02
1.186500000000000000e+03 1.124637548342829632e+03 -3.501805928333265427e+00 -1.161226871855300935e+00 -3.501805928333265427e+00 -1.161226871855300935e+00 1.564054349908081143e+01 4.715919840133219604e-02 4.715919840133220298e-02 2.271750448573802705e-01
1.222500000000000000e+03 9.491322849727246194e+02 7.409438824014622504e+00 -1.659943058908479319e-01 7.409438824014622504e+00 -1.659943058908479319e-01 2.137658088456542060e+01 1.288801898454003669e-01 1.288801898454004502e-01 9.360968334591089623e-02
1.258500000000000000e+03 8.158482429860997627e+02 -6.424362776727179813e+00 -3.174856164789575108e-01 -6.424362776727179813e+00 -3.174856164789575108e-01 2.797425727352265312e+01 5.463780397918767406e-02 5.463780397918766019e-02 1.898693380289499799e-01
1.294500000000000000e+03 7.299215435479565031e+02 -2.883708350160389244e+01 8.524904407915749882e-01 -2.883708350160389244e+01 8.524904407915749882e-01 3.035681230907864858e+01 2.739893223816672885e-01 2.739893223816672330e-01 8.106577769138062495e-02
1.330500000000000000e+03 7.404000296974137427e+02 -5.011838865834027956e+01 -2.545679948383440805e-01 -5.011838865834027956e+01 -2.545679948383440805e-01 2.857261309608094635e+01 2.924597406032342084e-02 2.924597406032343125e-02 2.056403952829360601e-02
1.366500000000000000e+03 7.837807959345381050e+02 -6.081869932850793248e+01 1.062078395086355265e+00 -6.081869932850793248e+01 1.062078395086355265e+00 2.291896738241627673e+01 -1.574024318543731926e-01 -1.574024318543731649e-01 1.093431384589215460e-01
1.402500000000000000e+03 8.287453985735393189e+02 -5.442935203984721682e+01 8.468856861754553433e-02 -5.442935203984721682e+01 8.468856861754553433e-02 1.699635376787543706e+01 1.029368938808793502e-02 1.029368938808793328e-02 1.350366280531833663e-01
1.438500000000000000e+03 8.142303139198396593e+02 -3.392327820001188599e+01 -4.295777274704543069e-02 -3.392327820001188599e+01 -4.295777274704543069e-02 1.254418330638718082e+01 7.198632759070161535e-02 7.198632759070161535e-02 2.301542551530537037e-02
1.474500000000000000e+03 7.694367211511959113e+02 -1.313440590102922734e+01 9.413907482948321581e-01 -1.313440590102922734e+01 9.413907482948321581e-01 1.131380085975127869e+01 2.923398824861365985e-02 2.923398824861365985e-02 1.847273167803049898e-02
1.510500000000000000e+03 6.632995416263468087e+02 2.245600374622406914e+00 3.652285350166882827e-01 2.245600374622406914e+00 3.652285350166882827e-01 1.340413599431284908e+01 1.415073810761017514e-01 1.415073810761017792e-01 2.535270663692770210e-01
1.546500000000000000e+03 5.484034201017009309e+02 5.834167508639679589e+00 -2.846029757265027826e-01 5.834167508639679589e+00 -2.846029757265027826e-01 1.699590894133347163e+01 -7.310888541592161505e-02 -7.310888541592162893e-02 1.599767250771167992e-01
1.582500000000000000e+03 4.649293666371564768e+02 -2.238815364693711896e+00 -1.534868543672079921e-01 -2.238815364693711896e+00 -1.534868543672079921e-01 2.020978692712057878e+01 4.121113273881949618e-02 4.121113273881950312e-02 1.575193070553442543e-01
1.618500000000000000e+03 4.155517583381776490e+02 -1.563820357287341523e+01 2.996688434953920233e-02 -1.563820357287341523e+01 2.996688434953920233e-02 2.040853644647631171e+01 2.273121569407999254e-01 2.273121569408000364e-01 2.573906969806177836e-02
1.654500000000000000e+03 3.953476169836026770e+02 -2.586913417540738180e+01 2.456062194344895144e-01 -2.586913417540738180e+01 2.456062194344895144e-01 1.856678017987147200e+01 1.754728456692990490e-01 1.754728456692989935e-01 8.487606418353242643e-02
1.690500000000000000e+03 4.036690850650377911e+02 -3.037473653760692471e+01 -2.764991475369312224e-01 -3.037473653760692471e+01 -2.764991475369312224e-01 1.501291057955698349e+01 -9.339679620660987225e-02 -9.339679620660980286e-02 4.680966605669003439e-02
1.726500000000000000e+03 4.075328044365126061e+02 -2.588895164082316569e+01 3.317460865318775376e-01 -2.588895164082316569e+01 3.317460865318775376e-01 1.095256952209302526e+01 6.190970235559770801e-02 6.190970235559769413e-02 7.028846275083110162e-02
1.762500000000000000e+03 3.990647830961477780e+02 -1.872392897601059758e+01 4.509590609932426775e-01 -1.872392897601059758e+01 4.509590609932426775e-01 8.545963092108488368e+00 2.381121233199079423e-02 2.381121233199084974e-02 2.271275186331853102e-01
1.798500000000000000e+03 3.672791937023304172e+02 -9.762237205508107252e+00 2.389419932235621047e-01 -9.762237205508107252e+00 2.389419932235621047e-01 7.682268479327774457e+00 -6.431321368943920813e-02 -6.431321368943923589e-02 9.849844832978534026e-02
1.834500000000000000e+03 3.295602577548200998e+02 -5.503571987475082139e+00 2.353719118034764413e-01 -5.503571987475082139e+00 2.353719118034764413e-01 8.750879924840994306e+00 -3.651978456388414729e-02 -3.651978456388414035e-02 1.779407443536705144e-02
1.870500000000000000e+03 2.886117801347552358e+02 -4.984006657256152550e+00 1.969548967042963200e-02 -4.984006657256152550e+00 1.969548967042963200e-02 9.991765288403556156e+00 -8.041149494525803854e-02 -8.041149494525809405e-02 1.511069853858299228e-01
1.906500000000000000e+03 2.573852924544592042e+02 -9.503050827616215557e+00 2.597302207019677733e-02 -9.503050827616215557e+00 2.597302207019677733e-02 1.101305281001759262e+01 -9.972866282598999432e-02 -9.972866282599002208e-02 6.294491874751595439e-02
1.942500000000000000e+03 2.480169140096901970e+02 -1.478178649619256824e+01 2.212306160931951093e-01 -1.478178649619256824e+01 2.212306160931951093e-01 1.089118101651460613e+01 -5.833855387119547820e-02 -5.833855387119547820e-02 3.648261416052726858e-02
1.978500000000000000e+03 2.404960161632896529e+02 -1.709180581440006108e+01 -2.882478147927443612e-01 -1.709180581440006108e+01 -2.882478147927443612e-01 9.626048365576746590e+00 9.545640439821866108e-02 9.545640439821861944e-02 -3.778232630611665088e-02
2.014500000000000000e+03 2.421274541772216935e+02 -1.701502234444959072e+01 2.633444436682251533e-02 -1.701502234444959072e+01 2.633444436682251533e-02 7.739804304689961612e+00 -2.002433253400662944e-03 -2.002433253400662944e-03 1.187237635891424253e-01
2.050500000000000000e+03 2.366283558185175764e+02 -1.377091498693092575e+01 3.131190665245390248e-01 -1.377091498693092575e+01 3.131190665245390248e-01 6.063256626811106109e+00 1.471967136819813393e-01 1.471967136819814226e-01 -2.000193938700374208e-01
2.086500000000000000e+03 2.277380981313110055e+02 -9.767275754135733123e+00 -1.576343880309728496e-01 -9.767275754135733123e+00 -1.576343880309728496e-01 5.405798869951703445e+00 3.664138994995256443e-02 3.664138994995259219e-02 -8.935236458704805956e-03
2.122500000000000000e+03 2.045169942820266726e+02 -5.192010585738346506e+00 -9.664521633247644128e-02 -5.192010585738346506e+00 -9.664521633247644128e-02 4.813488572310838265e+00 -7.746159921572615126e-02 -7.746159921572612350e-02 -9.046552676915768643e-02
2.158500000000000000e+03 1.805657995813612047e+02 -3.265307458507177074e+00 8.323666032114261648e-02 -3.265307458507177074e+00 8.323666032114261648e-02 5.277984782930053242e+00 1.907679411762408517e-02 1.907679411762407476e-02 9.179394987273124806e-02
2.207000000000000000e+03 1.525835206324500746e+02 -3.984344028544581473e+00 2.389132135853508365e-01 -3.984344028544581473e+00 2.389132135853508365e-01 5.922858475839470671e+00 2.032875405857463916e-02 2.032875405857463916e-02 6.991654109856185184e-02
2.268000000000000000e+03 1.329193321980955886e+02 -6.745124754754998619e+00 -1.317304041509821944e-01 -6.745124754754998619e+00 -1.317304041509821944e-01 6.012504053948630300e+00 -3.999948128404968301e-02 -3.999948128404968994e-02 -4.205953431484939914e-02
2.329000000000000000e+03 1.261615646454516337e+02 -8.127552597641756194e+00 1.568650465661461380e-01 -8.127552597641756194e+00 1.568650465661461380e-01 4.637180958492523430e+00 -1.057220471429630299e-01 -1.057220471429630299e-01 1.078730970140456685e-01
2.390000000000000000e+03 1.190751510349265061e+02 -5.818761567131343071e+00 -1.512634229494637661e-01 -5.818761567131343071e+00 -1.512634229494637661e-01 3.323220517713253663e+00 -1.465634734914549216e-02 -1.465634734914549736e-02 2.356896548556406124e-01
2.451000000000000000e+03 1.063959334907089413e+02 -3.667892194578405984e+00 -4.747536815451135206e-02 -3.667892194578405984e+00 -4.747536815451135206e-02 2.641328137410671406e+00 1.997905995721888095e-02 1.997905995721886707e-02 3.260316400637262024e-01
2.512000000000000000e+03 9.054124580661428467e+01 -3.083885499987890633e+00 1.164400117103178561e-01 -3.083885499987890633e+00 1.164400117103178561e-01 2.931921668287134519e+00 -1.032024795867441669e-01 -1.032024795867441114e-01 2.823424698544456102e-01
2.573000000000000000e+03 8.240622730556928843e+01 -3.856881562178035239e+00 5.260150210572255014e-02 -3.856881562178035239e+00 5.260150210572255014e-02 2.691012077763242250e+00 -1.512253057921031929e-01 -1.512253057921031929e-01 -6.940718697694081563e-02
2.634000000000000000e+03 7.775906509839863645e+01 -4.337547133289668899e+00 2.922900069664131212e-03 -4.337547133289668899e+00 2.922900069664131212e-03 2.243979913534571047e+00 -3.984274688818322668e-02 -3.984274688818322668e-02 -1.809087526473717733e-01
2.695000000000000000e+03 7.355040728561984054e+01 -3.339452038685866597e+00 5.746082218839573819e-02 -3.339452038685866597e+00 5.746082218839573819e-02 1.702444129868113887e+00 -9.081048554059517608e-02 -9.081048554059513445e-02 -1.815776480455320169e-02
2.756000000000000000e+03 6.559018209476047900e+01 -2.065406846479614256e+00 1.102858710320714364e-02 -2.065406846479614256e+00 1.102858710320714364e-02 1.437758081716225211e+00 -2.723936514087288430e-02 -2.723936514087292593e-02 2.536325986418416778e-01
2.817000000000000000e+03 5.805589676366257379e+01 -1.455399368030437568e+00 -2.499239547646494586e-01 -1.455399368030437568e+00 -2.499239547646494586e-01 1.326542258741845837e+00 -6.007741275916242407e-02 -6.007741275916245183e-02 2.766749640385632314e-01
2.878000000000000000e+03 5.246021181028854130e+01 -1.713848063361022467e+00 -4.911813978417228777e-02 -1.713848063361022467e+00 -4.911813978417228777e-02 1.502298258856153979e+00 -1.291405489127201156e-01 -1.291405489127201434e-01 1.729158188065670412e-02
2.939000000000000000e+03 4.878750935534033317e+01 -1.869109532460786482e+00 1.613800649304903204e-02 -1.869109532460786482e+00 1.613800649304903204e-02 1.523376974880949142e+00 3.946420820621721059e-02 3.946420820621721059e-02 -2.064378821000388553e-01
3.000000000000000000e+03 4.619481891422066155e+01 -1.907760532663891340e+00 5.001841973757707727e-02 -1.907760532663891340e+00 5.001841973757707727e-02 7.614432353726313663e-01 -4.900958443102247653e-02 -4.900958443102246265e-02 -9.313574970387721030e-02
3.061000000000000000e+03 4.369331403268386538e+01 -1.281631713964681563e+00 9.858860658192772353e-02 -1.281631713964681563e+00 9.858860658192772353e-02 7.597205861698105300e-01 -3.952741611104925584e-02 -3.952741611104927666e-02 2.911043288976148183e-02
3.122000000000000000e+03 4.116070028787317625e+01 -9.254429014761498262e-01 2.364850626104122999e-01 -9.254429014761498262e-01 2.364850626104122999e-01 6.202304826210764954e-01 7.923223988973428222e-02 7.923223988973429610e-02 1.836579537605052270e-01
3.183000000000000000e+03 3.871059838439790468e+01 -1.036785594687493095e+00 1.104797889060797275e-02 -1.036785594687493095e+00 1.104797889060797275e-02 6.718126467521228218e-01 2.209888654320414647e-02 2.209888654320416035e-02 7.962981379168679319e-02
3.244000000000000000e+03 3.762445415403504967e+01 -7.727754858712991837e-01 -9.850717115067558760e-02 -7.727754858712991837e-01 -9.850717115067558760e-02 4.846788207455752784e-01 1.646527163699163659e-02 1.646527163699162272e-02 5.818586436959942432e-02
3.305000000000000000e+03 3.607025292006252926e+01 -9.271307691791749184e-01 1.134003569405275247e-01 -9.271307691791749184e-01 1.134003569405275247e-01 6.162716491157753662e-01 -1.044479434488830016e-01 -1.044479434488829739e-01 2.746751022757847882e-01
3.366000000000000000e+03 3.507411673288896026e+01 -9.972578414389694501e-01 -2.881369474502884498e-02 -9.972578414389694501e-01 -2.881369474502884498e-02 6.122714141636323992e-01 4.117689057739498670e-02 4.117689057739490344e-02 -4.141339424167997385e-01
3.447000000000000000e+03 3.305674636520586773e+01 -3.220601040782222757e-01 3.434833137826271421e-01 -3.220601040782222757e-01 3.434833137826271421e-01 2.105616316937434229e-01 2.626900602914492011e-02 2.626900602914486460e-02 -1.517341582781303877e-01
3.548000000000000000e+03 3.188024648845643227e+01 -5.523150121737329110e-01 -1.040401809300932207e-01 -5.523150121737329110e-01 -1.040401809300932207e-01 3.379295538529399900e-01 -2.303533652809486298e-01 -2.303533652809485743e-01 -2.211279714403533991e-01
3.649000000000000000e+03 3.080547992050211548e+01 -4.966551082952304630e-01 2.657080117329856384e-01 -4.966551082952304630e-01 2.657080117329856384e-01 3.075223301279187971e-01 -2.454747574711071967e-02 -2.454747574711069885e-02 2.450868895665519187e-01
3.750000000000000000e+03 3.056031596734900546e+01 -3.105658957340905468e-01 2.520516508978472292e-02 -3.105658957340905468e-01 2.520516508978472292e-02 1.274999322282112102e-01 3.687683703485607895e-02 3.687683703485608588e-02 -3.993856215476970783e-01
3.851000000000000000e+03 3.042498203487630448e+01 -3.198924323221531418e-01 1.244868211399875191e-01 -3.198924323221531418e-01 1.244868211399875191e-01 4.982034687357007052e-01 3.684275183454724933e-01 3.684275183454724933e-01 -1.878676178135077202e-01
3.952000000000000000e+03 3.018368273026357684e+01 2.527594968801019637e-01 3.294644818379240808e-02 2.527594968801019637e-01 3.294644818379240808e-02 2.249921918592268921e-01 -1.214991221227229579e-03 -1.214991221227201823e-03 5.001442912576217759e-03
4.053000000000000000e+03 3.087456517546180734e+01 -2.349058721361457214e-01 -2.200860130274534532e-02 -2.349058721361457214e-01 -2.200860130274534532e-02 -9.403240891682364266e-02 1.472773465981205843e-01 1.472773465981206398e-01 2.865738718618962011e-01
4.154000000000000000e+03 3.115777944370090680e+01 -1.999232726683399797e-01 -1.653144891411337247e-01 -1.999232726683399797e-01 -1.653144891411337247e-01 -4.662532730183722302e-02 -7.672427195082662243e-02 -7.672427195082665019e-02 -6.115191694935343675e-02
4.255000000000000000e+03 3.156234069963083755e+01 -3.458251248032770397e-01 -1.745682728888770519e-01 -3.458251248032770397e-01 -1.745682728888770519e-01 1.132706915323229563e-01 -1.217101108057326991e-01 -1.217101108057326159e-01 1.132897021767365620e-01
4.356000000000000000e+03 3.229293697840130051e+01 -1.970457369779488321e-01 3.782830635580773648e-02 -1.970457369779488321e-01 3.782830635580773648e-02 -9.822563573310090501e-02 -2.611401382921765268e-01 -2.611401382921765268e-01 1.674651006685274612e-01
4.457000000000000000e+03 3.346226372435738483e+01 2.452463413600235176e-01 -2.455429086710112785e-01 2.452463413600235176e-01 -2.455429086710112785e-01 -9.393594719198025689e-03 5.810942564951904199e-03 5.810942564951793177e-03 -2.290113013896984129e-01
4.558000000000000000e+03 3.394968689398101702e+01 -3.765065385888874405e-01 3.671880634745823824e-01 -3.765065385888874405e-01 3.671880634745823824e-01 -2.398498546745846810e-02 -3.740995705097922841e-02 -3.740995705097925617e-02 -6.228736950774885761e-01
4.659000000000000000e+03 3.465674418633967946e+01 -2.842301000745576234e-01 -1.280177808426546660e-01 -2.842301000745576234e-01 -1.280177808426546660e-01 -3.673257263978760290e-02 -6.645221345168322857e-02 -6.645221345168321470e-02 -7.671298032202874539e-01
4.760000000000000000e+03 3.520048508665355769e+01 -6.805588540408202824e-01 2.557479165546858169e-02 -6.805588540408202824e-01 2.557479165546858169e-02 5.387513088505391234e-01 -5.826068459689510981e-02 -5.826068459689509593e-02 -8.011350889963617106e-02
4.861000000000000000e+03 3.595080127299358708e+01 -1.266700752603269475e-01 2.137609264129636255e-01 -1.266700752603269475e-01 2.137609264129636255e-01 2.009634853003930133e-01 7.277937898365388625e-02 7.277937898365385849e-02 -4.031031019676064031e-01
4.962000000000000000e+03 3.753551141698086724e+01 1.403352811353310581e-01 2.449405032329276810e-01 1.403352811353310581e-01 2.449405032329276810e-01 -3.002714011632849345e-01 3.649434354931734292e-01 3.649434354931734847e-01 -9.180651257715166658e-01
5.063000000000000000e+03 3.846170884465268358e+01 6.195824978531286331e-02 -3.154518220818032237e-01 6.195824978531286331e-02 -3.154518220818032237e-01 -8.765274730844995199e-01 8.713442321818148928e-02 8.713442321818176683e-02 1.161021656147162850e-01
5.164000000000000000e+03 3.908297968937871048e+01 3.744274812067981961e-01 -1.492809733392081450e-01 3.744274812067981961e-01 -1.492809733392081450e-01 -1.793177536551336104e-01 -7.161728951814314570e-01 -7.161728951814310129e-01 3.353820870224914485e-01
5.265000000000000000e+03 4.092054577876318433e+01 2.563862490364102187e-01 2.979281623122801981e-01 2.563862490364102187e-01 2.979281623122801981e-01 -8.343494243766932383e-01 -1.648259121654646608e-02 -1.648259121654646608e-02 -3.622690740166593648e-01
5.366000000000000000e+03 4.157975279878361619e+01 -1.197375631889763259e-03 -1.066158071105203081e-01 -1.197375631889763259e-03 -1.066158071105203081e-01 -3.200878574961783518e-01 -5.995923405756280467e-01 -5.995923405756282687e-01 -3.434542924109353357e-01
5.467000000000000000e+03 4.260093922430259283e+01 -3.301129694029385497e-01 5.834589944268842032e-01 -3.301129694029385497e-01 5.834589944268842032e-01 1.013823324146958804e-01 -3.897778821723349996e-01 -3.897778821723349441e-01 3.654910341629777348e-01
5.568000000000000000e+03 4.376037800726481208e+01 -3.364255984825781365e-01 -7.370122929505709131e-01 -3.364255984825781365e-01 -7.370122929505709131e-01 6.186816241803817507e-01 9.402590071446924602e-01 9.402590071446925712e-01 3.709533811194570263e-01
5.669000000000000000e+03 4.560772182940164043e+01 -1.547574515884294899e-01 3.944292386179365506e-02 -1.547574515884294899e-01 3.944292386179365506e-02 4.386870777019054590e-01 -1.906669954301588588e-01 -1.906669954301586922e-01 -7.378951905966408820e-01
5.770000000000000000e+03 4.617583638843588290e+01 -6.031666134564919735e-03 -1.205182444236008454e-01 -6.031666134564919735e-03 -1.205182444236008454e-01 -9.300646604309928400e-02 -3.844391619744743638e-01 -3.844391619744743638e-01 4.034303966146022824e-01
5.871000000000000000e+03 4.911865038064441791e+01 -2.350044792378044867e-01 -2.773843013113149736e-01 -2.350044792378044867e-01 -2.773843013113149736e-01 -5.695649589711268002e-01 5.416669222153384089e-01 5.416669222153384089e-01 -5.389170754667488294e-01
