# l Dl_TT Dl_TE Dl_TB Dl_ET Dl_BT Dl_EE Dl_EB Dl_BE Dl_BB
7.050000000000000000e+01 2.055820152298721496e+03 -5.115937412087453673e+00 1.068055638443964117e+00 -9.083287663304721704e+00 2.535695880199698493e+00 3.938825660775508997e-01 -3.844381910559972748e-02 -2.162550758448857427e-02 -1.478308486905388977e-02
1.065000000000000000e+02 3.056049105449645140e+03 -2.716077824983755562e+01 -2.835617182373495027e+00 -2.643133046158702015e+01 -3.390014708495499018e-01 8.028187445706467251e-01 -4.632951471125022758e-02 -4.309943528921531680e-02 6.046072454339734142e-02
1.425000000000000000e+02 4.029031971206994058e+03 -4.281332148592961317e+01 -2.785818542971289169e+00 -4.568628493557994830e+01 2.675944467229869339e-01 1.061916063917763164e+00 9.270892993708352778e-03 -2.386301794105016860e-02 1.049828559654137142e-02
1.785000000000000000e+02 4.948757080424814376e+03 -3.513658181055105700e+01 -3.850187121817719937e+00 -3.457377547394139583e+01 -8.010374975385137208e-01 8.142068829065455260e-01 -2.893608515017227073e-02 8.551705668440705288e-04 2.268479267001684285e-02
2.145000000000000000e+02 5.576956752551763202e+03 4.387775909943759878e+00 3.315849730770866977e+00 7.636705303428357183e+00 -5.015119663706191222e-01 8.013055022192049348e-01 4.829802389180437583e-02 -2.969548908907374690e-02 2.855064910148667756e-02
2.505000000000000000e+02 5.467794227805478840e+03 6.466558632603928913e+01 -9.382879810683872890e-01 6.694281162460683277e+01 6.982528758128303537e-02 2.536301471860608725e+00 1.438711381264991263e-02 4.659045805976529120e-03 2.028598849003534349e-02
2.865000000000000000e+02 4.459936429832481736e+03 1.098177058380348683e+02 -2.061741869192828425e+00 1.088184322607788772e+02 1.209091710213182846e+00 6.854507629693671333e+00 -3.397871446513515969e-02 2.069859505323394869e-02 3.084597352965430875e-03
3.225000000000000000e+02 3.275418261180730497e+03 1.147828585210097856e+02 -7.677995694654569103e-01 1.177880351417399112e+02 -1.074021684250070718e+00 1.330840321898149980e+01 -3.860154201487415310e-02 -1.157518504884012811e-02 9.236591203302377262e-02
3.585000000000000000e+02 2.350800026931003686e+03 7.424037970132634712e+01 1.466763346071939811e-01 7.753018823268001825e+01 -2.029319816174319779e-01 1.903741688398096699e+01 -7.989223517564231214e-02 -5.319169558290436084e-02 7.049282644381971163e-02
3.945000000000000000e+02 1.764082170214068356e+03 1.143751861262459713e+01 -9.510096137631383062e-01 1.410622240572519814e+01 -1.913850072796177693e-02 2.103710064620736020e+01 -5.468906086993846616e-02 1.928386871109100120e-02 5.478595490826255673e-03
4.305000000000000000e+02 1.810070318218410648e+03 -4.769026438575150451e+01 7.307578033290922370e-01 -4.800243090313206551e+01 -2.618820433402568870e-01 1.883782879231568330e+01 2.325384686957391311e-01 -4.345613930031921868e-02 3.778708466603242222e-02
4.665000000000000000e+02 2.105560002152605193e+03 -7.203445064240554530e+01 8.483846799474098477e-01 -7.435467588739055600e+01 3.609246515488044871e-01 1.344046225108878900e+01 -7.562119385955917705e-02 -3.641646720144101068e-02 -6.391872218884524920e-03
5.025000000000000000e+02 2.425142071542411941e+03 -5.779016904953140710e+01 1.019941089480977503e+00 -5.655303840469989041e+01 -1.058369849160921028e+00 7.926797187087533558e+00 -7.596262037511160303e-02 6.480836788671620607e-02 5.191366203113025046e-02
5.385000000000000000e+02 2.546022932609951567e+03 -1.478611673999183829e+01 -1.700041603191240203e-01 -1.389027205909760454e+01 -8.122395594645831496e-01 7.422222271745030575e+00 -9.108035462449289021e-02 -1.393894964533683445e-01 4.600765998425149217e-02
5.745000000000000000e+02 2.380836267607769514e+03 2.109727894602818310e+01 1.234707255804424975e+00 2.260641881662567698e+01 -2.587418961071098478e-01 1.294263592442115751e+01 4.384083589351277926e-02 -1.213134672629818389e-01 1.003333108495453596e-01
6.105000000000000000e+02 2.163662596137210130e+03 2.715860606909735964e+01 -6.958786805320488211e-01 2.690901345088833452e+01 -3.362140872171075490e-01 2.241240407700160731e+01 6.423404053528959656e-02 9.660482210226697952e-02 1.275889110905273072e-01
6.465000000000000000e+02 1.883476201316057541e+03 -1.408375927254514082e+01 -2.262593250222873831e+00 -1.420656480810790256e+01 -5.678144630884155442e-01 3.299330842124911101e+01 1.883798201522352000e-01 -1.642803178504460837e-01 9.924425456074678631e-02
6.825000000000000000e+02 1.815383852187083448e+03 -6.409024991925825532e+01 2.452173091319049258e-01 -6.635971492035372421e+01 1.966823318534436649e-01 3.743757087349246149e+01 -4.036486906768905758e-01 -1.037069704884878707e-01 5.963303894028083169e-02
7.185000000000000000e+02 1.964808462913302264e+03 -1.183506184965580985e+02 6.676273095024032322e-02 -1.186423857908547035e+02 9.037099905787752130e-01 3.468145420841717907e+01 -1.682495291453692254e-01 -4.378823582876228276e-02 1.496338608671820003e-01
7.545000000000000000e+02 2.288246645036774225e+03 -1.334648059631911678e+02 2.286207438654888513e+00 -1.328704381257724378e+02 -5.833949844767241100e-01 2.706401065365491121e+01 -1.605972091068904595e-01 -9.832781997487851505e-03 -4.702896260038689352e-02
7.905000000000000000e+02 2.517485050632331422e+03 -1.039831777327711961e+02 -1.432899006577656120e+00 -1.027165119475507424e+02 2.181448607563660214e-01 1.770520249375722699e+01 1.238595046215938550e-01 1.913112170713139326e-01 5.155516463295246876e-02
8.265000000000000000e+02 2.571916614195572038e+03 -4.320290346413828786e+01 1.474828321245302276e-01 -4.498466210804711807e+01 -7.732820088174788831e-01 1.285785040782795363e+01 3.838948443578560354e-02 -1.267991393435735081e-01 -2.774574580482475072e-02
8.625000000000000000e+02 2.299154763594668111e+03 2.194262422730323436e+01 1.258210079637552159e+00 1.979677566270348521e+01 1.656712035419277695e-02 1.489527370213311031e+01 1.543964827856619815e-01 -7.637276065283009341e-02 1.184376997044796209e-01
8.985000000000000000e+02 1.914126397278326294e+03 5.364446821360373008e+01 -1.529590961607784350e-01 5.247988096555121729e+01 -2.658628356124097536e-01 2.348985710413311878e+01 -4.021495204439557575e-02 -5.266695211318825343e-02 2.192621649959244912e-01
9.345000000000000000e+02 1.498947700031479371e+03 4.856004830328666344e+01 7.972402443515668180e-01 5.013689612603312185e+01 2.403300177070064048e-01 3.429805506037783402e+01 2.245163747294923740e-01 -8.436362317074511813e-03 1.752673065501496874e-01
9.705000000000000000e+02 1.200053147909201925e+03 1.560160425039791399e+01 -3.871495691875093126e-02 1.405521861884485801e+01 1.481272296344145201e-01 4.061084438622223303e+01 4.898401078846713330e-02 -8.484837682365772848e-02 1.121965435490184099e-01
1.006500000000000000e+03 1.057039409432083630e+03 -3.176155368472746687e+01 -7.384070055663993770e-03 -3.345286147714060121e+01 1.345236515141104316e+00 4.178292470262836389e+01 1.898061469859507744e-01 2.310666197961521728e-01 1.567013655957864293e-01
1.042500000000000000e+03 1.098509327194195521e+03 -6.588487744938214519e+01 -3.985421586822297524e-01 -6.995523783204754409e+01 5.233569900431469524e-01 3.477503759638205594e+01 2.026623504782386065e-01 5.576810857414812861e-02 -1.174231949489261059e-02
1.078500000000000000e+03 1.163415967202556885e+03 -7.556173903582273965e+01 -1.400049643573851643e+00 -7.474897029696998629e+01 -3.716533488532908214e-02 2.529725385064888243e+01 4.422449496049234985e-01 9.175936570536900871e-02 1.933922253334025704e-02
1.114500000000000000e+03 1.213282812551664165e+03 -6.107177944384937973e+01 -8.719563873325353320e-01 -5.874193228511703069e+01 -3.150275086126617108e-01 1.671796449951497721e+01 -2.792715023995279849e-02 7.669531684208087674e-02 1.367692821101426648e-01
1.150500000000000000e+03 1.225057538926900179e+03 -2.772688653718194018e+01 2.983680543093871762e-01 -2.911096021309027293e+01 -1.180869384469867556e-01 1.376477483473027164e+01 -8.937460137891581335e-04 -1.746365478678806871e-01 1.908939379370223344e-01
1.186500000000000000e+03 1.116508760766902469e+03 -4.085621840618899547e+00 1.264576448862585689e+00 -2.166559700576271119e+00 1.003891480098571432e+00 1.581145041657920736e+01 -1.623059863985144846e-01 -6.218318339006798090e-02 1.485892877283145896e-01
1.222500000000000000e+03 9.595537969093508082e+02 8.383058482972515435e+00 1.374107722601789039e+00 7.137276676160595024e+00 1.033074066308676819e+00 2.180684618305490829e+01 2.084208746008711644e-01 1.490992785370185980e-01 3.155977419902465664e-02
1.258500000000000000e+03 8.294953953166151450e+02 -5.900388585769833938e+00 -2.147430570897215674e+00 -6.952251357324519709e+00 -1.107282291391444851e-01 2.740255482131517795e+01 1.789515740907350050e-01 1.900397583128838330e-01 -1.460680787562428432e-02
1.294500000000000000e+03 7.401993173034485380e+02 -2.710643444240556477e+01 2.093635545528758524e+00 -2.675377370472068606e+01 -3.373310922429803016e-01 3.001334724541417387e+01 7.777194086650462967e-02 6.799928970402942252e-02 4.167742906580344103e-02
1.330500000000000000e+03 7.406617492916228684e+02 -5.011694005695351706e+01 -2.551225598997644006e+00 -4.935332584564071823e+01 -4.792673688518499231e-02 2.841048788030172290e+01 1.089969533815977332e-01 -1.218783457533150483e-01 2.799237605730667267e-01
1.366500000000000000e+03 7.723813390193230362e+02 -5.804894770241085666e+01 8.098391317120268162e-01 -5.976649196138544085e+01 -1.261201186365099147e+00 2.336074518895951613e+01 -4.167852731921437015e-01 1.127136032565127927e-01 2.766768551571908291e-02
1.402500000000000000e+03 8.219182028137606721e+02 -5.282145724155399336e+01 -1.602294956972946993e+00 -5.347720931751703688e+01 -4.386853801740193681e-01 1.724826236787232148e+01 8.232175055201858271e-04 -2.753414051397225226e-02 2.971036394757374799e-01
1.438500000000000000e+03 8.289600857581820037e+02 -3.315636995659720299e+01 -1.537607042287254255e-01 -3.420675418217625463e+01 2.084664583302054119e-01 1.225435503762096268e+01 -1.570644142338928628e-01 8.598234112960911890e-02 1.992506827765957722e-01
1.474500000000000000e+03 7.597404096301402205e+02 -1.357270933885832775e+01 -1.737291815079191837e+00 -1.246533090423839063e+01 -5.247746832900425373e-02 1.169432592451140707e+01 1.530480389901059113e-01 -7.841033606886076840e-03 4.503247780709455916e-02
1.510500000000000000e+03 6.634141462239264229e+02 2.339415618520534590e+00 9.982970996706347355e-02 3.469362380331646012e+00 3.692672433941792676e-01 1.361933846685845140e+01 2.194735488221110087e-01 -1.532302263451638114e-01 1.758325802431728313e-01
1.546500000000000000e+03 5.586740808631707296e+02 4.538678789111235012e+00 -1.213982404686606564e-01 4.984887504797262281e+00 -1.601651099552457158e-01 1.698356622712961794e+01 1.960220422291927833e-01 2.319026120460851992e-01 2.468968220200873920e-01
1.582500000000000000e+03 4.737840999383539611e+02 -6.672343574816174128e-01 -3.142321993110670508e-01 -9.691979648692043980e-01 6.516278393303450711e-01 1.996039147048323059e+01 2.958558744365530346e-01 -1.834681907104760146e-01 1.238651422089837584e-01
1.618500000000000000e+03 4.220903099624084120e+02 -1.342385085930124689e+01 -1.277628298882280689e-01 -1.390207658542650471e+01 -7.575597018767266100e-01 2.059260754906609492e+01 1.011905783878413179e-01 -4.952887012678977574e-02 -4.566945524074725316e-02
1.654500000000000000e+03 4.028471250931578993e+02 -2.495701114811324217e+01 9.631742009592882958e-01 -2.607387133073098084e+01 3.876526797968333771e-01 1.857087954102001248e+01 -1.762939465488238266e-01 -1.021918027519630179e-01 -2.719858513125660293e-01
1.690500000000000000e+03 4.095436252473371610e+02 -2.962144868642430851e+01 4.147919691900703310e-01 -3.080909299699923309e+01 3.261424842298984439e-01 1.499640269830691963e+01 2.025408454405317749e-01 2.873211696419628036e-01 5.478243926113571249e-02
1.726500000000000000e+03 4.172537791908906115e+02 -2.699513701977011948e+01 2.380647826869393135e-01 -2.690821237672047772e+01 3.127163538301645507e-01 1.102862448468465217e+01 2.918147183794964628e-01 1.775690312066743326e-01 1.974700858844791185e-01
1.762500000000000000e+03 4.108386623436049376e+02 -1.841560749939478825e+01 -1.922968123410483399e-01 -1.781540858308206410e+01 2.230729716470549739e-01 8.684414876121628879e+00 -7.058924420902591701e-02 2.635076332390450804e-01 -1.226938439235075451e-01
1.798500000000000000e+03 3.785220080084450274e+02 -1.056387820482646589e+01 1.231926223566737200e-02 -1.147169393375292401e+01 -1.278943086651746774e-01 7.781831333755386382e+00 3.146458493969534476e-01 -8.372821455737441965e-02 1.131698862823271173e-01
1.834500000000000000e+03 3.365185537878277842e+02 -4.565223832091118261e+00 -1.083126545803768881e+00 -4.881355667563182621e+00 -9.573513453261019990e-01 8.666135881903954896e+00 -2.177527492673801413e-01 -6.687370864937552950e-02 5.615681294516323974e-02
1.870500000000000000e+03 2.974265508231338799e+02 -4.924735941450004262e+00 -9.274031185328939220e-01 -5.061685034439524777e+00 -3.696193982818633539e-01 1.025193658151414766e+01 -4.234775680066084069e-01 1.696666838929594412e-01 4.627349861171143885e-01
1.906500000000000000e+03 2.688098634918440553e+02 -1.014040288393234412e+01 -8.313666027980106676e-01 -9.885334586836211912e+00 -1.677903995181262431e-01 1.092297579929243412e+01 1.086122413794961966e-01 1.085872217361689984e-01 -8.474809174378972187e-02
1.942500000000000000e+03 2.570476466144257301e+02 -1.553949531777145587e+01 8.794325083093602613e-01 -1.543604699049181761e+01 -1.013208891100958242e+00 1.133339055736984591e+01 -1.572870237981649766e-01 -4.559004160804619454e-02 2.639767272265106796e-02
1.978500000000000000e+03 2.525172793157822753e+02 -1.795238394587580899e+01 3.319654009662895144e-01 -1.715399891917263275e+01 8.197851087307317375e-02 9.544912620989066454e+00 -1.375871701595586249e-01 1.402585054171476275e-01 -1.745242333125398074e-02
2.014500000000000000e+03 2.536119419889436699e+02 -1.728368946843851717e+01 1.622751222922415248e+00 -1.865779110238910121e+01 5.008167680038390079e-01 7.874089426030693950e+00 -2.916824881527529945e-01 -3.509313081038439863e-01 7.021820594097819002e-02
2.050500000000000000e+03 2.493471433142246951e+02 -1.388858611407255950e+01 1.108473575582592296e+00 -1.435062256023723037e+01 -2.789944641873560727e-01 6.071099725673287040e+00 1.711741395918312536e-01 -3.759932969007354076e-02 1.873858119359909646e-01
2.086500000000000000e+03 2.394043777578651202e+02 -9.064311673144841208e+00 3.888718091028030566e-01 -8.868378589804523315e+00 -8.113302224344787206e-02 5.203101543916591964e+00 -2.332982539995809568e-01 8.438583205060629089e-02 2.300784188290909416e-02
2.122500000000000000e+03 2.178113498090113467e+02 -5.191560364943525130e+00 -7.468746230798907482e-02 -5.377695349478170073e+00 -5.165957660798442541e-03 4.895866945005355575e+00 -4.079458915128391649e-01 -1.263037784333499447e-01 3.766860203563409532e-02
2.158500000000000000e+03 1.955089736729229912e+02 -2.893759449053448840e+00 -4.080609610386643493e-01 -2.417133858510745803e+00 2.895284854651463124e-01 5.599584984763700923e+00 -3.039605268646370373e-01 3.532369252017334427e-01 1.557977308188941423e-01
2.207000000000000000e+03 1.664191804158180616e+02 -3.988943275274535516e+00 -5.399415053593394909e-01 -4.149840090040695983e+00 4.312220124557874512e-01 5.871073391171472089e+00 -2.181238600907398906e-01 9.908757184377225968e-02 -2.632116441819342678e-01
2.268000000000000000e+03 1.475240153295819141e+02 -7.328790814375238938e+00 1.156857845539240037e-01 -7.773291955738336867e+00 -1.870605642162705418e-01 5.503313467849967111e+00 3.274390673142124619e-01 -9.210781463756775866e-02 1.349218187456711626e-01
2.329000000000000000e+03 1.421834316969101906e+02 -8.069330649921358400e+00 -5.869180770048837426e-02 -8.349027886110150121e+00 -1.611524535819542914e-01 4.475609266486267224e+00 2.939348239145561092e-01 -6.727225110620940751e-02 1.786305926348837059e-01
2.390000000000000000e+03 1.347160737273869131e+02 -5.369133237786073209e+00 -9.450452354004718059e-02 -5.751292455282207783e+00 -3.848491919020454732e-01 3.163773998404941779e+00 9.062336989813742083e-03 -6.965671788433466793e-02 -5.019040841735850078e-02
2.451000000000000000e+03 1.217943141744155753e+02 -3.924659742778338956e+00 1.363554328461180076e-01 -3.510523455060222453e+00 5.659495598454787890e-01 2.811702053199693019e+00 -1.166938059860109372e-01 -2.820352078837377041e-01 7.595251637186151150e-02
2.512000000000000000e+03 1.079457118368226247e+02 -3.514580574401518387e+00 -2.593121216566040554e-01 -3.133522312318652858e+00 -4.776130555825750523e-01 2.573666427719284666e+00 -2.862775495845951146e-02 -3.264214256541232984e-01 1.208085984671532498e-01
2.573000000000000000e+03 9.967852059863088243e+01 -4.158412770485418797e+00 -3.907737443970292213e-01 -4.142253081626633637e+00 1.844475061668608140e-01 3.069850580311245913e+00 3.665146417065938411e-02 7.665336206355012616e-02 5.341612294117686899e-02
2.634000000000000000e+03 9.629348089122936472e+01 -4.063315417717247691e+00 1.572882698235487653e-01 -4.600402124604835663e+00 9.283148931984414043e-02 2.745121436449830199e+00 -1.048218771875356892e-01 -5.361693106852140067e-01 3.475215395936402940e-01
2.695000000000000000e+03 9.272750927019080791e+01 -3.448066034212130759e+00 4.770172174620417316e-01 -4.240836865860399207e+00 3.342357203165575719e-01 1.613107289878776385e+00 -4.403236284656176225e-01 -5.279596532870689529e-02 -9.863253334711527542e-02
2.756000000000000000e+03 8.541288589406747178e+01 -1.680982721647050759e+00 3.335410593429325443e-01 -1.321922047453643945e+00 1.990515606537761328e-02 1.483320509029156575e+00 -2.786575644769663240e-01 4.740226725979770350e-01 3.195708632744337918e-01
2.817000000000000000e+03 7.786953905703623491e+01 -1.380882747893885210e+00 4.651148427593537749e-01 -1.292114304379170964e+00 -4.405345289911186679e-01 1.010840480471094427e+00 1.216410009968713624e-01 -1.795599973555439266e-01 1.514156692007979643e-01
2.878000000000000000e+03 7.378555325315227265e+01 -1.738787051675344975e+00 -2.694776648656413420e-01 -1.810598523087967315e+00 -3.604548866384555961e-01 1.718146808276693971e+00 -2.930771124779165127e-01 -8.369327068204408804e-02 2.192172187902471925e-01
2.939000000000000000e+03 7.137913138003210634e+01 -1.622302061688852381e+00 3.665730816861296759e-01 -2.431967357085462744e+00 6.343719899911597349e-01 9.323196782684213257e-01 9.757302863703395945e-02 -5.928537236681633571e-01 1.554576926421968874e-01
3.000000000000000000e+03 7.033724065917206758e+01 -2.336432798905216934e+00 -6.180930790056886337e-02 -1.830280342035914387e+00 -2.455402076604133177e-01 1.457410221533595784e+00 -2.742910317918626634e-02 3.115850887285600557e-01 5.144865717191721144e-01
3.061000000000000000e+03 6.728020680884974070e+01 -6.013994369163214726e-01 1.400438999519082739e-01 -1.358164186877756752e+00 -3.166614290238439211e-01 1.220298980543919942e+00 -1.543611897826504403e-02 -2.065974293694471942e-01 -2.636734846841118918e-01
3.122000000000000000e+03 6.488971257849988206e+01 -4.370107618322063292e-01 2.747121625478641249e-01 -6.775171367116433752e-01 -5.761661551095219602e-01 1.294313524425935613e+00 -3.326443246053562008e-01 -2.672081251149919234e-01 3.264612446758775599e-01
3.183000000000000000e+03 6.454454786356146201e+01 -1.026800158719328282e+00 -3.533182904234009047e-01 -6.808271506603921219e-01 -4.077826617448909174e-01 2.313782629545889924e-01 -2.892191154429630817e-01 3.889882186346552140e-01 6.292456820208888746e-02
3.244000000000000000e+03 6.438745115730117163e+01 -7.799019967157991839e-01 2.362378011129134814e-02 -5.698730726663815416e-01 -3.738611866777767911e-01 9.186413631683367775e-01 -4.377625819800266549e-01 -2.742766758186381271e-01 -5.386611892441210969e-01
3.305000000000000000e+03 6.306472311924974861e+01 -1.010866139457757829e+00 1.707681063834273205e-01 -5.611346379855817190e-01 3.393372028953594022e-01 8.844898884257595961e-01 -2.117022614373560985e-01 -3.579494677238954647e-01 -4.464107948469951681e-02
3.366000000000000000e+03 6.245539953575523384e+01 -1.908093973949195332e-01 2.845948315151761721e-01 -9.246794083305425183e-01 6.512596014877586326e-02 7.796132253811325352e-01 -1.112915890752581710e-01 -9.522935686807421085e-02 2.302487454593985516e-01
3.447000000000000000e+03 6.227188649654169694e+01 -6.281887857947124898e-01 -3.679082861516941860e-01 -7.386010787082211149e-01 5.704340522526751833e-02 7.631942515618741485e-01 2.009171652051309764e-01 1.094898591855760495e-01 1.545170659633013088e-01
3.548000000000000000e+03 6.237818582269804324e+01 -5.813024918301512578e-01 -4.705078825056207004e-01 -5.089185021327516933e-01 1.741881268221300849e-01 6.661970482081670530e-01 2.765461551386119710e-01 1.129174657615312771e-01 -6.148083105074870769e-01
3.649000000000000000e+03 6.368753057814546281e+01 -8.388749313697729804e-01 -3.375487040859135868e-01 -5.924816844319277243e-01 -5.109956999159492863e-02 9.020744018495181482e-01 8.599396965075514765e-02 2.679915830021251111e-03 -1.861993572303825284e-01
3.750000000000000000e+03 6.401935194533457718e+01 -9.484098846188623866e-02 -2.215494807267301414e-01 1.935288864986270119e-01 3.102548342582716612e-01 3.244330434322109102e-01 1.074056462774908849e-01 8.242231472615366150e-02 -5.371877591999765778e-02
3.851000000000000000e+03 6.540972843793616676e+01 2.482676332737010494e-02 1.643144563078776099e-01 -4.686493366365557245e-02 -4.971813790113039921e-01 4.414368905467421778e-01 -2.904741609253128076e-01 5.021000035270707373e-01 5.625389263901194870e-01
3.952000000000000000e+03 6.754244149827781030e+01 -5.105423791470767858e-01 3.037341884564747629e-01 -2.957454279317535684e-01 -9.649117229514908578e-02 2.894748005397917295e-02 2.235267327033342022e-01 -1.602217646844520671e-01 1.780239246172684586e-01
4.053000000000000000e+03 6.912267050935761858e+01 6.464541156591172011e-02 -2.019334923044498464e-01 -1.720110468785490676e-01 -5.783905653126794055e-01 -1.554626654559490562e-01 6.134760203679050505e-01 -4.307122154663461933e-02 -2.689604551449099601e-01
4.154000000000000000e+03 7.097305338877018244e+01 -3.706044607358369714e-01 -2.886073098298708173e-02 -5.507495514133665671e-01 -1.751898839073113834e-01 1.971731934729976099e-01 -3.129111455317254431e-01 -1.336801671772564482e-01 5.672126904387608803e-01
4.255000000000000000e+03 7.282941866760407379e+01 -1.897869959592826672e-01 3.679011674372020257e-01 1.087986747063865028e-01 8.372717793173137801e-01 1.390845979112126374e-02 -1.348926363536632755e-01 -3.609505056616926222e-01 3.960922797944476104e-01
4.356000000000000000e+03 7.583986924195266965e+01 6.805945030854482214e-01 4.290177031164336963e-02 2.720755032426860898e-02 8.998709878757227276e-02 8.128014734881061631e-02 -2.771681132376412338e-01 -4.124004618731277882e-02 -8.570300558184049122e-02
4.457000000000000000e+03 7.895940567036603852e+01 -1.562426746841000802e-01 3.824782837393821411e-01 -3.963879695609656140e-01 -1.540625740033269298e-01 -5.459447779004690249e-01 1.615606358161574552e-01 -7.115985302287548553e-01 -6.158576579042394084e-01
4.558000000000000000e+03 8.134349847809143341e+01 3.329122858816733199e-01 -3.825536972032429761e-02 -4.787350511794308816e-01 3.100777617736924507e-02 -6.532045404797991173e-02 5.056788994121218517e-01 8.370218516513217022e-02 4.393439199070556800e-01
4.659000000000000000e+03 8.425336478160429010e+01 -3.226990458799274819e-01 1.153978426173847133e-01 1.659400142222332009e-01 5.353391100567017613e-01 -1.606823670687280714e-01 -1.312544230297902459e+00 7.995234382124529748e-01 -2.424308440815217403e-01
4.760000000000000000e+03 8.612143109801048979e+01 2.187358692507915536e-01 -2.794234606774338436e-01 4.417123084140451850e-01 7.313117921247039854e-01 -1.050921617191497681e+00 1.939893916718353761e-01 3.559930848235901557e-01 -4.822000594343700541e-02
4.861000000000000000e+03 9.084422514806422555e+01 -2.229605167724362236e-01 1.070183707831120046e+00 -6.117342738587087103e-01 -5.442298218007468602e-01 4.690928489259112988e-01 8.291653792154738412e-01 -8.355911737956425722e-02 3.212431948119602310e-01
4.962000000000000000e+03 9.212964576678993467e+01 -6.448446888749752581e-01 2.010580809642693867e-01 4.281198869622276915e-02 1.485178262973683994e-01 2.927512121115022348e-02 1.906309492318668253e-02 -1.001421360973785424e+00 -4.268903626440212484e-02
5.063000000000000000e+03 9.564769855705402790e+01 -4.892521883705505115e-01 -1.175943859189242380e-01 -1.079246783703158297e+00 -1.109699743840888431e-01 -1.383304131853432484e+00 -4.861301420235564219e-01 1.767066882611694756e-01 -1.043621747226478602e+00
5.164000000000000000e+03 9.841947807579592222e+01 5.211961650621366182e-02 1.415654627303838398e-01 -6.549242159803235486e-02 -7.074922879147378385e-01 1.053451727767232393e+00 -4.619627302932313717e-01 3.988536931706403443e-01 2.887774259026563151e-01
5.265000000000000000e+03 1.032092593819606634e+02 7.310492441204574643e-01 -1.117614643859884405e-01 -3.893757038722795438e-01 2.288750935541190301e-01 5.674954263143877631e-01 1.365942487442368680e-01 6.950438974208090759e-01 1.064370433860023502e-01
5.366000000000000000e+03 1.055070848512044108e+02 -3.717665740861302304e-01 1.012687053269766047e+00 -2.062988249241405336e-01 -1.416819842844837252e-01 1.351521991883073870e+00 7.681267373169927692e-01 -4.483325991689832701e-01 -2.430947298588013172e-01
5.467000000000000000e+03 1.086722997120015748e+02 -3.903484440962917690e-01 -2.681130785496759206e-01 5.494126466174314993e-01 -1.623467753191590313e-02 -4.205309243762710425e-01 -1.594176020538847771e+00 -6.888032275054678522e-02 1.614482585074907828e+00
5.568000000000000000e+03 1.122123634690649112e+02 -1.056827404936463211e+00 3.245873926616140714e-01 -3.479627048169606773e-01 5.333332797477661202e-01 6.599650584734491066e-01 5.894909139876522985e-01 3.533454974357708722e-01 1.009394732953199592e+00
5.669000000000000000e+03 1.155598980021529485e+02 -6.635747916664178625e-01 -2.366509447684546630e-01 -9.427860119420163887e-01 -1.922674647267943182e-01 1.731148903893103830e-01 -5.781820050448027715e-01 6.810249208063063886e-01 7.135186111356583982e-01
5.770000000000000000e+03 1.182669702814545332e+02 -3.818617718346600798e-02 3.794053683553278988e-01 1.800947571609582132e-01 1.956559237865069800e-01 3.945092590255423470e-01 5.049124153073653032e-03 1.486181705249300933e+00 1.023354014401532064e+00
5.871000000000000000e+03 1.226728813867455301e+02 -6.801515751023332612e-01 -5.376901805496303588e-01 -1.196488160947284107e-01 7.139878406164867908e-01 -2.217070097259608019e-01 1.344554781826973411e+00 -2.866370733616514510e-01 6.393276003557862852e-02
