# l Dl_TT Dl_TE Dl_TB Dl_ET Dl_BT Dl_EE Dl_EB Dl_BE Dl_BB
7.050000000000000000e+01 1.957121889496681433e+03 -6.112399513869910095e+00 1.732849047724177027e-01 -6.112399513869910095e+00 1.732849047724177027e-01 3.245619033010488375e-01 7.212225306348957546e-03 7.212225306348966219e-03 -1.922984882205271487e-02
1.065000000000000000e+02 2.892431838212978164e+03 -2.611028077042508500e+01 4.207181859330412776e-01 -2.611028077042508500e+01 4.207181859330412776e-01 8.453132341396503158e-01 1.119323930721935131e-02 1.119323930721935305e-02 1.813555521224497966e-02
1.425000000000000000e+02 4.064911538632579777e+03 -4.496509723612562937e+01 2.147996777109944522e-01 -4.496509723612562937e+01 2.147996777109944522e-01 1.100320449712771431e+00 5.581836072056054442e-03 5.581836072056050972e-03 3.611017288862833612e-03
1.785000000000000000e+02 5.184186251285416802e+03 -3.640818644086795075e+01 -5.627795825495227611e-01 -3.640818644086795075e+01 -5.627795825495227611e-01 8.321810443244581634e-01 -1.634723502678142593e-02 -1.634723502678142593e-02 1.469893071688914031e-03
2.145000000000000000e+02 5.956966465771351068e+03 4.000654683536768452e+00 2.173938752775145811e-01 4.000654683536768452e+00 2.173938752775145811e-01 7.742552832609151947e-01 1.103039615178803660e-02 1.103039615178803313e-02 5.417925810660828567e-02
2.505000000000000000e+02 5.552456139745159817e+03 6.679147628979427509e+01 -3.861183632507135810e-01 6.679147628979427509e+01 -3.861183632507135810e-01 2.478764190835202275e+00 -2.535009460389507641e-02 -2.535009460389506947e-02 1.994003623470773368e-02
2.865000000000000000e+02 4.444104570436400536e+03 1.073085193514245930e+02 -5.224051798838322824e-01 1.073085193514245930e+02 -5.224051798838322824e-01 6.735206647385112433e+00 -4.669391314733946363e-02 -4.669391314733946363e-02 9.607219951533020955e-03
3.225000000000000000e+02 3.338775943323595584e+03 1.183137263434334869e+02 -3.433834695244500357e-01 1.183137263434334869e+02 -3.433834695244500357e-01 1.314333511251870235e+01 -9.344702524450692813e-03 -9.344702524450691078e-03 4.883581322098114880e-02
3.585000000000000000e+02 2.382993084871195606e+03 7.898509597487557699e+01 -2.026107534323389470e-01 7.898509597487557699e+01 -2.026107534323389470e-01 1.907260763309010443e+01 -2.634581345992520127e-02 -2.634581345992521167e-02 4.866319453036804105e-02
3.945000000000000000e+02 1.779644463278641297e+03 1.253331379295697090e+01 -2.044711731778432184e-01 1.253331379295697090e+01 -2.044711731778432184e-01 2.182719827235017718e+01 7.709564727673814954e-02 7.709564727673817730e-02 3.596345317785832468e-02
4.305000000000000000e+02 1.774194580711052822e+03 -4.685917120830944782e+01 4.967425848616326967e-01 -4.685917120830944782e+01 4.967425848616326967e-01 1.874992887011525156e+01 -6.862494975668627373e-02 -6.862494975668627373e-02 3.678088748638103783e-02
4.665000000000000000e+02 2.146820192747426972e+03 -7.146171676307457687e+01 -2.992221239340889793e-01 -7.146171676307457687e+01 -2.992221239340889793e-01 1.320087451615666296e+01 -3.902392222783909737e-02 -3.902392222783908349e-02 7.547983048199437273e-02
5.025000000000000000e+02 2.419980560271022114e+03 -5.518989308217036438e+01 6.362302070937672083e-01 -5.518989308217036438e+01 6.362302070937672083e-01 8.336323473791491523e+00 3.620475405161822230e-03 3.620475405161815291e-03 8.989134805470247458e-02
5.385000000000000000e+02 2.592922476418241786e+03 -1.146918248091582448e+01 -1.889699839572925588e-01 -1.146918248091582448e+01 -1.889699839572925588e-01 7.247448505879304115e+00 4.610054750827297099e-02 4.610054750827299180e-02 4.242307116247290288e-02
5.745000000000000000e+02 2.450052528623496983e+03 2.229281266228762348e+01 5.131752100577057218e-01 2.229281266228762348e+01 5.131752100577057218e-01 1.290766723793876203e+01 4.260134932141379505e-02 4.260134932141378811e-02 4.436511214058472263e-02
6.105000000000000000e+02 2.150922795851096907e+03 2.439178131979922526e+01 -4.646038551593923982e-01 2.439178131979922526e+01 -4.646038551593923982e-01 2.261893447095748755e+01 4.578440685118305431e-05 4.578440685118305431e-05 6.952550261544633570e-02
6.465000000000000000e+02 1.902940036466551874e+03 -1.233612652397239451e+01 8.648273742971654965e-01 -1.233612652397239451e+01 8.648273742971654965e-01 3.281203089352169400e+01 3.299644591398013388e-02 3.299644591398012000e-02 9.334017327713164947e-02
6.825000000000000000e+02 1.793489443667164551e+03 -6.753926682593441910e+01 -1.828818641751013274e-01 -6.753926682593441910e+01 -1.828818641751013274e-01 3.790463138192285442e+01 1.185687072160069855e-01 1.185687072160069855e-01 7.741288552699733538e-02
7.185000000000000000e+02 2.016455442589720406e+03 -1.200666940108990559e+02 -9.558952567158017777e-01 -1.200666940108990559e+02 -9.558952567158017777e-01 3.503208487835300389e+01 4.111687979311098168e-02 4.111687979311098862e-02 7.826318755780169167e-02
7.545000000000000000e+02 2.297910153849642938e+03 -1.340574778195382351e+02 -2.247376768478643039e-01 -1.340574778195382351e+02 -2.247376768478643039e-01 2.681155583702716072e+01 -1.339884088423547517e-02 -1.339884088423547517e-02 1.284224544567169612e-01
7.905000000000000000e+02 2.442561381233007978e+03 -1.014871161294167052e+02 2.172576300521368853e-01 -1.014871161294167052e+02 2.172576300521368853e-01 1.774022963733046154e+01 -3.723281752961514479e-02 -3.723281752961511704e-02 8.477689148210978964e-02
8.265000000000000000e+02 2.549716336075980962e+03 -4.236582208413871342e+01 1.825961932566579071e-01 -4.236582208413871342e+01 1.825961932566579071e-01 1.291014217057750990e+01 3.159964280434585104e-02 3.159964280434585798e-02 8.495304358012550905e-02
8.625000000000000000e+02 2.338771238472355890e+03 1.925223252365493920e+01 -9.011618376589533019e-01 1.925223252365493920e+01 -9.011618376589533019e-01 1.503714851049294055e+01 -5.377901669770175121e-04 -5.377901669770196805e-04 1.224623562542292571e-01
8.985000000000000000e+02 1.941789917650222378e+03 5.567128979558669499e+01 4.934307525037499587e-01 5.567128979558669499e+01 4.934307525037499587e-01 2.377265220713745109e+01 2.149850084358714830e-02 2.149850084358715177e-02 1.288717847594319232e-01
9.345000000000000000e+02 1.512223631193589881e+03 5.162343343296463871e+01 -4.148936649861815762e-01 5.162343343296463871e+01 -4.148936649861815762e-01 3.392279780537049305e+01 2.073515759117057489e-02 2.073515759117061652e-02 6.361857527804913592e-02
9.705000000000000000e+02 1.210877915636946909e+03 1.531472400878935503e+01 -1.199404458124144479e-01 1.531472400878935503e+01 -1.199404458124144479e-01 4.092984343764149457e+01 -4.786934590311159310e-02 -4.786934590311160698e-02 1.229514451709785849e-01
1.006500000000000000e+03 1.053433192603790985e+03 -3.179710593306413102e+01 3.241650545467348876e-01 -3.179710593306413102e+01 3.241650545467348876e-01 4.107670677397008063e+01 -8.360448156854224933e-02 -8.360448156854227708e-02 8.295733913173519714e-02
1.042500000000000000e+03 1.081398238444966410e+03 -6.744939157270425767e+01 5.168953222108743084e-01 -6.744939157270425767e+01 5.168953222108743084e-01 3.450761326925916705e+01 1.395249109797815600e-02 1.395249109797816293e-02 1.396187670351332066e-01
1.078500000000000000e+03 1.157397427869595731e+03 -7.820736939065102433e+01 -2.678592161001714933e-01 -7.820736939065102433e+01 -2.678592161001714933e-01 2.584186726398992207e+01 1.368248091101557234e-02 1.368248091101556541e-02 1.295279153389724824e-01
1.114500000000000000e+03 1.217673688112381797e+03 -5.932127252573476994e+01 4.495864799406452672e-01 -5.932127252573476994e+01 4.495864799406452672e-01 1.726322371122589061e+01 -2.813365030346259149e-02 -2.813365030346258455e-02 8.628012726213901695e-02
1.150500000000000000e+03 1.232708815134695669e+03 -2.905589488820185906e+01 -2.143878939373408121e-01 -2.905589488820185906e+01 -2.143878939373408121e-01 1.346629580666792236e+01 8.956082218788737753e-04 8.956082218788737753e-04 1.079820889188711081e-01
1.186500000000000000e+03 1.108957508750978604e+03 -2.764230297381972346e+00 6.558058593808571701e-02 -2.764230297381972346e+00 6.558058593808571701e-02 1.538066822691309632e+01 5.672798518249672073e-03 5.672798518249672073e-03 9.681263989004799952e-02
1.222500000000000000e+03 9.505801728922955363e+02 6.211191554071929133e+00 5.465102575089504366e-01 6.211191554071929133e+00 5.465102575089504366e-01 2.156533152632020389e+01 2.229093657003849427e-01 2.229093657003849982e-01 7.712953422070403797e-02
1.258500000000000000e+03 8.304651836148829034e+02 -3.447502540270066529e+00 2.875500080238652112e-02 -3.447502540270066529e+00 2.875500080238652112e-02 2.753080114727532646e+01 -4.879900773588906338e-02 -4.879900773588906338e-02 1.008061807318349629e-01
1.294500000000000000e+03 7.395565650767020998e+02 -2.785342917781055405e+01 7.263551510177119752e-01 -2.785342917781055405e+01 7.263551510177119752e-01 3.045926070022479948e+01 -6.237516206503410099e-03 -6.237516206503354588e-03 1.593398082515501413e-01
1.330500000000000000e+03 7.361993337556439201e+02 -5.064375711069247643e+01 -2.027055445774947895e-01 -5.064375711069247643e+01 -2.027055445774947895e-01 2.897069310903243533e+01 2.833887990686558001e-02 2.833887990686559388e-02 1.799554964766231224e-01
1.366500000000000000e+03 7.749167076458556949e+02 -6.000665147824373946e+01 -1.317302892651796287e-01 -6.000665147824373946e+01 -1.317302892651796287e-01 2.324468570982636706e+01 1.720415456079076033e-02 1.720415456079076727e-02 1.364070155023876241e-01
1.402500000000000000e+03 8.243494317221154688e+02 -5.346950571075420555e+01 -5.858944510287251994e-02 -5.346950571075420555e+01 -5.858944510287251994e-02 1.690814213877474259e+01 6.898685703801080149e-02 6.898685703801084312e-02 -1.027150012501277521e-01
1.438500000000000000e+03 8.214088120534701147e+02 -3.417376033517635392e+01 -3.294651619807615894e-01 -3.417376033517635392e+01 -3.294651619807615894e-01 1.252487630909079641e+01 6.579465947604927478e-02 6.579465947604928866e-02 1.263317153066746967e-01
1.474500000000000000e+03 7.737996544804348105e+02 -1.144821654252681675e+01 -5.096144502384354347e-01 -1.144821654252681675e+01 -5.096144502384354347e-01 1.124608278544435436e+01 9.572446761589242792e-02 9.572446761589242792e-02 1.032875779934195465e-01
1.510500000000000000e+03 6.584040345628656041e+02 1.527352980093954926e+00 5.734021374686704142e-02 1.527352980093954926e+00 5.734021374686704142e-02 1.372240105114998165e+01 1.053053509404083474e-02 1.053053509404083821e-02 1.034451608912037301e-01
1.546500000000000000e+03 5.587924347021530593e+02 5.949855309504970435e+00 1.490106339738491714e-01 5.949855309504970435e+00 1.490106339738491714e-01 1.715499289386378123e+01 3.523460936383671083e-02 3.523460936383669001e-02 1.639290901165870173e-01
1.582500000000000000e+03 4.668726833856787835e+02 -1.684730706171228665e+00 6.151777327535254969e-01 -1.684730706171228665e+00 6.151777327535254969e-01 2.017489254024018308e+01 -1.104065720678155116e-01 -1.104065720678154838e-01 -2.365874735953815006e-02
1.618500000000000000e+03 4.177906376788326952e+02 -1.453812497748420540e+01 4.712761770527154614e-02 -1.453812497748420540e+01 4.712761770527154614e-02 2.041751447134084074e+01 1.610387861207093763e-02 1.610387861207091681e-02 1.243180618110419633e-01
1.654500000000000000e+03 3.986233509471237539e+02 -2.562035303338147330e+01 1.166316299877206975e-01 -2.562035303338147330e+01 1.166316299877206975e-01 1.844041499504647774e+01 -1.077122514941017406e-01 -1.077122514941017545e-01 3.566915717578966749e-02
1.690500000000000000e+03 4.089247031378343422e+02 -2.926389719180600935e+01 1.709210604821181367e-01 -2.926389719180600935e+01 1.709210604821181367e-01 1.485860586163309804e+01 -5.335664527788351597e-03 -5.335664527788372413e-03 2.584679276857773655e-02
1.726500000000000000e+03 4.135813338514770408e+02 -2.738021526544572737e+01 9.410095297685075466e-02 -2.738021526544572737e+01 9.410095297685075466e-02 1.110910945437784925e+01 -3.050250678589339071e-02 -3.050250678589339071e-02 1.098001834921854963e-01
1.762500000000000000e+03 3.996771980708333558e+02 -1.926224186350659195e+01 -8.162585341435293906e-02 -1.926224186350659195e+01 -8.162585341435293906e-02 8.652638909374788412e+00 -9.418686633379919071e-02 -9.418686633379919071e-02 1.059749020829295341e-01
1.798500000000000000e+03 3.709395048381906008e+02 -9.876994515158564525e+00 9.262302635757432845e-03 -9.876994515158564525e+00 9.262302635757432845e-03 7.771184736032843432e+00 6.740193670631985934e-03 6.740193670631972056e-03 2.639869723979638635e-02
1.834500000000000000e+03 3.342238699810176286e+02 -4.670913454362640493e+00 6.720629790181765761e-01 -4.670913454362640493e+00 6.720629790181765761e-01 8.755659786270181044e+00 4.658919934995794931e-02 4.658919934995793544e-02 1.398358475687432323e-01
1.870500000000000000e+03 2.948923542834114642e+02 -5.113139118320716214e+00 -1.687973054716986887e-01 -5.113139118320716214e+00 -1.687973054716986887e-01 1.027656611104781348e+01 1.144981192959488858e-01 1.144981192959488858e-01 1.605245258730261804e-01
1.906500000000000000e+03 2.640408372674198745e+02 -9.231630663594668107e+00 -2.662395976884731619e-01 -9.231630663594668107e+00 -2.662395976884731619e-01 1.088567530018547558e+01 6.482391924981095732e-02 6.482391924981095732e-02 5.128404379329152413e-02
1.942500000000000000e+03 2.532807283503401266e+02 -1.506313872579866597e+01 1.228426191623728236e-01 -1.506313872579866597e+01 1.228426191623728236e-01 1.089026487596983372e+01 -5.921281684540737056e-02 -5.921281684540743995e-02 5.891060930909705617e-02
1.978500000000000000e+03 2.472845091635167307e+02 -1.720369098798365215e+01 -2.333852200033026958e-01 -1.720369098798365215e+01 -2.333852200033026958e-01 9.618149404054662455e+00 9.510536632389750278e-02 9.510536632389753053e-02 6.741471852150696109e-02
2.014500000000000000e+03 2.486349439981367482e+02 -1.766625018450733720e+01 1.804676439482027495e-01 -1.766625018450733720e+01 1.804676439482027495e-01 7.956452916986830104e+00 1.761384410193263250e-02 1.761384410193263597e-02 2.083803996563135530e-02
2.050500000000000000e+03 2.435858701203371766e+02 -1.401325868711199263e+01 -1.091240619240745058e-01 -1.401325868711199263e+01 -1.091240619240745058e-01 6.308627701706578605e+00 -4.766783548825057754e-02 -4.766783548825054284e-02 5.687474775251173675e-02
2.086500000000000000e+03 2.335612794184615382e+02 -9.468404819577036946e+00 4.689163949214839033e-02 -9.468404819577036946e+00 4.689163949214839033e-02 5.169477062186298433e+00 4.669503886699637174e-02 4.669503886699637174e-02 2.938018721121951615e-01
2.122500000000000000e+03 2.121131387271593098e+02 -5.665372330431885040e+00 -8.450258973183050193e-03 -5.665372330431885040e+00 -8.450258973183050193e-03 5.097134337770739876e+00 2.999110622009012669e-02 2.999110622009014751e-02 -1.075711253944730723e-03
2.158500000000000000e+03 1.871588977874668842e+02 -2.736482173146652208e+00 -3.510723594095211397e-01 -2.736482173146652208e+00 -3.510723594095211397e-01 5.134735762604147880e+00 -1.784767380228694314e-02 -1.784767380228692579e-02 -2.338229558106686562e-02
2.207000000000000000e+03 1.594625076959692080e+02 -3.669015157923381842e+00 3.524923258400633475e-02 -3.669015157923381842e+00 3.524923258400633475e-02 5.923495444267275367e+00 9.262042382662397100e-02 9.262042382662398488e-02 8.712138607682651248e-02
2.268000000000000000e+03 1.390457330747616425e+02 -6.624903986513107412e+00 8.844830410647086527e-02 -6.624903986513107412e+00 8.844830410647086527e-02 5.831932377631071418e+00 -3.809069607494047077e-02 -3.809069607494046383e-02 1.813502852183572142e-02
2.329000000000000000e+03 1.326697474823354526e+02 -8.072199853180638485e+00 3.185508118429680735e-01 -8.072199853180638485e+00 3.185508118429680735e-01 4.507029277729995620e+00 -3.913635972368663396e-04 -3.913635972368594007e-04 9.087858707385820800e-02
2.390000000000000000e+03 1.265179964958294079e+02 -5.760807833408920331e+00 1.306445167424691994e-04 -5.760807833408920331e+00 1.306445167424691994e-04 3.293689045313138219e+00 -1.319607259327520987e-02 -1.319607259327519599e-02 2.625288363682981019e-01
2.451000000000000000e+03 1.130772670380677312e+02 -3.460273338051982783e+00 6.383731895662327072e-02 -3.460273338051982783e+00 6.383731895662327072e-02 2.699098085289174165e+00 -1.663583905721706391e-02 -1.663583905721706738e-02 7.759387131691458661e-02
2.512000000000000000e+03 9.919427920887426353e+01 -3.023006054876413717e+00 -1.780261848179396922e-01 -3.023006054876413717e+00 -1.780261848179396922e-01 2.952671944701575235e+00 -1.088107862972084727e-02 -1.088107862972081952e-02 -1.344572804303425517e-01
2.573000000000000000e+03 9.035865573895713965e+01 -4.044905798349370585e+00 -4.686985556629832961e-02 -4.044905798349370585e+00 -4.686985556629832961e-02 2.810299832980513557e+00 -8.300488641838581205e-02 -8.300488641838586756e-02 -1.983902045077739779e-03
2.634000000000000000e+03 8.657608855295447370e+01 -4.308503796233950744e+00 -1.480560544663950262e-01 -4.308503796233950744e+00 -1.480560544663950262e-01 2.382902283124860965e+00 1.427311701846981258e-02 1.427311701846981258e-02 -1.101589643117026618e-01
2.695000000000000000e+03 8.263456084104120691e+01 -3.241593252751862053e+00 3.032017656133735861e-01 -3.241593252751862053e+00 3.032017656133735861e-01 1.579584488374598861e+00 -2.060133999264649601e-02 -2.060133999264648214e-02 5.371416844141772146e-02
2.756000000000000000e+03 7.463974075397571539e+01 -2.284463854126053128e+00 -1.638642961807385001e-02 -2.284463854126053128e+00 -1.638642961807385001e-02 1.786966137155350909e+00 -2.243691090583083136e-02 -2.243691090583078973e-02 2.265071719507277814e-01
2.817000000000000000e+03 6.749947392608534358e+01 -1.576772430737454211e+00 6.330523678092923878e-02 -1.576772430737454211e+00 6.330523678092923878e-02 1.490024033923922131e+00 -1.732290164475789040e-01 -1.732290164475788763e-01 -7.634678013208630321e-02
2.878000000000000000e+03 6.140470449993833313e+01 -1.837627779045177823e+00 7.423133640267676192e-02 -1.837627779045177823e+00 7.423133640267676192e-02 1.403582811881656678e+00 1.456613392908926163e-01 1.456613392908926441e-01 1.758295421307495277e-01
2.939000000000000000e+03 5.893026699887829523e+01 -1.890401436775492661e+00 -2.657622893277371556e-01 -1.890401436775492661e+00 -2.657622893277371556e-01 1.102712573582596667e+00 2.284120240853205752e-01 2.284120240853207695e-01 1.223501754540545494e-01
3.000000000000000000e+03 5.654896466419575773e+01 -1.605791367155946059e+00 -1.133065554488820459e-01 -1.605791367155946059e+00 -1.133065554488820459e-01 7.531725860064136802e-01 2.948906435821511962e-02 2.948906435821512656e-02 -1.408661732340792672e-01
3.061000000000000000e+03 5.478728416362486797e+01 -1.290511615102697407e+00 8.677166248913692481e-02 -1.290511615102697407e+00 8.677166248913692481e-02 9.800292211334311610e-01 -3.961802501273679888e-02 -3.961802501273679888e-02 -1.179755166998093102e-01
3.122000000000000000e+03 5.234588605029109232e+01 -8.206857210575706496e-01 1.566912491305320898e-02 -8.206857210575706496e-01 1.566912491305320898e-02 4.550601503246073376e-01 -2.147860597381874848e-01 -2.147860597381874848e-01 4.897461396916063386e-02
3.183000000000000000e+03 4.973772633427662271e+01 -1.148917579647264819e+00 -4.174652765482872452e-03 -1.148917579647264819e+00 -4.174652765482872452e-03 2.909076394623892337e-01 -2.080383627057874607e-02 -2.080383627057873219e-02 -1.698677360392895352e-01
3.244000000000000000e+03 4.866527578015752198e+01 -9.188404890239597611e-01 -4.071157718431994699e-01 -9.188404890239597611e-01 -4.071157718431994699e-01 6.702013642287238948e-01 -1.616968585024701754e-01 -1.616968585024701199e-01 2.080823084835198289e-01
3.305000000000000000e+03 4.792139385006696273e+01 -8.557143590687175116e-01 9.860409317823351505e-03 -8.557143590687175116e-01 9.860409317823351505e-03 2.587272491466951485e-01 3.466749035103926235e-02 3.466749035103920684e-02 -2.062369700694483277e-01
3.366000000000000000e+03 4.727044611135438856e+01 -6.381210604632507888e-01 -6.452413905570386632e-03 -6.381210604632507888e-01 -6.452413905570386632e-03 2.342888110644914812e-01 -1.458792393999764070e-01 -1.458792393999764347e-01 -4.175276558766802260e-01
3.447000000000000000e+03 4.593480685849261391e+01 -6.201097427484594249e-01 1.709314688083797829e-01 -6.201097427484594249e-01 1.709314688083797829e-01 4.777945006085942969e-02 4.485717397533507678e-02 4.485717397533508372e-02 -3.413327122890553178e-01
3.548000000000000000e+03 4.478328829406556366e+01 -7.091902237095935035e-01 2.243519710849090354e-01 -7.091902237095935035e-01 2.243519710849090354e-01 -3.778319513458747864e-02 -8.678718060047632687e-02 -8.678718060047632687e-02 1.396700230105606677e-01
3.649000000000000000e+03 4.512413776783148478e+01 -1.269984320719019233e-01 1.226328405948136496e-01 -1.269984320719019233e-01 1.226328405948136496e-01 1.218761243393826632e-01 -2.442781723482337353e-02 -2.442781723482330414e-02 5.880383903330094197e-02
3.750000000000000000e+03 4.550773817089874740e+01 -2.112230380266826302e-01 -3.990397237329556535e-01 -2.112230380266826302e-01 -3.990397237329556535e-01 9.260426918328993340e-01 1.875592872732268976e-02 1.875592872732270711e-02 2.430918998951760723e-01
3.851000000000000000e+03 4.559845391954603855e+01 -3.818305262040810333e-01 -2.165342165280189843e-02 -3.818305262040810333e-01 -2.165342165280189843e-02 -6.819593761991635250e-03 1.776732876350812784e-01 1.776732876350812784e-01 5.801596123626999724e-01
3.952000000000000000e+03 4.717850872571816012e+01 -4.666753088562461960e-01 -2.171138251495507432e-01 -4.666753088562461960e-01 -2.171138251495507432e-01 2.204706997098282717e-01 1.285114916785477790e-01 1.285114916785478067e-01 -1.637619528509472455e-01
4.053000000000000000e+03 4.756752528855910356e+01 -5.578424510608944731e-01 -1.773437813195742618e-01 -5.578424510608944731e-01 -1.773437813195742618e-01 2.159111309252395305e-01 1.130632379519869724e-01 1.130632379519869446e-01 6.432725389854062614e-01
4.154000000000000000e+03 4.793147300427642676e+01 -3.456364475459716701e-01 1.763847601427528666e-01 -3.456364475459716701e-01 1.763847601427528666e-01 -4.883826891862988462e-02 -6.461385621930163525e-01 -6.461385621930161305e-01 5.346797772836505702e-01
4.255000000000000000e+03 4.959261548586400892e+01 -2.740441690378047634e-01 -6.005046566862937141e-02 -2.740441690378047634e-01 -6.005046566862937141e-02 -1.184621352106784153e-01 -2.178639026268226475e-01 -2.178639026268225365e-01 -3.692043054096184607e-01
4.356000000000000000e+03 5.090210016173194418e+01 1.034146522254102696e-01 -1.177688410361016902e-01 1.034146522254102696e-01 -1.177688410361016902e-01 -4.492782204267072865e-01 -2.454633626741497821e-01 -2.454633626741497821e-01 -8.789122851195448893e-01
4.457000000000000000e+03 5.252869951325897091e+01 -3.312575483803770759e-01 1.262944805346940536e-01 -3.312575483803770759e-01 1.262944805346940536e-01 5.494945290294056539e-01 -1.339290448898288743e-01 -1.339290448898288743e-01 -9.042795892939502200e-02
4.558000000000000000e+03 5.491698275611416591e+01 -1.663770186567463671e-01 -4.444132866542155336e-01 -1.663770186567463671e-01 -4.444132866542155336e-01 -1.954844551794969187e-01 -2.012490562017561768e-01 -2.012490562017563711e-01 7.428574997817725123e-01
4.659000000000000000e+03 5.573728180280301814e+01 1.126049452444620458e-01 4.946840954132861734e-01 1.126049452444620458e-01 4.946840954132861734e-01 7.729853834765655352e-01 -4.165856334993899290e-01 -4.165856334993898735e-01 -1.040266115477695541e+00
4.760000000000000000e+03 5.824210927302208063e+01 2.367385477905921409e-01 -1.702864970337865935e-01 2.367385477905921409e-01 -1.702864970337865935e-01 4.657981256877062326e-01 3.118364429295269469e-01 3.118364429295270579e-01 3.562997232946335524e-01
4.861000000000000000e+03 6.040368621663455428e+01 -5.008053187714537335e-01 6.634543712867899679e-01 -5.008053187714537335e-01 6.634543712867899679e-01 -1.353387886849110266e+00 -4.327333086024419684e-01 -4.327333086024419684e-01 -4.538727359566739894e-01
4.962000000000000000e+03 6.101694852784310541e+01 -1.527515211777085158e-01 -9.033020305527900140e-02 -1.527515211777085158e-01 -9.033020305527900140e-02 7.002667326190106234e-01 2.897949889839272486e-01 2.897949889839271931e-01 -2.047376622371792187e+00
5.063000000000000000e+03 6.359268666463325559e+01 -3.191715929705980503e-01 3.653547049522746781e-01 -3.191715929705980503e-01 3.653547049522746781e-01 -3.056102400888710546e-01 -2.673616575616175606e-01 -2.673616575616176716e-01 2.055816829147646629e+00
5.164000000000000000e+03 6.574304961098785327e+01 4.787915509881032761e-01 -2.994444961862737786e-01 4.787915509881032761e-01 -2.994444961862737786e-01 3.759841397716231493e-01 -5.955479656323632298e-01 -5.955479656323632298e-01 -3.797767840681869345e-01
5.265000000000000000e+03 6.879812485990362347e+01 2.908503748625930196e-01 -5.298676866192961743e-01 2.908503748625930196e-01 -5.298676866192961743e-01 3.054069784907445517e-01 -1.025568113191897890e+00 -1.025568113191897668e+00 4.013000597825390758e-01
5.366000000000000000e+03 6.960973008922897520e+01 4.940849431974949635e-01 4.450364093354854944e-01 4.940849431974949635e-01 4.450364093354854944e-01 -4.510319044079127426e-01 -5.167791271079458237e-02 -5.167791271079455462e-02 -5.455096968576602645e-01
5.467000000000000000e+03 7.007189904389565527e+01 5.371294183381180032e-01 1.483894125375434303e+00 5.371294183381180032e-01 1.483894125375434303e+00 1.834599750129779494e-01 8.164439853712457396e-01 8.164439853712455175e-01 -5.094283685481835189e-01
5.568000000000000000e+03 7.443876399544427613e+01 -1.581703207046939452e-01 -1.533041821357693069e+00 -1.581703207046939452e-01 -1.533041821357693069e+00 2.519836905269662530e+00 -1.428087137536415918e+00 -1.428087137536417250e+00 9.446593755853835983e-01
5.669000000000000000e+03 7.712321868440243122e+01 -8.202789732935806821e-01 2.053509109128658583e+00 -8.202789732935806821e-01 2.053509109128658583e+00 -1.409940282355825358e+00 3.097061882752278894e+00 3.097061882752280226e+00 -3.419174656424004421e+00
5.770000000000000000e+03 7.829864514036475498e+01 7.735747555544028042e-01 5.665865341731861626e-01 7.735747555544028042e-01 5.665865341731861626e-01 -3.840990937887817758e+00 1.990235952402052144e-01 1.990235952402051312e-01 4.314663700655892775e+00
5.871000000000000000e+03 7.971344458824449930e+01 -4.063180557833424578e-01 1.296212422000778908e+00 -4.063180557833424578e-01 1.296212422000778908e+00 -4.113629816465324218e+00 3.027116309285634022e-01 3.027116309285636242e-01 -5.772304617975618779e-01
