# l Dl_TT Dl_TE Dl_TB Dl_ET Dl_BT Dl_EE Dl_EB Dl_BE Dl_BB
7.050000000000000000e+01 1.653212155560849624e+03 -5.956509282806198513e+00 1.372017627355879732e+00 -9.231020183153516356e+00 2.546235890461986173e+00 3.495688448085527145e-01 -1.558430307281983077e-02 3.453826814628745134e-02 3.247318594026282063e-03
1.065000000000000000e+02 3.117940825086708173e+03 -2.225161324062446155e+01 9.642527403820790877e-01 -2.454869967465637615e+01 7.861684005907909611e-01 7.934110885387153367e-01 1.218016072239424749e-02 -2.407210770041697673e-02 -5.741234987922737287e-02
1.425000000000000000e+02 4.198268342248522458e+03 -4.604631066179891263e+01 1.358274997560025010e+00 -4.125094123686037051e+01 1.468861861558766524e+00 1.092440288095518408e+00 -2.311344953922047502e-02 -1.212759449510222506e-02 -3.240400489550057661e-02
1.785000000000000000e+02 5.223031000081941784e+03 -3.496593647826347251e+01 -4.434362735203913886e-01 -3.642927976256819989e+01 -6.296416162929183713e-01 8.614477717022417380e-01 1.784988274050658061e-02 1.770696331698034393e-02 -1.477733262116968579e-02
2.145000000000000000e+02 5.711610898896942672e+03 7.592288868156608750e+00 2.272988115246815433e+00 5.456949364541669567e+00 -3.212540953842484281e-01 8.050929010635903271e-01 6.120300265309384230e-02 1.147173572466380319e-02 4.421039797021592693e-02
2.505000000000000000e+02 5.466496753623297991e+03 6.105988470374782651e+01 -1.334580847253435287e+00 6.523590946230200416e+01 -2.345542093803251182e-01 2.464661748087058957e+00 -5.955087885146835569e-02 3.007730863842154878e-02 5.251226079389119394e-02
2.865000000000000000e+02 4.391147301119275653e+03 1.123583887191632869e+02 -1.408032070169195071e+00 1.046315569224176443e+02 -1.381937458785444939e+00 6.852851384226182674e+00 -1.959845444680621829e-02 1.802756006594697508e-02 1.257350979491957121e-02
3.225000000000000000e+02 3.364595754026067425e+03 1.148881209938117820e+02 1.055861102444883404e+00 1.188773862738343894e+02 2.637917986763630429e-01 1.315977142275317924e+01 8.604056485715064206e-02 -7.508690849677129159e-04 6.985506355799864231e-02
3.585000000000000000e+02 2.296759132502928878e+03 7.598205722739780299e+01 -3.227007784699143511e-01 7.486567362842345119e+01 -2.838906244323651795e-01 1.911861000100674346e+01 5.478409160488507956e-02 -1.775840693591687267e-02 2.648422028948461959e-02
3.945000000000000000e+02 1.831501694846001556e+03 1.517485944859543956e+01 4.512760777439106530e-01 1.257210633485153473e+01 1.102495142142285056e+00 2.156046808097594436e+01 -4.073461067518809736e-02 -6.496814047695556593e-02 5.515371537883133335e-02
4.305000000000000000e+02 1.769177671909317951e+03 -4.930134555452063694e+01 9.028296544711449378e-01 -4.907717962190291416e+01 -9.104082763787693100e-01 1.932785430664930715e+01 2.330833647813659038e-01 -5.762210520933237073e-02 6.477383714525260239e-02
4.665000000000000000e+02 2.143848461550883258e+03 -7.373535673183461370e+01 4.226743523981288941e-01 -7.359031089735688624e+01 6.667294865221757849e-01 1.368509133027221480e+01 -1.918335840736853926e-02 -2.222941839337102404e-02 5.251192514271706135e-02
5.025000000000000000e+02 2.435205084432744115e+03 -5.406465638241996174e+01 9.499460072348544504e-01 -5.379872286333986864e+01 -4.917375783981603465e-02 7.945565223014715350e+00 1.624082354622558705e-02 2.378637140748825901e-02 7.742297729603594969e-03
5.385000000000000000e+02 2.573470281921763672e+03 -1.227658326766314545e+01 1.183892851030345694e+00 -1.337566521428635014e+01 1.148550612083012457e+00 7.522961514174547837e+00 3.722092527083410707e-02 4.172861663560633455e-02 2.986853167906612302e-02
5.745000000000000000e+02 2.454006620988139730e+03 2.288290630063043096e+01 -2.422972307880519316e-02 2.442848498194423001e+01 -9.989031643893242496e-01 1.264917255587587164e+01 5.706011151720234709e-02 5.565625817540290066e-02 8.844930356976346553e-02
6.105000000000000000e+02 2.168889765820454613e+03 2.570047591948791066e+01 -1.258209774224354316e+00 2.449386700254217786e+01 -2.270844360810309603e-01 2.218245996200204573e+01 -2.527265326820670732e-01 1.134796762126417946e-03 -4.987121254451908070e-04
6.465000000000000000e+02 1.850455362450712528e+03 -9.794693718048645081e+00 -1.499257490287802863e+00 -1.180832158282795419e+01 -3.754217346807531275e-01 3.261179240544444724e+01 -1.474606920081030503e-01 2.091541006167840777e-02 5.955415765529128991e-02
6.825000000000000000e+02 1.842858408526736866e+03 -7.167493784911927435e+01 -1.324579964089040107e+00 -7.107796843666071140e+01 -2.088774806247063465e-01 3.789170732767155414e+01 1.688319137867720088e-01 -1.002252189466723703e-01 1.278283338812696152e-02
7.185000000000000000e+02 1.956554679708054664e+03 -1.166464042188381711e+02 -2.666262501133020435e-01 -1.168410691826945254e+02 1.667095183747180354e-02 3.548129021013885165e+01 3.869046362311653886e-01 1.963392899188903112e-02 1.615348270075251946e-01
7.545000000000000000e+02 2.256365963803668365e+03 -1.305581952939843973e+02 -7.796916492059500214e-01 -1.316637294644036729e+02 1.082528270938409864e+00 2.726207066883497276e+01 -2.902906903874316602e-02 -5.072022543686816043e-02 8.371473833653482466e-02
7.905000000000000000e+02 2.487909469331321816e+03 -1.060992601900961319e+02 2.059830940627604967e+00 -1.047327825475415182e+02 2.242912111993358160e-01 1.759992736235984623e+01 -1.498080710732792309e-01 2.312884683856151341e-02 -1.990124751119440316e-03
8.265000000000000000e+02 2.543726295088876213e+03 -4.669111459982191548e+01 2.262084789982236610e-01 -4.442253755289435446e+01 2.791767701362366516e-01 1.264942345446356953e+01 -6.741942461147738819e-02 1.259936522649228452e-02 1.036933372901796130e-01
8.625000000000000000e+02 2.305239615427755780e+03 1.764004193510476881e+01 1.107893715146581304e+00 1.888836863562319479e+01 -6.268498110449860494e-02 1.491876161682690949e+01 -2.100859950839260026e-01 8.698173850146279085e-02 9.036976608757957274e-02
8.985000000000000000e+02 1.957889850215010483e+03 5.608179463377005192e+01 -8.850141270488787182e-01 5.357470241412161016e+01 -1.095577449341037929e-01 2.354815735753731332e+01 1.019898439913054233e-01 -4.021299023787436311e-02 1.406616809966988457e-01
9.345000000000000000e+02 1.500010078179611355e+03 4.902126048465382979e+01 -9.790945516083171540e-02 5.007930656736162689e+01 6.971690562064192243e-01 3.408722920466165363e+01 3.820053468086904158e-01 4.226879035316726332e-03 1.190970088703676433e-01
9.705000000000000000e+02 1.202853637110932141e+03 1.417160304144415406e+01 -4.186634017374545880e-01 1.344792763539292579e+01 -1.807361797660564928e-01 4.061719033584134309e+01 -1.389640621258260988e-01 -3.504112271981194571e-01 1.181614582659431395e-01
1.006500000000000000e+03 1.046983116204541375e+03 -3.111679132882152743e+01 9.989969351250378438e-01 -3.157886831960614415e+01 7.139225433186864311e-01 4.133824256038047196e+01 1.564354339136564409e-01 -1.273639232230303342e-01 6.202582453608086049e-02
1.042500000000000000e+03 1.069256566768458015e+03 -6.872618982676360133e+01 1.498408151139968503e+00 -6.847422883371544344e+01 -3.467130906400185397e-01 3.502596485166347406e+01 -1.801566131381140690e-01 1.494801498516910854e-02 1.356191626732583810e-01
1.078500000000000000e+03 1.164243808486299713e+03 -7.586068822761262709e+01 9.506175457873076162e-01 -7.643411036329169406e+01 3.789668292887628520e-01 2.568780698630608228e+01 8.933207562583757311e-02 -7.591280344784603895e-02 1.183317231920730378e-01
1.114500000000000000e+03 1.239644498750373032e+03 -6.118186783273245055e+01 -4.699341420709047812e-01 -6.000429701138756400e+01 6.421067198902470352e-01 1.737839995725908082e+01 -1.258083629036337303e-01 -4.729021025558297064e-02 -7.094373189429789561e-02
1.150500000000000000e+03 1.218215393095116724e+03 -2.956123193355255907e+01 1.068705397043168803e+00 -3.075292513498538938e+01 2.456762618923473696e-01 1.347240549592703118e+01 -1.911995050152691666e-01 4.388217745470611442e-02 9.583023037863976079e-02
1.186500000000000000e+03 1.108003835687381070e+03 -3.063519865837633915e+00 2.234576933254595055e-02 -3.528319418021635290e+00 -2.644825564249268512e-01 1.517553875047883416e+01 -7.103372783977060512e-03 6.267036892062780029e-02 -6.260321231639949524e-03
1.222500000000000000e+03 9.402048683022439945e+02 5.013977802262763461e+00 5.341123491339138107e-01 6.586744498730088715e+00 -3.520904083351183989e-02 2.133922923624267298e+01 3.909289135052385067e-02 4.690091068665117047e-02 2.785897425381012038e-02
1.258500000000000000e+03 8.124645033610502196e+02 -3.887962666354697561e+00 5.826466536925992701e-01 -3.334026912800830633e+00 -6.258991141895297039e-01 2.740088027633522216e+01 2.129289495998026860e-05 7.381743176881869206e-02 -6.544760197075415176e-02
1.294500000000000000e+03 7.319822090519796802e+02 -2.930513395685749600e+01 1.944108595573116327e-01 -2.803151779258770304e+01 5.626233443679696800e-01 3.020655249256088837e+01 -1.217756243559529883e-02 4.193973953782794556e-02 4.198786558471844788e-01
1.330500000000000000e+03 7.284660506344384885e+02 -4.916509711524912518e+01 5.378224104002251593e-01 -5.130125566298958262e+01 -1.469132716914491599e-01 2.884463513425621528e+01 -4.876538297942707711e-02 -1.586557559485630986e-01 1.233499316843722216e-01
1.366500000000000000e+03 7.807025535731270338e+02 -5.941843916564859285e+01 -8.878660208273662091e-01 -5.951740108729241285e+01 -4.021538284846735284e-02 2.346483621366827776e+01 3.181286499793227196e-01 9.883786595858792823e-02 8.193890025684137657e-02
1.402500000000000000e+03 8.257283274025744504e+02 -5.400399333043007744e+01 2.000102267523708122e+00 -5.429985024959146500e+01 1.913389135283944942e-01 1.672253419305285149e+01 -3.859586632353055602e-02 -2.001824490994986161e-01 2.590709018531996422e-01
1.438500000000000000e+03 8.116392942163724911e+02 -3.463180816817133945e+01 -1.344366406176546180e-01 -3.483831691811023035e+01 -8.738470453348334832e-02 1.282994545439643375e+01 -1.394751545961809280e-01 6.326959556001617024e-02 2.563249441798811090e-01
1.474500000000000000e+03 7.729559531607937970e+02 -1.289683616349659090e+01 -1.300738289001480474e+00 -1.162207318552331259e+01 2.414535920639251584e-02 1.130511020729127303e+01 -2.934497755626633841e-01 6.746535062439948383e-02 -5.597991189994429295e-02
1.510500000000000000e+03 6.589594552136234142e+02 3.298365705525430958e+00 9.721309744925210605e-01 2.320539601013971165e+00 4.399610213417918247e-01 1.363828394664645316e+01 4.180731023134197644e-01 3.039972068639901215e-01 -1.102469210284314285e-03
1.546500000000000000e+03 5.490428733885844395e+02 5.990056083204347459e+00 8.999829411668436308e-01 5.522414080191584418e+00 -1.110605850880377610e-01 1.711744157013971801e+01 1.902207356161180196e-01 -1.458585711579451355e-02 -6.449676074432982020e-02
1.582500000000000000e+03 4.640441455900744927e+02 -1.309971468753135193e+00 -1.008064500923344931e-01 -1.222634864696280133e+00 -5.447262245624536758e-01 1.928277622299655292e+01 4.825956370186387789e-03 5.359924801536740391e-02 2.000289187723142126e-01
1.618500000000000000e+03 4.122125245996317062e+02 -1.524448081794276177e+01 -7.454203454670061957e-01 -1.479937112009988454e+01 -1.443726930609016967e-01 2.088164860241156262e+01 -6.182154352817206822e-02 -1.794301585724007997e-01 5.782962679317021903e-02
1.654500000000000000e+03 3.955887957175195879e+02 -2.393315436048560585e+01 8.538356940838109921e-02 -2.518252563317823700e+01 1.761730614527308725e-01 1.855834382962920870e+01 1.262739149467344557e-01 -2.210504011723131157e-01 6.373994912485475561e-02
1.690500000000000000e+03 3.952658539824053605e+02 -2.859457043379933339e+01 1.228557162222537524e+00 -3.005263847049124593e+01 -2.650478312728388186e-01 1.448805038288429614e+01 5.331023627630742528e-02 4.177590564839755993e-02 1.831162634856596527e-02
1.726500000000000000e+03 4.064678122369896300e+02 -2.738821121274283499e+01 5.885156510390203710e-01 -2.620018800909643986e+01 -4.093993187473800033e-01 1.132590163266596228e+01 -1.635733185144457869e-01 -8.619619376252901644e-02 7.207406511292152596e-02
1.762500000000000000e+03 3.953919177208083511e+02 -1.801154063305862252e+01 -1.862666794624829314e-01 -1.854191195543949888e+01 -7.670622962137337020e-02 8.467704123337133737e+00 2.184466274068978253e-01 1.717686560751650049e-01 1.264240568316345736e-01
1.798500000000000000e+03 3.682141093020804306e+02 -9.599321032870019366e+00 1.720648303197051421e+00 -1.002487116163607084e+01 -4.534836759798716033e-01 8.030848062387509145e+00 -4.640701897987653535e-03 -4.020355382131652472e-02 -1.037295279237426121e-02
1.834500000000000000e+03 3.282297679986733101e+02 -6.316956153014585240e+00 5.564839625870308115e-01 -5.233933507895910608e+00 1.527903767082141595e-01 8.547344709514824501e+00 8.186201877081335232e-03 1.248150712954821523e-01 2.626606231135112379e-01
1.870500000000000000e+03 2.844683384664195387e+02 -5.357132021409912070e+00 2.321463605911155692e-01 -6.034234355420776907e+00 2.674669535916548435e-01 1.033233191736386658e+01 -8.667064129209643697e-02 1.506670760720006386e-01 -1.880547307648818556e-01
1.906500000000000000e+03 2.578080110664122344e+02 -9.558236983891491789e+00 -2.568726550309681222e-01 -1.052430156111093495e+01 4.277848337483747820e-01 1.112996685693839538e+01 3.160774697468325400e-01 -7.607677469438343942e-02 -2.204417164160171749e-02
1.942500000000000000e+03 2.434682150237389635e+02 -1.506261233372075914e+01 1.875828512978114371e-03 -1.634019304135284045e+01 4.608012667744682545e-01 1.098756151500289846e+01 -3.169683247990849329e-01 -2.167999055634925454e-01 1.201663219458209836e-01
1.978500000000000000e+03 2.404248280272738612e+02 -1.872999428982817705e+01 2.359879058852777933e-01 -1.766073240717270210e+01 -2.653149025562404617e-01 9.843068914584225837e+00 -1.013656192707714787e-01 -3.219316005960045635e-01 6.544443027960150649e-02
2.014500000000000000e+03 2.411319647500391170e+02 -1.657412605779270365e+01 7.758227549760158270e-01 -1.687873880245900438e+01 2.369269786681954537e-02 7.775333167360515496e+00 -4.594735123908881835e-01 -1.078223825100181055e-01 2.839634886277138115e-01
2.050500000000000000e+03 2.347686030984403942e+02 -1.379823088794034547e+01 7.274564754793930721e-01 -1.426644182675178385e+01 -3.500052833035082189e-01 6.024738253439712921e+00 -1.571414227268849440e-01 -1.268195609061972540e-01 5.659927385229588520e-02
2.086500000000000000e+03 2.235735530027166078e+02 -9.598835388698683246e+00 -7.710726930571312199e-01 -9.267263920580406378e+00 4.001600770166043874e-01 5.438323851673708020e+00 -2.037763920105093232e-02 -6.229673224701376411e-02 -3.626015649423892928e-02
2.122500000000000000e+03 2.053596471248086743e+02 -5.771311729508040500e+00 8.882064767253286530e-02 -5.145698113154889342e+00 -3.052739686551045328e-01 4.734488772495618392e+00 1.505173662115824595e-01 -6.342821554299529763e-02 1.557290553541146871e-01
2.158500000000000000e+03 1.807845962905843180e+02 -3.845711236720719572e+00 3.818091152995501392e-01 -2.855642911095719327e+00 1.083678637744014128e-01 5.390482177815719922e+00 5.414227137908012022e-02 1.496073878808585333e-01 6.041126057092283119e-02
2.207000000000000000e+03 1.524572295091832359e+02 -3.362255185059347617e+00 3.856984004309278458e-01 -3.576305039481616710e+00 2.087688592583393232e-01 5.931887461847427545e+00 -2.293417406366489164e-01 7.909129375904919157e-02 -1.399323638932900293e-01
2.268000000000000000e+03 1.318020388691527955e+02 -6.464348007529480356e+00 1.448306720684157112e-01 -6.928825485799793071e+00 5.570438242912040261e-02 5.855847728252778772e+00 2.615011170626632686e-02 7.579236103172320993e-03 -4.313947465824512217e-02
2.329000000000000000e+03 1.253846331399869882e+02 -7.917947511934301019e+00 2.909038434250178773e-02 -7.342536090722223463e+00 1.113272613336137029e-01 4.315853003471872285e+00 3.690717112172646197e-01 -5.897074026639122918e-02 -1.158898306056354022e-01
2.390000000000000000e+03 1.190842034895564581e+02 -6.429963142677440402e+00 4.998344947484588685e-01 -6.462768161608146045e+00 -4.696167864239972345e-02 3.114711489692030710e+00 7.068551276846185560e-02 -4.209349107529135603e-01 2.680942157063688214e-01
2.451000000000000000e+03 1.038326421446773224e+02 -3.220942476906942353e+00 4.149510876599067921e-01 -3.350727229777475280e+00 1.897806987229160858e-01 2.821322873260386999e+00 -2.458168240557866147e-01 3.767983579826852392e-01 -3.142346918216906149e-01
2.512000000000000000e+03 9.011845350535276111e+01 -2.802341280837178150e+00 -1.232235880379785598e-01 -2.867353732605980809e+00 1.444698562383156526e-02 3.095298607404467717e+00 -4.778225163947363852e-02 1.831448321128083256e-01 -1.765774128739771021e-01
2.573000000000000000e+03 8.144354455047323427e+01 -3.742356721348373050e+00 1.002927404764942798e-01 -3.968407642248097389e+00 2.803130691241826344e-01 2.795782097250356202e+00 -1.576324149036568145e-01 -2.411726366684831258e-01 1.149002928269014928e-01
2.634000000000000000e+03 7.779553448022939222e+01 -5.074505933975797412e+00 -1.894381786012212521e-01 -4.944669279777457405e+00 6.840017997327663135e-02 2.800338905488453989e+00 -8.808382057737051962e-02 1.372040976453484107e-01 -4.727720110451324453e-01
2.695000000000000000e+03 7.304407177045152366e+01 -3.806162581443917947e+00 5.503579528689461764e-03 -3.529680933805023901e+00 1.335614087847786235e-02 1.943759100386987848e+00 -2.269348395880847191e-01 -8.764001262265688763e-03 3.097139435931490770e-01
2.756000000000000000e+03 6.618912565242874280e+01 -1.966167171599600305e+00 1.542509543667616723e-01 -2.301742216479373937e+00 3.178329532142071812e-01 1.365380189340765105e+00 -9.678911402943617126e-02 -6.160710808069174149e-01 -4.337624054502268733e-01
2.817000000000000000e+03 5.720242107753324490e+01 -1.794617187761216925e+00 1.809320171325946858e-01 -1.146957877927225145e+00 -1.664211073786008577e-01 1.362817306489915836e+00 1.791273443934774390e-01 -1.348153736750459242e-01 7.918893353403876068e-02
2.878000000000000000e+03 5.224959302459831179e+01 -1.135501602974173352e+00 -1.315142608199905694e-01 -1.329007199091140068e+00 2.501318433239480554e-01 1.591923209135154504e+00 -5.346686205110044998e-01 4.747826504394000446e-01 4.315583200530088287e-02
2.939000000000000000e+03 4.850737628051882666e+01 -1.282193750302131896e+00 1.710604853161465377e-01 -1.704300317217185778e+00 1.739504990642136151e-01 5.018367528450937698e-01 -3.372580167341734381e-01 2.971827542605232630e-01 -1.666048148385971817e-01
3.000000000000000000e+03 4.692463767665483942e+01 -1.864600080081139311e+00 2.495343934702843602e-01 -1.524319443579284172e+00 -7.104447373322464454e-01 7.120777233698001307e-01 3.839571500512455882e-01 2.173185500658887659e-01 2.846920572800975546e-01
3.061000000000000000e+03 4.379022764474834872e+01 -1.343823232672903156e+00 -4.942340771337341843e-02 -1.728006451975553803e+00 3.093721985521104001e-01 1.212614178308057955e+00 -1.083130176925099913e-01 -1.362159323717310744e-01 -4.606803522760161140e-03
3.122000000000000000e+03 4.116877673670953186e+01 -4.449888173287224191e-01 2.217431059734678023e-01 -7.505279733342146153e-01 7.184600700156223985e-01 6.444106275052317034e-01 -6.032266902361387018e-02 -9.930549457723476803e-02 -5.098639536550368945e-01
3.183000000000000000e+03 3.967685543395059966e+01 -8.137207520393593407e-01 -9.725543838404090979e-02 -1.008528148290773974e+00 1.010899671061592786e-01 1.061924705837837601e+00 -4.965831908914267179e-02 3.319603845984656076e-02 -1.668462906802269385e-01
3.244000000000000000e+03 3.797084463122082099e+01 -5.941829462050961519e-01 1.123062491919972899e-01 -1.031556577244270079e+00 4.738980822615784794e-02 9.506614360305920552e-01 -2.652347200052186382e-01 1.188111013749998529e-01 -2.117241504241702543e-01
3.305000000000000000e+03 3.692586801171950128e+01 -1.417208516407604257e+00 -3.523219122125818004e-01 -7.743254877388174862e-01 2.166916260520181103e-01 3.388961060971464878e-01 -3.553998358424551030e-02 -4.683100195881627070e-01 -9.861257909175857872e-02
3.366000000000000000e+03 3.572882503163963719e+01 -5.929180715533290957e-01 -1.918119644270618041e-01 -1.169713924722831866e+00 5.483152670821932473e-01 8.044278179520296668e-01 -2.283655780360164811e-01 -4.427336647314099594e-01 -1.686014192497531372e-03
3.447000000000000000e+03 3.330940175492103350e+01 -1.988604874419513668e-01 -2.317835554952204224e-01 -1.385710854375225565e-01 -4.415438612610187996e-01 3.767988205539564428e-02 1.521488911090527474e-01 -5.752801505862387144e-02 3.764490136598341863e-02
3.548000000000000000e+03 3.291787357950923365e+01 -2.993255323969921666e-01 -5.091522852331735460e-02 7.504233931856825468e-02 -3.146952210190696042e-01 3.365569397513068495e-01 1.270067578997012003e-01 4.280794145021211694e-01 -2.844666832385100985e-02
3.649000000000000000e+03 3.299069696471970303e+01 -3.111907280697033817e-01 3.867782285805762554e-02 -4.852280473796985460e-01 -4.913590268875086542e-01 6.499700307115731102e-01 -1.807372233272303563e-01 -1.371585081353453028e-01 -3.040466142615239065e-01
3.750000000000000000e+03 3.300811442120639327e+01 -4.476283484730077949e-02 -5.565396422737663995e-01 -4.104786957515286772e-01 -4.168790000100623672e-02 3.308458054748954491e-01 1.888176380313512370e-01 1.123887638952137114e-01 1.464769652157788815e-01
3.851000000000000000e+03 3.284252627363701293e+01 1.033294496917118166e-01 3.240921932088691726e-01 5.269742207308558690e-01 2.177835804435971911e-01 1.125089814605068420e-02 -2.145588614199482047e-01 2.782297818375412124e-01 -4.730678774764820460e-01
3.952000000000000000e+03 3.392775391821625419e+01 -1.055347017088568290e-02 4.379650205247928030e-01 -1.917378809114590743e-01 -5.780506715995904488e-01 2.131843399009802908e-02 -2.981479862048427298e-01 -1.270707506956546551e-01 1.095593188364595155e-01
4.053000000000000000e+03 3.373703199470094205e+01 4.115254368561459541e-01 -2.430184908312618686e-01 -6.351004688466752035e-02 -1.575426827862414503e-01 4.716699770112318668e-01 1.497363163376281281e-01 4.278481318673051925e-01 -2.595575949121031734e-01
4.154000000000000000e+03 3.488585835933793078e+01 -4.358387031536617995e-01 -1.639208786585247823e-01 6.186672784885366427e-01 -6.712843050735209927e-01 -3.251667047330406568e-01 -4.241009825398386335e-01 1.737686740983104272e-01 -1.350594217345023051e-01
4.255000000000000000e+03 3.500707757331772996e+01 -8.033673732939751455e-02 -1.902201663602359760e-01 -8.192365341806506773e-03 -4.595677526114422262e-01 6.481340536364978977e-01 2.932141123536434191e-01 2.121163619316763782e-01 6.375551532320976600e-01
4.356000000000000000e+03 3.684290946739799466e+01 -3.885659333290049644e-01 -4.378117571509478889e-01 -8.408778976742818934e-01 4.480056627091817401e-01 1.058413535767918967e+00 3.902048611940568401e-01 1.059847811305034693e+00 5.447487540831522645e-01
4.457000000000000000e+03 3.723397036399504145e+01 9.897530445442808134e-01 -4.189316823902443643e-01 -4.614983241771588030e-01 2.446713617153550013e-01 -8.107139959067253265e-01 -3.125438966367014570e-01 1.100899891012458554e+00 3.531813311517706389e-02
4.558000000000000000e+03 3.818841616558097485e+01 8.569076538962804301e-01 -8.150496656221668523e-01 -4.294025877478331310e-01 3.756862511488395229e-01 -3.323145833793710313e-01 1.250643323202689505e-02 1.086310944558271707e+00 -8.864356573158798103e-01
4.659000000000000000e+03 3.974338467254073493e+01 3.872262122165856524e-01 5.344621545651218053e-02 6.214663613402463538e-01 7.141673216891639697e-01 8.709586077464890330e-01 3.316433414775117328e-01 -2.397588854145993320e-01 3.291952715298972487e-01
4.760000000000000000e+03 4.065547314043410410e+01 8.550416447220099414e-03 -9.291525756063137020e-01 1.068835103263057751e-01 8.459561662403303206e-01 -1.915401793732145475e-01 4.425563478874305900e-02 -3.990874232812874900e-01 1.394659212858200270e+00
4.861000000000000000e+03 4.319373789982537915e+01 2.843714524446306902e-01 1.461611148693692797e-01 8.640227855767131926e-01 4.722504678785544030e-02 -1.251608897962795730e+00 -1.552921292693034028e+00 -7.381901888268114220e-01 1.002577379687122239e+00
4.962000000000000000e+03 4.420239119838924324e+01 2.429780475685735519e-01 -1.106465366592447319e-01 1.345800305189248203e+00 -1.185007456058240649e+00 5.946208704185789173e-01 -1.050360269711644312e+00 2.119261903093335730e-01 2.040691046185734159e-01
5.063000000000000000e+03 4.521793689435740760e+01 -5.709825654984168608e-01 7.040172650224308937e-01 -8.458499658700784352e-01 -2.583260074658288996e-01 1.137900089205713172e+00 9.185799699441062893e-01 1.344578216687357664e+00 -8.961563541328348981e-02
5.164000000000000000e+03 4.746412071891755602e+01 2.794480263191978509e-01 -9.460754701339209038e-01 -5.235896185752899612e-01 -7.567016932727662626e-01 -1.374190257154098704e-01 -1.231571970015693518e-01 -7.498361297968580974e-01 8.077712838680680685e-01
5.265000000000000000e+03 4.867232455542043112e+01 -5.821448313232540084e-01 -5.854208594287959588e-01 -1.248433855905504375e+00 1.157791590939524218e+00 -1.025069447004709700e+00 -6.315606920542582436e-02 3.949614587138454702e-01 2.020784684752869320e-01
5.366000000000000000e+03 4.841744131528082562e+01 7.539930077260600383e-01 5.407546156211957555e-01 -9.428140863342111544e-01 -6.818277343354657294e-01 5.227088484503271681e-01 1.622713363354392202e+00 -4.237768851967443906e-02 2.060946003203450450e-01
5.467000000000000000e+03 5.069724821144509974e+01 1.737255042483881740e-02 1.609925669037797658e+00 3.198044302652258697e-01 -7.932810941090010504e-01 2.326555198464907104e+00 -1.158827373432604224e+00 1.278381436555602768e+00 1.965937408354285321e+00
5.568000000000000000e+03 5.421835057511065514e+01 -8.723616566535280503e-01 7.068897959127055097e-01 -8.785793775335317690e-01 -6.927791243449422653e-01 -2.639710541399545196e+00 2.884824194914720197e-01 -8.350870462117782056e-02 -2.868730026150649315e-01
5.669000000000000000e+03 5.454993822899901090e+01 -4.012332087291814453e-02 3.982426451594259231e-04 -1.705107308401095922e+00 3.899974407667273213e-01 3.645704498489601431e-01 7.177023485781491852e-01 -1.237946990095566857e+00 3.983753676012502520e-02
5.770000000000000000e+03 5.434393828505919544e+01 1.667587042952527687e+00 -8.975295575865355202e-01 9.339705346823352627e-01 4.993077362323811719e-01 1.398674914591960583e+00 7.540929165596376160e-01 -3.993235734437377005e-01 7.217341741390248533e-01
5.871000000000000000e+03 5.783514977454984773e+01 2.958243254727668803e-01 -1.431458985567899633e+00 -9.843843769317088821e-01 1.077129555245728953e+00 -8.598390187837462451e-01 1.399021754592495448e+00 1.655121945313573928e+00 1.458142112236907595e+00
