# l Dl_TT Dl_TE Dl_TB Dl_ET Dl_BT Dl_EE Dl_EB Dl_BE Dl_BB
7.050000000000000000e+01 1.798035613808002154e+03 -6.715942121869348469e+00 -4.746465907201203871e-01 -5.919056357649834510e+00 -9.675086827065177975e-01 3.817800819045503724e-01 9.618014864652663087e-03 4.209940591371919005e-03 -7.068315789522619519e-03
1.065000000000000000e+02 2.834336917370918854e+03 -2.658213833239774004e+01 6.820013104268700666e-01 -2.639552848844700250e+01 9.534394133516566061e-01 9.126721602284373347e-01 -3.089538603409656622e-03 -8.198563149507768003e-03 7.444547394410697821e-03
1.425000000000000000e+02 4.146943272664379037e+03 -4.534269547965097047e+01 4.556848702196499845e-01 -4.517347755423972444e+01 -3.211361229416810348e-01 1.101826578334208051e+00 -7.186545571270958402e-03 1.101918883250660106e-02 7.262142841083615158e-03
1.785000000000000000e+02 5.300883126163700581e+03 -3.635448450393728592e+01 -4.191717592042821794e-01 -3.612693646272151682e+01 4.006946003598669259e-01 8.705676291903682307e-01 -1.723861256652236759e-02 -3.701144615635962309e-02 2.467034338444001884e-02
2.145000000000000000e+02 5.684815073133819169e+03 6.021627837364409430e+00 -2.794886961011489590e-01 5.147120168217192315e+00 -6.162605715433208120e-01 8.101945840817762479e-01 1.106189283771969248e-02 2.719918382722540801e-02 2.344533503779350214e-02
2.505000000000000000e+02 5.221462526915027411e+03 6.139071400898454556e+01 -8.712282834829498945e-01 6.174204970533839543e+01 -1.998258320248857967e-01 2.514375557265138283e+00 -4.272332691411962619e-05 -9.404014873840208996e-03 1.528375955082388049e-02
2.865000000000000000e+02 4.490736789422224319e+03 1.075328159335873011e+02 2.968316638480380520e-01 1.079795019559414584e+02 -2.441255843865635100e-01 6.899545675946713530e+00 7.460364322193310804e-03 4.600462610097966198e-02 3.162872508588546877e-02
3.225000000000000000e+02 3.325931723184944531e+03 1.189869337948279622e+02 -6.441301368440485176e-01 1.185626481405312944e+02 5.882341899094994941e-01 1.331647811559607320e+01 -4.855705360177180185e-02 3.801987315864982508e-02 1.675563178821679738e-02
3.585000000000000000e+02 2.276378021243840521e+03 7.238719914550836165e+01 -3.389806206821605605e-01 7.249409487631453430e+01 -1.529797693935631697e-01 1.899912019807755570e+01 1.285991784032210900e-02 -1.823780088389493487e-02 6.274812268976376339e-02
3.945000000000000000e+02 1.784264221348430738e+03 1.207295314744726866e+01 -6.910284738303881236e-01 1.170985137103412654e+01 -8.258559801868494699e-01 2.133365110702345646e+01 -6.973132855256612868e-03 -6.878976191105203031e-02 3.218218291933681169e-02
4.305000000000000000e+02 1.809529204857171408e+03 -5.218717848784238811e+01 -4.701546932530071832e-01 -5.177500951559269282e+01 -5.958397959089772877e-02 1.938417032209020618e+01 9.675140572944106176e-02 3.366115209379004491e-02 7.248531774997776789e-02
4.665000000000000000e+02 2.120459869967235136e+03 -7.395866837893640877e+01 4.005439082362113323e-01 -7.356609757930456794e+01 5.961858168129269275e-01 1.354546925261705326e+01 -1.545120723408992258e-02 -3.852987245417596740e-02 5.587590251463717128e-02
5.025000000000000000e+02 2.451452504939761639e+03 -5.507413128756716958e+01 1.121168908366048322e+00 -5.543133810213137735e+01 2.603767288536118496e-01 8.133388656755217383e+00 -1.952925401085677665e-02 -3.184489604065632307e-02 4.539882299387011655e-02
5.385000000000000000e+02 2.521782677615446119e+03 -1.204647268510719371e+01 -4.913607939248863521e-01 -1.133952019362622110e+01 -3.376500626827122487e-01 7.407884063333243674e+00 -8.664645948282154522e-03 -3.490613734907543897e-02 5.184140270562519193e-02
5.745000000000000000e+02 2.506627016766561610e+03 2.222580879745442317e+01 -6.357964797712745142e-02 2.257369607809907208e+01 -1.113852306311154394e-01 1.316075495921362304e+01 -6.323919673993541601e-02 -1.312406116298315759e-02 1.155079428431581567e-01
6.105000000000000000e+02 2.125790825258699442e+03 2.331264678312089700e+01 2.637694834499060836e-01 2.326474572315942169e+01 3.226900625746899065e-01 2.323040909774842078e+01 5.485121487160743436e-02 3.457807923717082232e-02 1.233039337402967173e-01
6.465000000000000000e+02 1.856108970880731704e+03 -1.256226407575253212e+01 -5.250909044052523011e-01 -1.182410527254117127e+01 -2.244828604628811564e-01 3.278614803267815603e+01 5.817538444663761937e-02 -2.216557816322725291e-02 4.872319420930285722e-02
6.825000000000000000e+02 1.826302741622701888e+03 -6.699815092264474004e+01 -6.501198252941553513e-02 -6.794889508662545552e+01 -3.524331870252164212e-01 3.726882773033431562e+01 -5.904341947375163491e-02 -5.182376052915891457e-02 1.068927847422695143e-01
7.185000000000000000e+02 2.002868590976672294e+03 -1.176138706254909039e+02 1.008515760516132564e+00 -1.171770600730700096e+02 3.068420467307736432e-01 3.413889113602221670e+01 -1.551068678546114465e-01 -8.433186179177035169e-02 6.134705785359145097e-02
7.545000000000000000e+02 2.249797408217295015e+03 -1.338829745334446670e+02 2.072635976141405101e-01 -1.326507782316437556e+02 2.300782396893088777e-01 2.701255433901329184e+01 -1.669488512745641862e-01 -1.037508318669751878e-01 7.423655439921605925e-02
7.905000000000000000e+02 2.499751911991782436e+03 -1.030925621608068923e+02 -6.457193384269943603e-02 -1.033672193421999452e+02 -1.459238437949356149e-02 1.761650433370314772e+01 4.062704936310444770e-02 5.274802769679597103e-02 4.609986638877223292e-02
8.265000000000000000e+02 2.545508431686905169e+03 -4.285104400991861695e+01 -7.182953407144261337e-01 -4.282178087975949410e+01 -3.196643677231050806e-01 1.262527064773659546e+01 -1.206804080191700018e-02 4.673285496223916063e-02 6.463057156931542591e-02
8.625000000000000000e+02 2.316007421488753153e+03 2.081259654702037665e+01 -4.813368542405097594e-01 1.953250188091517714e+01 -4.081655329452156256e-01 1.514038292437488309e+01 -2.842176441531736250e-02 4.981000729580575825e-04 1.107975993591482633e-01
8.985000000000000000e+02 1.939775207699808561e+03 5.360165337967627863e+01 2.646220513628563809e-01 5.322930378113677818e+01 -5.779989012612418708e-02 2.348542163597002741e+01 -1.563561147002515833e-02 -5.000302879873189110e-02 9.034348971134664730e-02
9.345000000000000000e+02 1.507158528980632127e+03 5.121511355598501325e+01 6.159310366543526705e-01 5.113003717823507088e+01 3.854514539843260645e-01 3.414393855840214798e+01 2.472862709497247041e-02 -1.188883665966007294e-02 7.636479001864293625e-02
9.705000000000000000e+02 1.181619588195706001e+03 1.512158119113465560e+01 -5.591617521899034937e-01 1.480438207917211457e+01 -3.175748827507833272e-01 4.090122293000928977e+01 1.519520201202486098e-01 5.313175578468484761e-04 1.411614722038875003e-01
1.006500000000000000e+03 1.044051039247673089e+03 -3.123361095179230773e+01 -6.426507127288999532e-02 -3.122477346110395757e+01 -2.152593305453834593e-01 4.115661762146764602e+01 4.589381951770357682e-02 -1.020820715851563226e-01 9.991679449994844697e-02
1.042500000000000000e+03 1.071694020284373437e+03 -6.788145941720273413e+01 -4.303310833902542765e-01 -6.783009535812271906e+01 2.331416133676429414e-01 3.535755863869953686e+01 2.179952248452923791e-02 -1.482481519988585184e-01 8.355800023429499346e-02
1.078500000000000000e+03 1.160507877018993895e+03 -7.684889334806516104e+01 -4.111769987058940257e-01 -7.732011611189248868e+01 -4.700480513186280351e-01 2.540977236864916833e+01 3.808751273023894268e-02 1.698103161186069812e-02 7.382985663421555433e-02
1.114500000000000000e+03 1.245297300774824635e+03 -5.996086510797969993e+01 -7.557975975183442996e-01 -6.076656483866506164e+01 -1.811372574909116406e-01 1.684873241136940436e+01 -2.209743322553402167e-02 -4.341784823355981232e-02 1.230828884491840525e-01
1.150500000000000000e+03 1.218488111291998393e+03 -3.101546055524817547e+01 8.051800438322150866e-01 -3.064118371624697801e+01 3.514116111257604702e-01 1.335077318581453021e+01 -1.238619130824584746e-01 3.163593236798240005e-02 1.390520148118536414e-01
1.186500000000000000e+03 1.104472567586392415e+03 -2.748233050875704464e+00 -4.162368124336063291e-02 -2.964323340400468076e+00 -5.874572732242204776e-01 1.581074171933170369e+01 -1.248049812838300521e-02 9.341754973444828247e-02 9.747622669809852258e-02
1.222500000000000000e+03 9.506741864975715544e+02 6.640639138600310076e+00 -6.589803764261984442e-01 6.463151080822337136e+00 -8.386477049264056127e-01 2.135972324107228815e+01 4.023225148699185322e-02 -1.405052928209911400e-01 8.395199249886822757e-02
1.258500000000000000e+03 8.249506478594264536e+02 -4.752334383644267746e+00 1.813149961134805088e-02 -4.466162376629977615e+00 -4.460547567292023619e-01 2.764562718400944519e+01 -2.291882826983155166e-02 5.083768645840879008e-02 4.901571819198703023e-02
1.294500000000000000e+03 7.375005615783929898e+02 -2.804633059260368100e+01 5.397911739891636529e-01 -2.786546876008640794e+01 2.593329429355689664e-01 3.029841931123105070e+01 -4.366669974866470988e-02 -8.256674349414223901e-02 5.463878783709746889e-02
1.330500000000000000e+03 7.412844525156847340e+02 -5.094294927256521532e+01 -1.595624999019310541e-01 -5.120795791722350998e+01 2.557908302370913711e-01 2.821752744149469549e+01 -3.204635232329693106e-02 1.478398263151240594e-02 2.826643323564472995e-02
1.366500000000000000e+03 7.705803400784971018e+02 -6.043976384432753690e+01 -1.780568293235420263e-01 -5.995419004680639574e+01 -4.261759669261775407e-01 2.335732447931532363e+01 1.396052543213033986e-02 -3.663926372804204856e-02 1.114401104175950508e-01
1.402500000000000000e+03 8.179974421230452890e+02 -5.252446947011706868e+01 2.908465510014361932e-01 -5.339785725176229647e+01 3.637426154397127021e-01 1.701770822605833189e+01 -7.579695712882245084e-02 8.420499293623703863e-02 1.579199839960181428e-01
1.438500000000000000e+03 8.134720516000962789e+02 -3.347868325687595359e+01 -5.921493191261645306e-03 -3.373815201692306687e+01 2.675810107582643482e-01 1.256156744711873685e+01 6.885157520595382163e-02 -5.837195307989684334e-02 7.406299546066182071e-02
1.474500000000000000e+03 7.634340104143614099e+02 -1.284434106056506053e+01 -9.875581302784063320e-01 -1.188452744653345405e+01 -2.492302546601948277e-01 1.129862292516673605e+01 4.181735773665254396e-02 -8.691189159712465681e-03 5.526275889341399072e-02
1.510500000000000000e+03 6.639379832807504727e+02 2.273714106295039450e+00 1.653507678001454317e-01 2.769667495735075313e+00 -1.906044037172827665e-01 1.351416007361773808e+01 -5.616632608687839590e-03 1.271577692448307845e-02 4.910306264337167131e-02
1.546500000000000000e+03 5.597133070233840044e+02 6.085217395903692150e+00 -2.124524250765071065e-01 6.337429305486346642e+00 -1.394290106134618012e-01 1.711693571832187999e+01 -6.462010103889281876e-02 1.497072270804798710e-01 6.794961035093342872e-02
1.582500000000000000e+03 4.657510587552649213e+02 -1.678754970336244101e+00 4.086563404540642375e-01 -2.370498316979905429e+00 -1.107366071333938662e-02 1.996268673317432629e+01 -4.225658614574800964e-03 8.247262305852620656e-02 8.946984650763945002e-02
1.618500000000000000e+03 4.140489583311103843e+02 -1.411987771042261386e+01 -4.651726746649361144e-01 -1.396225265158718543e+01 -6.869974893141601591e-01 2.043525359191820456e+01 1.060835576050744439e-01 7.919731758563498814e-02 5.369954191137946142e-02
1.654500000000000000e+03 3.924672597146253565e+02 -2.483553598677949736e+01 -1.474527553372690092e-01 -2.503147797267421026e+01 2.063111966796846719e-01 1.855845784850650659e+01 2.179448466882438207e-01 -1.218529075367938939e-02 1.194603058331367429e-01
1.690500000000000000e+03 4.025026121305867264e+02 -2.903199504908406325e+01 2.876898799662762629e-01 -2.928897291623002985e+01 2.238708009265907295e-01 1.470280812063995413e+01 -9.165203191352348788e-02 -7.236975286623911763e-02 1.556451188844309164e-01
1.726500000000000000e+03 4.034944024160373033e+02 -2.636110513830861635e+01 3.548735107374985376e-02 -2.622444508243982852e+01 3.916343393018036356e-01 1.107863125372705682e+01 -1.247536700303169821e-01 1.018796797679085223e-02 8.013824865757854243e-02
1.762500000000000000e+03 3.968133486291604868e+02 -1.788195124841180217e+01 -2.977332208477526110e-01 -1.835004522916836578e+01 -1.997943302134690818e-02 8.499656415789246466e+00 1.575153590839469264e-01 -3.449130642682571302e-02 5.825917762108064057e-02
1.798500000000000000e+03 3.706106233810735375e+02 -1.088255686753386797e+01 2.720279409626139566e-01 -1.033225418021276809e+01 1.714118053686286003e-01 7.913794957533742291e+00 -4.103922438488415148e-02 -4.677798752801010790e-02 3.729674147159144776e-02
1.834500000000000000e+03 3.274482854000848988e+02 -5.155844860461890278e+00 -7.999253746355308725e-03 -5.198848745610320066e+00 -8.782700301955453925e-02 8.691984044258212805e+00 -7.694499221872409811e-02 -1.242115734161173823e-01 8.749072618053821415e-02
1.870500000000000000e+03 2.897143786929627822e+02 -5.642831183990264954e+00 -1.355456240790533784e-01 -5.746074507171961443e+00 2.764310703482639187e-02 1.033714576792471362e+01 -9.420802891056859196e-02 9.667700918863152137e-02 5.105329873303387361e-02
1.906500000000000000e+03 2.636491405071531062e+02 -9.479459623255696243e+00 -8.210908306186615047e-02 -9.288707136682884169e+00 -3.328835953647756307e-01 1.103219084745262890e+01 1.810053626492330592e-02 1.346801179104583357e-01 2.542081270248127134e-01
1.942500000000000000e+03 2.431489743529915586e+02 -1.499230753376167335e+01 -1.693315318244577317e-01 -1.485843428962338209e+01 -3.772066578615876908e-01 1.123409992631314935e+01 -1.653949315495091277e-01 -1.300722638810862808e-01 2.008554871146309151e-02
1.978500000000000000e+03 2.435625062869049202e+02 -1.816277224109965971e+01 2.544623659680302907e-01 -1.779095092602873507e+01 2.546749519076030865e-01 9.817256565524115075e+00 6.594597339140813308e-02 -5.367115173692510455e-02 1.009544541442777832e-01
2.014500000000000000e+03 2.437035883263205278e+02 -1.742870927550186622e+01 1.325228274496860759e-01 -1.716032562591826860e+01 1.405796002576961135e-01 7.852206914157878082e+00 7.033591248704308685e-02 1.155172618731313966e-01 7.198541212133534317e-02
2.050500000000000000e+03 2.389474714994539397e+02 -1.412955559745570255e+01 2.654570515715242718e-01 -1.393811526200267537e+01 3.177811121410090700e-01 6.151803375371303062e+00 -8.953006486026346411e-02 -1.740572964321972227e-02 -1.844002861820677117e-02
2.086500000000000000e+03 2.282534825501481919e+02 -9.126999781543297274e+00 4.461722298241899143e-01 -9.486485093584311912e+00 -2.025028347774071591e-03 5.039472063557323800e+00 4.712912083771321481e-02 -5.691609789407277992e-02 -8.956262525996112542e-03
2.122500000000000000e+03 2.061000574450092131e+02 -5.453925740138011236e+00 -8.960190140307261464e-02 -5.516083769151235217e+00 3.000099513014772845e-01 4.907980062583273906e+00 5.016051657930091501e-02 8.773531773943485379e-02 8.333551801998659303e-02
2.158500000000000000e+03 1.796680604832307608e+02 -2.987741031800758673e+00 -6.260482749941628788e-02 -2.979995925272356683e+00 -2.270524159043156576e-02 5.199625652009830290e+00 -4.314872773719864718e-02 8.751500203390567834e-02 -1.627454396561536787e-02
2.207000000000000000e+03 1.529047632336345828e+02 -3.832964225251342505e+00 -3.214033234472022937e-01 -3.895770110279247245e+00 8.062997019256651354e-02 5.998827108023039756e+00 3.274407699592381260e-02 1.477131289113052179e-02 -1.235070190911704419e-02
2.268000000000000000e+03 1.324515292949062371e+02 -7.159272447004820350e+00 1.143206606776123180e-03 -6.781557544670375748e+00 -6.928005489500940750e-03 5.706671126198665789e+00 -7.413785777825804280e-02 3.949377879925049240e-02 8.020088989365976861e-02
2.329000000000000000e+03 1.268190584053317593e+02 -7.737771033763715778e+00 -1.381060206620121356e-01 -7.888147270913093756e+00 -2.299402925409989584e-01 4.396815087160372393e+00 -1.516935927535423279e-02 4.186869602886915398e-02 8.667324851320884482e-02
2.390000000000000000e+03 1.202741671593647652e+02 -5.954760609320239872e+00 9.520275850999883327e-02 -6.049792464524486491e+00 1.302395749293787652e-01 3.212245547363063114e+00 -5.779213497982794989e-02 -7.044246205838969321e-02 1.133857780674925320e-01
2.451000000000000000e+03 1.054362740915089063e+02 -3.573139475114359698e+00 9.143392566485558648e-02 -3.584952319962859235e+00 2.185665653821807497e-01 2.822146417181869538e+00 5.636174047666003828e-02 -2.031507695849544270e-01 5.783630237556609821e-02
2.512000000000000000e+03 9.092893702410673029e+01 -2.821054832340314178e+00 2.833242765904864235e-02 -2.882040505904054140e+00 -6.137335274080857328e-01 3.009221210292447601e+00 -9.505310398468011512e-02 -1.916332539050835670e-02 1.438354466159979042e-02
2.573000000000000000e+03 8.207078121930288717e+01 -3.859435031745979572e+00 -5.586449073113812502e-02 -4.215898038361615363e+00 -1.231238757207097911e-01 3.064931814445739811e+00 -9.515844809710732877e-02 -1.067908131786577397e-01 9.273969671290925587e-02
2.634000000000000000e+03 7.654023164921113676e+01 -4.537071428024527009e+00 1.126520204673350789e-01 -4.173449995347889185e+00 -9.673668384153596977e-02 2.309911914604386496e+00 1.988579227022981358e-02 9.614353978573991766e-02 -1.751188183195960535e-02
2.695000000000000000e+03 7.301097637960219799e+01 -3.332059030946398437e+00 -9.974487233305804126e-03 -3.273279987510057776e+00 -1.257323398186412922e-01 1.876461303228297517e+00 -1.751714104827995500e-01 1.682032427128475338e-01 2.630145122951596526e-02
2.756000000000000000e+03 6.597553155006670522e+01 -2.210501764860087537e+00 8.095568645931140728e-02 -2.365404598763385380e+00 1.244643327510465136e-01 1.391595473867717647e+00 -1.702475530330579412e-01 -1.632908347803962296e-02 1.055177624103924988e-01
2.817000000000000000e+03 5.785790304631890990e+01 -1.668755812806089533e+00 3.149047663656905360e-01 -1.306284474281022234e+00 3.346440059692720181e-01 1.681003518985575651e+00 -5.486772019196752004e-02 -5.819511562804226962e-02 8.348032597281535017e-03
2.878000000000000000e+03 5.241847101727360325e+01 -1.605270852031195350e+00 -1.836659861638831881e-01 -1.816901303048640282e+00 -1.648856499307032597e-01 1.445822855725221734e+00 1.956054103351499013e-02 -9.591547707144261470e-02 -1.042499507416703441e-01
2.939000000000000000e+03 4.946954765725159575e+01 -2.038413644702298466e+00 -2.028170791140019025e-01 -1.535644547905681057e+00 1.036192565779611892e-02 1.274681018257005638e+00 8.313717017377052210e-02 -6.448599327701565187e-02 2.482334774683764289e-01
3.000000000000000000e+03 4.622035935189985167e+01 -1.683469004683647352e+00 1.368915631336224126e-01 -1.390406813036661582e+00 2.939244669653638953e-01 1.197221551062567224e+00 -3.663109230935269328e-02 -7.672807180607199573e-02 -1.483968666706014794e-01
3.061000000000000000e+03 4.387158660324536186e+01 -1.205185168268096962e+00 -1.624169610037833333e-01 -1.045474315349088856e+00 -4.618205509418858018e-02 8.363470502162164699e-01 -2.470719836214059495e-02 6.019396622038268585e-02 1.417821609264870442e-01
3.122000000000000000e+03 4.034450416848645204e+01 -1.130597212789111961e+00 -1.394635730053320755e-01 -9.860211931248421546e-01 5.526249823201019595e-02 4.934165403328222288e-01 -1.475731544270363349e-01 -3.999777194351154808e-02 -3.016121599396199282e-01
3.183000000000000000e+03 3.784783941219247794e+01 -9.507640923659181897e-01 -1.229219727489311853e-01 -8.419832757125872424e-01 -2.416267923628079295e-01 6.119557142125537919e-01 -4.550300409177647221e-01 -2.659461940702209301e-02 -1.176778991328825269e-01
3.244000000000000000e+03 3.698496767816970276e+01 -8.861797879650361587e-01 2.293928115603132700e-01 -1.298993641189091441e+00 1.336352973567958291e-01 8.075599440997228706e-01 1.204210307184113704e-01 1.263024451503241274e-01 -9.838242812354386357e-02
3.305000000000000000e+03 3.566824428443031536e+01 -9.598754443013923776e-01 -2.243764311788800092e-01 -8.941464364144555699e-01 8.254896132957852128e-02 3.027462822900093276e-01 1.425541799058348824e-01 -1.180839318929542414e-01 2.016134466462190522e-01
3.366000000000000000e+03 3.476031415562809457e+01 -6.679251202934012310e-01 1.910051520559837845e-01 -5.357814345994980076e-01 2.296958670572944450e-01 4.013525768083796019e-01 -1.660100501779918081e-01 8.976248788014326574e-02 6.576810337298021059e-02
3.447000000000000000e+03 3.275185563347245932e+01 -3.244661926145794850e-01 1.129970150012565983e-01 -4.189125500165157279e-01 -9.822761002627117266e-02 9.420376456246282171e-02 2.579780966137771858e-01 1.767252814960510177e-01 -4.227544871971279650e-02
3.548000000000000000e+03 3.108840136624683481e+01 -3.817692024764720582e-01 -2.598727589948485184e-02 -9.625272066966090723e-01 2.787014511464250971e-02 4.809060778441849315e-01 -3.910516293520335807e-01 -3.337181352768198161e-01 1.263254964505171607e-01
3.649000000000000000e+03 3.063377227613109000e+01 -4.358195104295756739e-01 -2.356594709587882530e-01 -5.020097813498536343e-01 -9.840625635200667132e-02 4.668142728792844531e-01 1.603751359819948763e-01 -5.155435217470792642e-02 -4.655986809956432632e-03
3.750000000000000000e+03 3.023576115423968957e+01 -7.810796017433521699e-03 3.489054873256691169e-01 -4.660875960398215279e-01 -1.410599784734053314e-02 5.985658843685421476e-02 3.546586031399094618e-02 1.234344058338640582e-02 -3.438820082260664324e-02
3.851000000000000000e+03 2.982094747145519165e+01 -2.571145602672071373e-01 -2.613631887856636693e-01 -4.094805822201953438e-01 -7.779840197525390855e-02 2.805572425953556381e-01 1.501125045651551804e-01 -5.526849445054413806e-03 -1.267001973658007929e-01
3.952000000000000000e+03 3.041726632270889397e+01 -1.207686092596153976e-01 -8.205247748848343292e-02 -2.575080671924502851e-01 2.552052603184986612e-01 -2.465898329185184368e-02 -1.971156364430354802e-01 2.680051082130068263e-01 1.000732045370127526e-01
4.053000000000000000e+03 3.048753261111935942e+01 -3.057712469222734208e-01 -1.113577239499776300e-01 7.443351709855162979e-02 7.158039988065754977e-02 2.073684945664329149e-01 -1.014711423239503113e-01 1.863385846496029841e-01 4.429866544086791258e-01
4.154000000000000000e+03 3.052635796306353910e+01 -1.024649368379622616e-01 -4.526560267706185581e-01 -1.229569686604995715e-01 3.591294582721436118e-02 2.131467913690782146e-02 -1.453886498869008115e-01 -6.550320963867595214e-03 1.836340223790977055e-01
4.255000000000000000e+03 3.089125561107321261e+01 4.106302145640491029e-03 4.793575765618836027e-01 7.740409237086630367e-02 1.540698590117832167e-01 7.229490842322409960e-02 -1.912746910926328980e-01 1.238468642926056629e-01 1.993326897289200150e-01
4.356000000000000000e+03 3.171991121546658121e+01 -1.013274835948161090e-01 1.658600464638685101e-01 -4.254140499417096710e-01 -8.784218164705748233e-02 1.325582728649349062e-01 2.619729014700158398e-01 2.318931572672522645e-01 -3.251062023377966348e-01
4.457000000000000000e+03 3.213005702366667293e+01 -7.947141766486792713e-02 6.083073560851702810e-01 4.830069832211086878e-01 2.609140243515546964e-01 1.545686511211941117e-01 3.049022238521137407e-01 -3.402575732798240882e-01 7.295027229099502186e-01
4.558000000000000000e+03 3.274519603991591055e+01 -5.028263864428160757e-01 1.541673449569779530e-01 -1.022603455726835975e-01 -6.105634971597431737e-02 -1.856192236840735754e-01 -1.434539488896143800e-01 4.590879370796644987e-01 7.927038572076234857e-01
4.659000000000000000e+03 3.433505783150391721e+01 2.998173964637065314e-01 -2.075899120123037012e-01 1.547414235674788308e-01 -4.302710903154209898e-01 -1.307409284593885612e-01 6.573105883044757514e-01 1.315871972479762675e-01 1.708080186596546146e-01
4.760000000000000000e+03 3.502689803468447138e+01 -3.556068162290021983e-01 -1.845465993770844526e-01 1.208635532916224956e-02 -3.996659629819401816e-01 2.632654688830364798e-01 -9.028646123514608157e-02 5.319220211495198081e-01 -7.749613270865413073e-02
4.861000000000000000e+03 3.521701004157169734e+01 4.655632110157660875e-01 3.511753828110779629e-01 2.619186676078903708e-02 -2.506604829186687700e-01 4.779691966438055495e-01 -4.644383195173761303e-01 -1.684896766219105557e-01 -1.497206063266441345e-01
4.962000000000000000e+03 3.713553077102662314e+01 -3.469906569093693660e-01 -1.870245906043078166e-01 1.286747753919298964e-01 8.980536316564591282e-01 -3.901645829635597140e-01 -2.130182035855835432e-01 1.286269142291884382e+00 5.160171994917539529e-01
5.063000000000000000e+03 3.740991411391821231e+01 2.542266471014620888e-01 2.843720851476400635e-01 1.243337229156834534e-01 -5.161212646987871355e-02 3.741091362579460067e-02 -1.816803311314062752e-01 6.069679635205982304e-01 -1.847057821678050327e-01
5.164000000000000000e+03 3.843090936630612475e+01 2.618421051776506636e-01 -2.690176362100345497e-01 -1.708927005374648866e-01 6.575138009010595974e-01 2.257955991610898772e-01 1.626312133141541438e-01 -8.087989144592322432e-02 -2.236982678110021050e-01
5.265000000000000000e+03 3.955672683265664347e+01 -4.356924860703523805e-01 2.660480227024567546e-01 -2.687117424231172946e-01 2.842908676427753911e-01 2.137301675971203796e-01 5.816881015410801936e-01 5.267706441787268767e-01 -8.308708140320973934e-01
5.366000000000000000e+03 4.103177197982410718e+01 -1.539325567604111489e-01 5.960637622138562630e-01 2.667084417875013602e-01 2.610625129420014456e-01 5.282021707835617974e-01 4.563031024359508192e-02 -1.471105831516911655e+00 -4.807835944642135928e-02
5.467000000000000000e+03 4.269689081934346575e+01 8.203020212470762962e-01 -5.755398637787404459e-01 -6.779418602021956841e-02 -4.043666719333145476e-01 -5.932606192603541162e-01 1.513085762141726853e+00 1.034743912724232384e+00 -7.113788046656883690e-01
5.568000000000000000e+03 4.303610472025828670e+01 5.846007084405369092e-02 -3.836633443251897813e-01 2.636464188363064620e-01 -5.179557350776913260e-01 5.379652329162707414e-01 7.751289810417567594e-01 -5.332297021240603452e-02 -1.085401059658500422e+00
5.669000000000000000e+03 4.376862025426226666e+01 -4.000758956761728546e-01 7.615841497192864518e-01 -1.017559038883695394e-01 -1.368921944117526546e-02 6.409548488815854927e-01 7.300035272572096279e-01 -5.071181895684155894e-01 1.312104729398243519e-01
5.770000000000000000e+03 4.584147720084844480e+01 -5.930173089987036406e-01 -6.311202922486948141e-01 -3.736697925918786023e-01 3.128412860228099168e-01 6.360374740963087303e-02 -4.731690491519170427e-01 1.132941562021036130e+00 -4.065906789905966434e-01
5.871000000000000000e+03 4.806824036735061156e+01 4.791351238535936918e-01 -1.656577110956715337e+00 -4.118754055820892379e-01 -1.004676582123119610e+00 6.110173289950915354e-01 2.858695116643638068e-01 -1.575948072293673619e+00 1.631550642457255451e+00
