# l Dl_TT Dl_TE Dl_TB Dl_ET Dl_BT Dl_EE Dl_EB Dl_BE Dl_BB
7.050000000000000000e+01 2.063626256390512935e+03 -7.385260855302517413e+00 6.031700926141361219e-01 -7.385260855302517413e+00 6.031700926141361219e-01 3.569527978855721595e-01 1.110626399092028843e-02 1.110626399092028843e-02 1.678159610297740760e-03
1.065000000000000000e+02 3.035616067527377709e+03 -2.746141147431663754e+01 -7.674277323800867689e-01 -2.746141147431663754e+01 -7.674277323800867689e-01 8.596013093849169673e-01 5.645316246403068138e-03 5.645316246403069005e-03 1.705925469952714393e-03
1.425000000000000000e+02 3.981403095213573579e+03 -4.210528383906965644e+01 -9.554004201681587372e-01 -4.210528383906965644e+01 -9.554004201681587372e-01 1.072165517059207707e+00 8.773189167426276650e-03 8.773189167426264506e-03 9.434218389259929269e-03
1.785000000000000000e+02 5.337681990215480255e+03 -3.889344043729305866e+01 3.996977525374131868e-01 -3.889344043729305866e+01 3.996977525374131868e-01 8.722191296836407925e-01 -2.238656281742442550e-02 -2.238656281742442550e-02 -7.591612102921481420e-03
2.145000000000000000e+02 5.832433166062201963e+03 4.957187072368146374e+00 4.597810610225633310e-01 4.957187072368146374e+00 4.597810610225633310e-01 7.751420763896080812e-01 1.075853714669845924e-02 1.075853714669845751e-02 -1.495974408516204460e-02
2.505000000000000000e+02 5.484215518673515362e+03 6.445722503553828631e+01 7.369445865766459658e-01 6.445722503553828631e+01 7.369445865766459658e-01 2.516521483713888507e+00 -9.104386066632262978e-03 -9.104386066632268182e-03 3.678549535629099115e-02
2.865000000000000000e+02 4.607164120577437643e+03 1.126673655603660791e+02 2.384376857609682876e+00 1.126673655603660791e+02 2.384376857609682876e+00 6.948407198877724511e+00 8.523457167848799698e-02 8.523457167848794147e-02 4.772654456865312728e-02
3.225000000000000000e+02 3.355238955086044371e+03 1.166869635014782318e+02 1.270678611366366839e+00 1.166869635014782318e+02 1.270678611366366839e+00 1.329587246168681602e+01 -5.829250304954023201e-03 -5.829250304954023201e-03 4.772573964181267558e-02
3.585000000000000000e+02 2.280716765768295772e+03 7.256280445592713590e+01 -1.471059476103237174e+00 7.256280445592713590e+01 -1.471059476103237174e+00 1.895887349272138778e+01 -2.808825115974700193e-02 -2.808825115974698805e-02 6.335328914497895259e-02
3.945000000000000000e+02 1.812762889333499515e+03 8.037870693099240071e+00 -7.953023668609330299e-01 8.037870693099240071e+00 -7.953023668609330299e-01 2.142216580615788146e+01 -6.982282720249190222e-02 -6.982282720249190222e-02 -1.534261717498663913e-02
4.305000000000000000e+02 1.814599810094678332e+03 -4.906210200053241977e+01 -3.619023269354422201e-01 -4.906210200053241977e+01 -3.619023269354422201e-01 1.886808763490881091e+01 -1.528208570019117321e-02 -1.528208570019118015e-02 7.210037438905418650e-02
4.665000000000000000e+02 2.132622283044383039e+03 -7.376609730195238512e+01 -5.039284331212626755e-01 -7.376609730195238512e+01 -5.039284331212626755e-01 1.332004148983008029e+01 5.863870457309819373e-02 5.863870457309817291e-02 3.828264909649373854e-02
5.025000000000000000e+02 2.490919528386562888e+03 -5.879935698519031462e+01 -6.803651021683686240e-02 -5.879935698519031462e+01 -6.803651021683686240e-02 8.154564150447548343e+00 -6.317540177924088618e-02 -6.317540177924088618e-02 3.035469519324532003e-02
5.385000000000000000e+02 2.587821909673689788e+03 -1.540006314599741266e+01 -3.398410317044207041e-01 -1.540006314599741266e+01 -3.398410317044207041e-01 7.580686906772057476e+00 -1.583506599572069226e-02 -1.583506599572069226e-02 4.357676250245096083e-02
5.745000000000000000e+02 2.436214869142623684e+03 2.508362975851689214e+01 1.055240464200777328e+00 2.508362975851689214e+01 1.055240464200777328e+00 1.296372201296441062e+01 3.198981798774019891e-02 3.198981798774019197e-02 9.398835653428640191e-02
6.105000000000000000e+02 2.123922106357218127e+03 2.624867411187383937e+01 -5.868981277630134219e-01 2.624867411187383937e+01 -5.868981277630134219e-01 2.344454545327373651e+01 6.382908222313590785e-02 6.382908222313590785e-02 1.257711951931540229e-01
6.465000000000000000e+02 1.875447415631580270e+03 -9.052322766971190759e+00 6.933910231027174964e-01 -9.052322766971190759e+00 6.933910231027174964e-01 3.288121883773102638e+01 -1.279907389245779972e-02 -1.279907389245779452e-02 1.127059757316966199e-01
6.825000000000000000e+02 1.836619484951630511e+03 -6.699109346697997580e+01 -3.792517183890780075e-01 -6.699109346697997580e+01 -3.792517183890780075e-01 3.751694076643752140e+01 5.432756741205989337e-04 5.432756741205815865e-04 4.144164728369078426e-02
7.185000000000000000e+02 1.997419558043209690e+03 -1.211986860589299511e+02 -4.093800808754655685e-01 -1.211986860589299511e+02 -4.093800808754655685e-01 3.488533767321309398e+01 -8.822955907709553736e-03 -8.822955907709595369e-03 7.889910016843038054e-02
7.545000000000000000e+02 2.238084739662634547e+03 -1.307565561642926468e+02 1.064293899942327037e+00 -1.307565561642926468e+02 1.064293899942327037e+00 2.649062506764727587e+01 -7.942118617969604055e-02 -7.942118617969612382e-02 1.838867853660462182e-01
7.905000000000000000e+02 2.473948356791641345e+03 -1.033718372619055827e+02 -3.093329167919585121e-01 -1.033718372619055827e+02 -3.093329167919585121e-01 1.766483824470796549e+01 1.408075764589561234e-02 1.408075764589561928e-02 6.357698958200587447e-02
8.265000000000000000e+02 2.562121956397302711e+03 -4.519473626714942327e+01 -4.562485418511048191e-02 -4.519473626714942327e+01 -4.562485418511048191e-02 1.279000001501645123e+01 6.315347891374997052e-03 6.315347891374997052e-03 3.323168618546901848e-02
8.625000000000000000e+02 2.299205912201220144e+03 1.634040425209738601e+01 -6.884530156278405588e-01 1.634040425209738601e+01 -6.884530156278405588e-01 1.501652414319841711e+01 2.450113877135247711e-02 2.450113877135248752e-02 7.316442964144563577e-02
8.985000000000000000e+02 1.920017902828946944e+03 5.358044336278614139e+01 4.379901149700149987e-01 5.358044336278614139e+01 4.379901149700149987e-01 2.357610771111717440e+01 -6.109799316799099933e-03 -6.109799316799106872e-03 9.820850426266927724e-02
9.345000000000000000e+02 1.516979529214320337e+03 5.262451939141166690e+01 -1.326989974149457296e-01 5.262451939141166690e+01 -1.326989974149457296e-01 3.390287470417800364e+01 1.417640477741992922e-01 1.417640477741993199e-01 1.494124145177780187e-02
9.705000000000000000e+02 1.199676434736948295e+03 1.591219363867664072e+01 8.721038150426001501e-01 1.591219363867664072e+01 8.721038150426001501e-01 4.103929789531430572e+01 -5.496864979829749198e-03 -5.496864979829738790e-03 1.085310216441939674e-01
1.006500000000000000e+03 1.059627625231954880e+03 -2.906262441283748288e+01 8.009537713930622860e-02 -2.906262441283748288e+01 8.009537713930622860e-02 4.140768720275730885e+01 -1.763472743227042505e-01 -1.763472743227043060e-01 4.791365637342474837e-02
1.042500000000000000e+03 1.065171592371988709e+03 -6.704416847151895809e+01 6.204276736459206631e-01 -6.704416847151895809e+01 6.204276736459206631e-01 3.520967625171678606e+01 1.070064539555380945e-01 1.070064539555380806e-01 1.080157386843195733e-01
1.078500000000000000e+03 1.174229963269190193e+03 -7.571217765029736313e+01 9.032869410697009771e-01 -7.571217765029736313e+01 9.032869410697009771e-01 2.521392276744521510e+01 -1.442771691293329717e-01 -1.442771691293329162e-01 7.664785890434627769e-02
1.114500000000000000e+03 1.237930468978368253e+03 -5.925309557155717499e+01 6.506951560844207449e-01 -5.925309557155717499e+01 6.506951560844207449e-01 1.681292545751299983e+01 -1.479782148113982787e-01 -1.479782148113982509e-01 1.110830302960612304e-01
1.150500000000000000e+03 1.225729309545556134e+03 -2.874161665883382710e+01 5.213121552215805865e-01 -2.874161665883382710e+01 5.213121552215805865e-01 1.330435823011095486e+01 -6.464185805236366544e-02 -6.464185805236365157e-02 7.847817118386206381e-02
1.186500000000000000e+03 1.108210350248829172e+03 -3.448058449961588501e+00 -6.494368504181449731e-02 -3.448058449961588501e+00 -6.494368504181449731e-02 1.575934393384960863e+01 2.807208511241187504e-02 2.807208511241186810e-02 1.460376958716704532e-01
1.222500000000000000e+03 9.504039906883607500e+02 5.116431081169965367e+00 7.439688669918448349e-02 5.116431081169965367e+00 7.439688669918448349e-02 2.144374853108616819e+01 4.437810943215170396e-03 4.437810943215172998e-03 1.300395035183512515e-01
1.258500000000000000e+03 8.197200639154592636e+02 -5.520215911093510286e+00 -4.043543364350415947e-02 -5.520215911093510286e+00 -4.043543364350415947e-02 2.795353606793139178e+01 -5.976045961423204905e-02 -5.976045961423206293e-02 1.741899988043006664e-02
1.294500000000000000e+03 7.373843793544630216e+02 -2.817817093616728386e+01 -2.976149686846935039e-01 -2.817817093616728386e+01 -2.976149686846935039e-01 3.009820498418079282e+01 -2.150714544726908817e-02 -2.150714544726907776e-02 8.584501907933152209e-02
1.330500000000000000e+03 7.291282742414390441e+02 -5.099353218979737079e+01 -3.418093443750065408e-01 -5.099353218979737079e+01 -3.418093443750065408e-01 2.884423715904729946e+01 -2.462337109859259049e-02 -2.462337109859263906e-02 1.675860513865060353e-01
1.366500000000000000e+03 7.728549250193856324e+02 -6.066425836576694763e+01 3.217003880298426877e-01 -6.066425836576694763e+01 3.217003880298426877e-01 2.330355859806947905e+01 -2.646693248265532400e-02 -2.646693248265533094e-02 1.213461493933101903e-01
1.402500000000000000e+03 8.141137238499479736e+02 -5.261361086188841796e+01 3.887854654395282439e-01 -5.261361086188841796e+01 3.887854654395282439e-01 1.693358212886073133e+01 -6.733770877933294152e-02 -6.733770877933292764e-02 -1.735716369196783904e-02
1.438500000000000000e+03 8.128721826281082485e+02 -3.476991929214923971e+01 3.836698883409937477e-01 -3.476991929214923971e+01 3.836698883409937477e-01 1.269574720061116579e+01 4.584032010749784086e-02 4.584032010749782698e-02 -1.150003968313230082e-02
1.474500000000000000e+03 7.643618500081819320e+02 -1.222026561905217790e+01 3.421139359867914620e-01 -1.222026561905217790e+01 3.421139359867914620e-01 1.161327346941296135e+01 -3.334003995007762261e-02 -3.334003995007756710e-02 9.242414295561705850e-02
1.510500000000000000e+03 6.562060266036522762e+02 3.425725507380387391e+00 -5.059415760615205981e-02 3.425725507380387391e+00 -5.059415760615205981e-02 1.358594152982464465e+01 -8.101816822763649451e-02 -8.101816822763650838e-02 6.120120266859485625e-02
1.546500000000000000e+03 5.550022248434964922e+02 5.881837865087107708e+00 3.408843671349713333e-01 5.881837865087107708e+00 3.408843671349713333e-01 1.676487987470839869e+01 8.912811071912936367e-02 8.912811071912936367e-02 -1.216370331784261474e-02
1.582500000000000000e+03 4.633428255204952393e+02 -1.342199642190180731e+00 5.990292872023732507e-01 -1.342199642190180731e+00 5.990292872023732507e-01 2.007772708510157500e+01 1.752940780088048378e-01 1.752940780088047823e-01 1.660039490562134068e-01
1.618500000000000000e+03 4.142381702502676717e+02 -1.447112546974921443e+01 6.760547578383011569e-01 -1.447112546974921443e+01 6.760547578383011569e-01 2.038923581588669975e+01 -1.370722600949153824e-01 -1.370722600949154379e-01 1.018693504226405727e-01
1.654500000000000000e+03 3.977411684675172978e+02 -2.535450559069331433e+01 -7.291210428808366784e-01 -2.535450559069331433e+01 -7.291210428808366784e-01 1.857390999484163530e+01 6.121870678173626373e-03 6.121870678173615965e-03 -1.076747139329621399e-02
1.690500000000000000e+03 3.959375410645356510e+02 -2.992738262528919790e+01 5.062410368359580026e-01 -2.992738262528919790e+01 5.062410368359580026e-01 1.465675998586274886e+01 5.514720241771223219e-02 5.514720241771222525e-02 6.682001473483184517e-02
1.726500000000000000e+03 4.041944974379529185e+02 -2.649284860770678307e+01 3.021951572588633672e-01 -2.649284860770678307e+01 3.021951572588633672e-01 1.103135929355314815e+01 -5.816380653098263132e-02 -5.816380653098261744e-02 -1.042199564418514607e-02
1.762500000000000000e+03 4.014780312992339759e+02 -1.872203962016153156e+01 -4.372469811339687040e-01 -1.872203962016153156e+01 -4.372469811339687040e-01 8.549846354537576687e+00 8.730579397987110746e-02 8.730579397987114909e-02 -7.107430044440803119e-02
1.798500000000000000e+03 3.741461660770510775e+02 -1.032436418361963604e+01 1.198182970088046695e-01 -1.032436418361963604e+01 1.198182970088046695e-01 7.915042353426894550e+00 4.923425541087409624e-02 4.923425541087410318e-02 -5.595235531393068923e-02
1.834500000000000000e+03 3.292292212917303686e+02 -5.422476964364201457e+00 -5.715779152220820114e-01 -5.422476964364201457e+00 -5.715779152220820114e-01 8.717743792277861559e+00 8.953249676626706677e-02 8.953249676626705289e-02 5.495747970222250589e-02
1.870500000000000000e+03 2.892313058829275292e+02 -5.769350660401196151e+00 -8.665146809674502404e-02 -5.769350660401196151e+00 -8.665146809674502404e-02 1.022891124809605934e+01 -1.491903562966025165e-01 -1.491903562966025443e-01 4.013175073829129691e-02
1.906500000000000000e+03 2.575483530865451485e+02 -9.927268278797260592e+00 1.590297557063706235e-01 -9.927268278797260592e+00 1.590297557063706235e-01 1.116586211466990797e+01 -1.664478239723951869e-01 -1.664478239723951591e-01 2.345969636921214629e-01
1.942500000000000000e+03 2.478637202717593766e+02 -1.445989035568685033e+01 -2.535925408419216209e-01 -1.445989035568685033e+01 -2.535925408419216209e-01 1.113790776661134885e+01 8.477407548656691605e-02 8.477407548656692993e-02 1.544848161407875176e-01
1.978500000000000000e+03 2.413079698992652311e+02 -1.764708944960879222e+01 3.090489648311521842e-01 -1.764708944960879222e+01 3.090489648311521842e-01 9.765512964185901978e+00 -1.421281480284916632e-01 -1.421281480284915522e-01 2.458363872362770430e-01
2.014500000000000000e+03 2.422310000669498606e+02 -1.784844813711217881e+01 2.189865887500520164e-03 -1.784844813711217881e+01 2.189865887500520164e-03 8.014473788317237890e+00 -1.800869870135439754e-01 -1.800869870135439754e-01 4.459638215523220039e-01
2.050500000000000000e+03 2.379048263184228915e+02 -1.411985690652058345e+01 1.384098160668610911e-01 -1.411985690652058345e+01 1.384098160668610911e-01 6.249014449487884093e+00 -1.081751095301169280e-01 -1.081751095301169696e-01 -6.337039491061965957e-02
2.086500000000000000e+03 2.231089512935925541e+02 -9.363534376337533160e+00 4.917635169797929251e-03 -9.363534376337533160e+00 4.917635169797929251e-03 5.162225404168909293e+00 1.079292159090593645e-01 1.079292159090594061e-01 6.837892545786661280e-02
2.122500000000000000e+03 2.066094676825508998e+02 -5.021018072995332204e+00 -2.199172427402008578e-01 -5.021018072995332204e+00 -2.199172427402008578e-01 5.147276226290651735e+00 6.865440960914598323e-02 6.865440960914602486e-02 2.404432347617576071e-01
2.158500000000000000e+03 1.813441489889605691e+02 -3.277352004017235032e+00 -3.973716951598674774e-01 -3.277352004017235032e+00 -3.973716951598674774e-01 5.071786621558253216e+00 -8.222893653271011460e-02 -8.222893653271007297e-02 -2.494328749369479070e-01
2.207000000000000000e+03 1.529178508844931628e+02 -3.726622184080486733e+00 2.543038163560378678e-02 -3.726622184080486733e+00 2.543038163560378678e-02 6.136064322902203827e+00 -7.847301175128662543e-02 -7.847301175128663930e-02 -1.099552344997109105e-01
2.268000000000000000e+03 1.330060599050020471e+02 -6.821304798744542097e+00 7.223768998111473882e-03 -6.821304798744542097e+00 7.223768998111473882e-03 5.787522172022034006e+00 1.068579329815591561e-03 1.068579329815619317e-03 1.363863386813435885e-01
2.329000000000000000e+03 1.257622598279885295e+02 -7.650413948485384807e+00 4.019451591413645275e-01 -7.650413948485384807e+00 4.019451591413645275e-01 4.498659289738475842e+00 -1.199097028810168220e-01 -1.199097028810168220e-01 -1.577460467063018790e-01
2.390000000000000000e+03 1.186769876669501400e+02 -6.080303554291322854e+00 -1.102756464183764079e-01 -6.080303554291322854e+00 -1.102756464183764079e-01 3.131162193941789518e+00 1.048038079433324388e-01 1.048038079433323971e-01 7.427663023510033824e-02
2.451000000000000000e+03 1.054351809496654369e+02 -3.611385580103852355e+00 -2.563908615910225341e-01 -3.611385580103852355e+00 -2.563908615910225341e-01 2.428250542792798949e+00 3.934128414970114451e-02 3.934128414970119308e-02 1.372280849101981670e-01
2.512000000000000000e+03 9.164802495195132792e+01 -3.317347526932704405e+00 1.550918892390251713e-02 -3.317347526932704405e+00 1.550918892390251713e-02 2.892016053624542504e+00 -3.746195299605339923e-02 -3.746195299605339230e-02 5.402295266594862866e-02
2.573000000000000000e+03 8.140398981627480168e+01 -3.899232135005029409e+00 -1.627199138802656042e-01 -3.899232135005029409e+00 -1.627199138802656042e-01 3.090356694800963755e+00 1.276219916314824676e-02 1.276219916314826064e-02 8.581446709771893555e-03
2.634000000000000000e+03 7.757863307241377981e+01 -3.878089419040177788e+00 -2.453557927999459598e-01 -3.878089419040177788e+00 -2.453557927999459598e-01 2.284646155450602567e+00 1.470354239313578504e-01 1.470354239313578781e-01 -1.508632080088070093e-01
2.695000000000000000e+03 7.272659290813079735e+01 -3.297142793708147224e+00 -5.517318774871644849e-02 -3.297142793708147224e+00 -5.517318774871644849e-02 1.778044405508927728e+00 1.793440221106726642e-02 1.793440221106724908e-02 1.630399479506847160e-01
2.756000000000000000e+03 6.568880490090381841e+01 -1.846855007999858689e+00 -6.385189071547361928e-02 -1.846855007999858689e+00 -6.385189071547361928e-02 1.402668209924262444e+00 2.476175236113093564e-02 2.476175236113093564e-02 6.848688968687333123e-02
2.817000000000000000e+03 5.839034002898149822e+01 -1.461642513498628393e+00 1.550950155893006666e-01 -1.461642513498628393e+00 1.550950155893006666e-01 1.796037604372023644e+00 -4.059604731707998349e-02 -4.059604731707996961e-02 -2.534614174843166645e-01
2.878000000000000000e+03 5.228121643094144133e+01 -1.613729668437717368e+00 2.452989553648332044e-01 -1.613729668437717368e+00 2.452989553648332044e-01 1.022609868006433054e+00 2.924462839339990738e-01 2.924462839339990738e-01 1.477084514498394063e-01
2.939000000000000000e+03 4.873246297486663536e+01 -1.988406959982145228e+00 6.998258643227922571e-03 -1.988406959982145228e+00 6.998258643227922571e-03 1.398921258901002052e+00 2.299565646083706338e-01 2.299565646083706338e-01 -2.396594887345517358e-02
3.000000000000000000e+03 4.627812619412614481e+01 -1.484600276009104824e+00 4.383178467356395325e-02 -1.484600276009104824e+00 4.383178467356395325e-02 1.049467685596823241e+00 1.811735329617325529e-01 1.811735329617324974e-01 -3.634310968000480785e-02
3.061000000000000000e+03 4.390185415775516731e+01 -1.190624322920406541e+00 -2.320603569691718771e-01 -1.190624322920406541e+00 -2.320603569691718771e-01 8.641778433665564529e-01 -1.420795107359319465e-01 -1.420795107359320020e-01 2.718993741557318988e-01
3.122000000000000000e+03 4.083366648378574837e+01 -1.124824641749742504e+00 2.268758318414517972e-01 -1.124824641749742504e+00 2.268758318414517972e-01 8.521046242547624106e-01 -2.099139586762787668e-01 -2.099139586762788223e-01 -1.141050821913503488e-01
3.183000000000000000e+03 3.852871731626546392e+01 -8.937251899961338175e-01 -1.198321885750416871e-02 -8.937251899961338175e-01 -1.198321885750416871e-02 6.274217311896045368e-01 8.792873084051225363e-02 8.792873084051225363e-02 1.874765362238771105e-01
3.244000000000000000e+03 3.721593267954326478e+01 -8.432721591359588764e-01 5.173248744336093191e-02 -8.432721591359588764e-01 5.173248744336093191e-02 8.524977993047032632e-01 1.584122189397516589e-01 1.584122189397516312e-01 1.239920458277176812e-01
3.305000000000000000e+03 3.643816731077336613e+01 -9.872852260322286799e-01 1.036814600030057237e-01 -9.872852260322286799e-01 1.036814600030057237e-01 7.025871129645443469e-01 2.516568951422482048e-01 2.516568951422482048e-01 -9.168621956640353454e-02
3.366000000000000000e+03 3.460163913226709553e+01 -4.954530408424533960e-01 -7.076585799930830423e-02 -4.954530408424533960e-01 -7.076585799930830423e-02 2.577591347483035311e-01 -1.268896636194568051e-01 -1.268896636194568606e-01 -3.191601331993765278e-01
3.447000000000000000e+03 3.298879454024721269e+01 -4.476352373516141459e-01 1.763410770812180173e-01 -4.476352373516141459e-01 1.763410770812180173e-01 5.976273428144909250e-01 2.903488289615041573e-01 2.903488289615042128e-01 -6.052997816706551237e-02
3.548000000000000000e+03 3.152777928723403988e+01 -6.567286292899225941e-01 -1.012249592169243984e-01 -6.567286292899225941e-01 -1.012249592169243984e-01 4.021683830531086468e-01 -3.409972693882407785e-02 -3.409972693882409173e-02 -2.999523149034420411e-01
3.649000000000000000e+03 3.097031503932466023e+01 -5.147137889761423946e-01 -7.057599612626608288e-02 -5.147137889761423946e-01 -7.057599612626608288e-02 1.002204085652744214e-01 -3.064232450455329770e-01 -3.064232450455328660e-01 -1.004068761664122095e-01
3.750000000000000000e+03 3.059973552643976547e+01 -4.661105772146126869e-01 1.893288789999017230e-01 -4.661105772146126869e-01 1.893288789999017230e-01 -3.975873782949322123e-03 4.447890878816483651e-02 4.447890878816489202e-02 -1.253098903084994831e-01
3.851000000000000000e+03 3.059668174432070487e+01 -2.519726412608170873e-01 9.087207565177866930e-02 -2.519726412608170873e-01 9.087207565177866930e-02 3.206453856819389547e-01 -3.003167597498094810e-01 -3.003167597498093699e-01 -3.627281563881037396e-01
3.952000000000000000e+03 3.079853029832226596e+01 -1.683679285227311084e-01 4.088711493281053239e-02 -1.683679285227311084e-01 4.088711493281053239e-02 1.997812770935450399e-01 -1.359780403995131670e-01 -1.359780403995131670e-01 -1.600464282038002173e-01
4.053000000000000000e+03 3.056480317141108927e+01 -3.843571434517439878e-01 -6.249877301927542206e-02 -3.843571434517439878e-01 -6.249877301927542206e-02 -2.246979637011476544e-02 -3.954532143421481127e-02 -3.954532143421479046e-02 -1.700105668141730364e-01
4.154000000000000000e+03 3.105608015811318268e+01 -8.426462878267393375e-02 -3.056443492436169973e-01 -8.426462878267393375e-02 -3.056443492436169973e-01 2.455712734351327142e-01 1.090462449780081888e-01 1.090462449780084386e-01 9.831862222708953603e-02
4.255000000000000000e+03 3.155866325647395598e+01 -1.612582159517239877e-01 2.054870999628815864e-01 -1.612582159517239877e-01 2.054870999628815864e-01 -3.299090409714226513e-01 -2.464479072166491369e-01 -2.464479072166492202e-01 -8.331038364649985539e-02
4.356000000000000000e+03 3.223059366793248159e+01 8.696630990048349885e-02 4.434656267489876513e-01 8.696630990048349885e-02 4.434656267489876513e-01 2.706280776057036763e-01 -1.154978203051587049e-01 -1.154978203051587049e-01 2.788055367161279899e-02
4.457000000000000000e+03 3.317524806894680012e+01 -6.928526713782412472e-03 -2.718571956431000691e-01 -6.928526713782412472e-03 -2.718571956431000691e-01 4.549072341704780698e-01 -3.635536453766680665e-01 -3.635536453766679554e-01 -5.127010639487537824e-02
4.558000000000000000e+03 3.394057275050124645e+01 -3.440563196961738957e-01 2.041552962490159051e-01 -3.440563196961738957e-01 2.041552962490159051e-01 -2.928353284888359637e-02 3.681659047552169883e-01 3.681659047552169328e-01 4.015384586130364974e-01
4.659000000000000000e+03 3.483747435264673697e+01 1.718339514225891707e-02 -1.506603651804097888e-01 1.718339514225891707e-02 -1.506603651804097888e-01 -3.259591373556248173e-01 -1.491068541179330076e-01 -1.491068541179330353e-01 -5.602511485856175311e-01
4.760000000000000000e+03 3.510804165416756462e+01 -5.400963468195645739e-02 -1.297154519627513602e-01 -5.400963468195645739e-02 -1.297154519627513602e-01 -2.214688414890841617e-01 -1.300275782264205815e-01 -1.300275782264206648e-01 1.588149451975467974e-01
4.861000000000000000e+03 3.690122089127634553e+01 -7.296893689583142106e-02 3.300163877782648081e-01 -7.296893689583142106e-02 3.300163877782648081e-01 -6.075800429420351312e-02 8.512057634377759308e-02 8.512057634377759308e-02 2.507510854625995267e-02
4.962000000000000000e+03 3.758103365234349980e+01 -2.908998307049395216e-01 -2.137224748347285319e-01 -2.908998307049395216e-01 -2.137224748347285319e-01 -9.205012680576375034e-03 -3.369796220921409957e-01 -3.369796220921411067e-01 -3.299070612548797854e-01
5.063000000000000000e+03 3.900447028924219950e+01 -5.282041169187181584e-01 -2.449305093530901312e-02 -5.282041169187181584e-01 -2.449305093530901312e-02 1.633163287883003800e-01 -3.184268805941004588e-01 -3.184268805941005143e-01 2.934664511367830464e-01
5.164000000000000000e+03 3.962981698662505181e+01 -2.475886128134651698e-01 2.173494769000172688e-01 -2.475886128134651698e-01 2.173494769000172688e-01 4.818700996070807707e-01 -8.141491677484300471e-01 -8.141491677484298251e-01 3.427623573170713311e-01
5.265000000000000000e+03 4.095578460027727630e+01 -2.632741417472009293e-02 3.971220955655675455e-01 -2.632741417472009293e-02 3.971220955655675455e-01 1.898187719818896224e-01 -6.007289648235760726e-01 -6.007289648235761836e-01 2.946753479309556778e-01
5.366000000000000000e+03 4.190310189451217582e+01 -4.101226391756327416e-01 2.913114007663257232e-01 -4.101226391756327416e-01 2.913114007663257232e-01 1.178892036406994359e-01 1.115513725390747390e-01 1.115513725390747807e-01 5.812249110226007653e-01
5.467000000000000000e+03 4.275251056679618245e+01 -1.035972110539656654e+00 3.273865553388970451e-01 -1.035972110539656654e+00 3.273865553388970451e-01 1.879982959102851070e-01 7.399232665576246371e-01 7.399232665576244150e-01 -4.402492471066610930e-02
5.568000000000000000e+03 4.478014368870353223e+01 -8.865142370965256591e-02 -1.218431263704962131e-01 -8.865142370965256591e-02 -1.218431263704962131e-01 -5.729683710156091569e-01 4.067319846917651915e-01 4.067319846917650805e-01 3.524993070069134538e-01
5.669000000000000000e+03 4.570679029365233248e+01 -4.452594143103354440e-01 -6.322061350896375220e-01 -4.452594143103354440e-01 -6.322061350896375220e-01 7.626907831719183239e-02 -2.074828078228858341e-01 -2.074828078228857786e-01 -3.950886999484940487e-01
5.770000000000000000e+03 4.763159716895012252e+01 2.508254777699294169e-01 -6.495204348070384714e-01 2.508254777699294169e-01 -6.495204348070384714e-01 4.470202598978305630e-01 -5.599427770937484006e-01 -5.599427770937485116e-01 -9.442695106815170991e-01
5.871000000000000000e+03 4.849450860579889877e+01 -1.748775182458049693e-02 4.741338840469272453e-01 -1.748775182458049693e-02 4.741338840469272453e-01 2.682496849933697081e-01 4.879478114805135824e-01 4.879478114805137490e-01 -1.510293638443148678e+00
