# l Dl_TT Dl_TE Dl_TB Dl_ET Dl_BT Dl_EE Dl_EB Dl_BE Dl_BB
7.050000000000000000e+01 1.734573877034889847e+03 -5.731102363272007949e+00 -2.061884052897232089e-01 -5.731102363272007949e+00 -2.061884052897232089e-01 3.354298417547527666e-01 8.753681675984198440e-03 8.753681675984200175e-03 2.359115649674999385e-02
1.065000000000000000e+02 2.818748223019355009e+03 -2.682650037568506107e+01 -4.801879283457879399e-01 -2.682650037568506107e+01 -4.801879283457879399e-01 8.710585953305609586e-01 -6.540776215035130209e-03 -6.540776215035128474e-03 7.189240429582236490e-03
1.425000000000000000e+02 4.180179837637897435e+03 -4.562746845425136399e+01 7.779635934302551181e-01 -4.562746845425136399e+01 7.779635934302551181e-01 1.100688835451727909e+00 -9.319048117509580106e-03 -9.319048117509578372e-03 2.101120131252148804e-02
1.785000000000000000e+02 5.118628416134309191e+03 -3.542033333559777475e+01 -2.474244980463653487e-01 -3.542033333559777475e+01 -2.474244980463653487e-01 8.373722065273434545e-01 7.708708076603786562e-03 7.708708076603786562e-03 2.303732545163825196e-02
2.145000000000000000e+02 5.561167796556990652e+03 3.414126698496542822e+00 -7.682774102361051849e-01 3.414126698496542822e+00 -7.682774102361051849e-01 8.195839746067942189e-01 1.882478834505083368e-02 1.882478834505083021e-02 1.104398192557240477e-02
2.505000000000000000e+02 5.405391939216502578e+03 6.183574902584232547e+01 -3.196952287415741889e-01 6.183574902584232547e+01 -3.196952287415741889e-01 2.442608955959641115e+00 -9.229771277864486090e-03 -9.229771277864487825e-03 4.034219955737697316e-02
2.865000000000000000e+02 4.478916093793242908e+03 1.058273274507069459e+02 -2.735662408911499477e-01 1.058273274507069459e+02 -2.735662408911499477e-01 6.770263805960061276e+00 -5.838084665250470318e-02 -5.838084665250472399e-02 5.048457013338537858e-02
3.225000000000000000e+02 3.254763390670394074e+03 1.126061842839625342e+02 -6.278908298318739423e-01 1.126061842839625342e+02 -6.278908298318739423e-01 1.326996336085412409e+01 -4.513173052392117218e-03 -4.513173052392118953e-03 5.471664219972371263e-03
3.585000000000000000e+02 2.251708641099422948e+03 7.300590185489713235e+01 1.950860519092820211e-01 7.300590185489713235e+01 1.950860519092820211e-01 1.907030463963336331e+01 -6.551026524635960267e-03 -6.551026524635958533e-03 4.261435168853570238e-02
3.945000000000000000e+02 1.845451842594251048e+03 8.333381091387636275e+00 -1.154161512723533289e-01 8.333381091387636275e+00 -1.154161512723533289e-01 2.136388697139276616e+01 -6.070365889717447422e-02 -6.070365889717449503e-02 2.443360662972408198e-02
4.305000000000000000e+02 1.805753459572475322e+03 -4.797272712042087761e+01 -1.221588937683804332e-01 -4.797272712042087761e+01 -1.221588937683804332e-01 1.943345175786987156e+01 7.828931923251869485e-02 7.828931923251869485e-02 4.761618084887608154e-02
4.665000000000000000e+02 2.124784397480442749e+03 -7.244672703623160714e+01 2.562207652575151928e-01 -7.244672703623160714e+01 2.562207652575151928e-01 1.325775736327647714e+01 -8.202610505345424297e-03 -8.202610505345424297e-03 3.385249751088097170e-02
5.025000000000000000e+02 2.459932260830627001e+03 -5.415319163160896920e+01 1.259006800874012399e-01 -5.415319163160896920e+01 1.259006800874012399e-01 7.978354232545289193e+00 -2.800382333159839171e-02 -2.800382333159835702e-02 1.032632687519743214e-01
5.385000000000000000e+02 2.608411563359252341e+03 -1.459996516888822526e+01 -3.140824710323507352e-02 -1.459996516888822526e+01 -3.140824710323507352e-02 7.401761238842502699e+00 -1.056920884702612293e-02 -1.056920884702612640e-02 8.579706804009197552e-02
5.745000000000000000e+02 2.409877061386615424e+03 2.135030584068320536e+01 -3.583827727747465053e-01 2.135030584068320536e+01 -3.583827727747465053e-01 1.313588594912307883e+01 -1.022594512454852965e-02 -1.022594512454852791e-02 7.283026128919457831e-02
6.105000000000000000e+02 2.166441289198562572e+03 2.378515985503117491e+01 8.135437724534242410e-01 2.378515985503117491e+01 8.135437724534242410e-01 2.326274382130259255e+01 8.547747079364172162e-02 8.547747079364170775e-02 7.379827029101913849e-02
6.465000000000000000e+02 1.871789581141671079e+03 -1.016511520624498388e+01 2.429738897008297260e-01 -1.016511520624498388e+01 2.429738897008297260e-01 3.265902858317973312e+01 -2.690694607958262624e-02 -2.690694607958264012e-02 6.696561105862772201e-02
6.825000000000000000e+02 1.834275988158903601e+03 -7.092505353261813639e+01 -9.184337184255431108e-02 -7.092505353261813639e+01 -9.184337184255431108e-02 3.792892273109595891e+01 -6.609121731996107918e-02 -6.609121731996106530e-02 1.317063956258172908e-01
7.185000000000000000e+02 1.994957179960770418e+03 -1.168737287729600780e+02 2.280833571579213015e-01 -1.168737287729600780e+02 2.280833571579213015e-01 3.434597622620049151e+01 -1.735308542385911867e-03 -1.735308542385946562e-03 5.750840758147957726e-02
7.545000000000000000e+02 2.229162797476692958e+03 -1.311524075309924910e+02 4.917405567568121083e-01 -1.311524075309924910e+02 4.917405567568121083e-01 2.689847111452888839e+01 -7.982990512591733867e-02 -7.982990512591735255e-02 7.966158410612839136e-02
7.905000000000000000e+02 2.469824597166483272e+03 -1.008931090829876212e+02 -6.129915660487148532e-01 -1.008931090829876212e+02 -6.129915660487148532e-01 1.741364869825204309e+01 3.587239215981851553e-02 3.587239215981851553e-02 7.436883104351969809e-02
8.265000000000000000e+02 2.544504961505423125e+03 -4.157338083471267964e+01 4.957910954296368966e-01 -4.157338083471267964e+01 4.957910954296368966e-01 1.253394049007135713e+01 -2.366959329972334602e-02 -2.366959329972337031e-02 1.115890253171655244e-01
8.625000000000000000e+02 2.292374355989823471e+03 1.917750731106421114e+01 -1.819200118990957071e-01 1.917750731106421114e+01 -1.819200118990957071e-01 1.514865749427744923e+01 -5.678084529214073167e-02 -5.678084529214070392e-02 9.084670036516374891e-02
8.985000000000000000e+02 1.932618249422390818e+03 5.365768708165812484e+01 4.806861764252590152e-01 5.365768708165812484e+01 4.806861764252590152e-01 2.287179155351284265e+01 -2.549070050533411985e-02 -2.549070050533411985e-02 1.291894539783779439e-01
9.345000000000000000e+02 1.500264058516796695e+03 5.129630870673108234e+01 1.098097593580134312e-01 5.129630870673108234e+01 1.098097593580134312e-01 3.460818587146373204e+01 7.494537488685093507e-02 7.494537488685097670e-02 9.047858845198457345e-02
9.705000000000000000e+02 1.195194925013609918e+03 1.660487217482365452e+01 1.525078430223357207e-01 1.660487217482365452e+01 1.525078430223357207e-01 4.129378360738061815e+01 -1.396798302706001027e-02 -1.396798302706001894e-02 1.395090687542534513e-01
1.006500000000000000e+03 1.062917302281328602e+03 -3.472787900100743741e+01 1.085478752776831146e-01 -3.472787900100743741e+01 1.085478752776831146e-01 4.219904540105166291e+01 -5.036201070811341385e-02 -5.036201070811342773e-02 9.105043869066554996e-02
1.042500000000000000e+03 1.095929243289295073e+03 -6.953060097329093026e+01 -5.165779326589509113e-01 -6.953060097329093026e+01 -5.165779326589509113e-01 3.539187640962511949e+01 -3.570829936306545160e-02 -3.570829936306544466e-02 1.362749853852817938e-01
1.078500000000000000e+03 1.171094988887398813e+03 -7.873310722965030095e+01 -5.151907600968747003e-01 -7.873310722965030095e+01 -5.151907600968747003e-01 2.543258313612579968e+01 1.468678763185761460e-02 1.468678763185761460e-02 1.146148195947107179e-01
1.114500000000000000e+03 1.228642728734946331e+03 -5.954873821176557414e+01 -1.388946878181695488e-01 -5.954873821176557414e+01 -1.388946878181695488e-01 1.705725417929122756e+01 4.864943577342437792e-02 4.864943577342435710e-02 1.273268543008125031e-01
1.150500000000000000e+03 1.214684178896735830e+03 -2.949535412286751779e+01 2.975285686496346726e-01 -2.949535412286751779e+01 2.975285686496346726e-01 1.346210520431511171e+01 -3.575662576596777553e-03 -3.575662576596777553e-03 1.028664801737430856e-01
1.186500000000000000e+03 1.129979259264498523e+03 -2.146249277261042643e+00 3.930829884798189289e-01 -2.146249277261042643e+00 3.930829884798189289e-01 1.534796170788760428e+01 8.225170933404159918e-03 8.225170933404166856e-03 1.482534964374735975e-01
1.222500000000000000e+03 9.622733203125461614e+02 5.255710512646865951e+00 -1.765084164518639087e-02 5.255710512646865951e+00 -1.765084164518639087e-02 2.161341599788691425e+01 5.832920752761348859e-02 5.832920752761348859e-02 1.701091539860571378e-01
1.258500000000000000e+03 8.297018841353877860e+02 -3.538002192267956314e+00 -2.874883391062491578e-01 -3.538002192267956314e+00 -2.874883391062491578e-01 2.744635307785877032e+01 7.255511943883212467e-02 7.255511943883208303e-02 6.443188708752931038e-02
1.294500000000000000e+03 7.359642787391570664e+02 -2.792686713743582771e+01 -4.530033731022067855e-01 -2.792686713743582771e+01 -4.530033731022067855e-01 3.032045072635512639e+01 -7.909202726344502499e-02 -7.909202726344499723e-02 1.986104465532032015e-02
1.330500000000000000e+03 7.399949619915238372e+02 -4.994464201089519406e+01 -5.097690049585858890e-02 -4.994464201089519406e+01 -5.097690049585858890e-02 2.822800994571144528e+01 -6.940526179702122267e-02 -6.940526179702127818e-02 2.124522237093707036e-02
1.366500000000000000e+03 7.664876279855552639e+02 -5.966632540752591751e+01 -1.017931572508554844e-01 -5.966632540752591751e+01 -1.017931572508554844e-01 2.329975828478223221e+01 1.907144620457350281e-02 1.907144620457347506e-02 -1.562327350570634141e-02
1.402500000000000000e+03 8.192102754135506757e+02 -5.307632411830660146e+01 5.385226600802347358e-02 -5.307632411830660146e+01 5.385226600802347358e-02 1.686929460873602693e+01 1.119262198808967240e-01 1.119262198808967657e-01 5.753919480224668759e-02
1.438500000000000000e+03 8.254826154815399377e+02 -3.420573355395187320e+01 -3.959741114524102656e-02 -3.420573355395187320e+01 -3.959741114524102656e-02 1.241804095612606673e+01 -4.030269355139890625e-02 -4.030269355139889931e-02 1.556283643626207025e-01
1.474500000000000000e+03 7.676052371342259448e+02 -1.257366716582648536e+01 -5.880552589243084327e-01 -1.257366716582648536e+01 -5.880552589243084327e-01 1.162097808281659539e+01 -1.778587983981003151e-02 -1.778587983981005233e-02 1.536791142369385577e-01
1.510500000000000000e+03 6.689087639374264427e+02 2.774978174359106209e+00 -2.036155282205516504e-01 2.774978174359106209e+00 -2.036155282205516504e-01 1.372894666363261607e+01 7.768218579704075366e-02 7.768218579704075366e-02 5.040649777252396296e-02
1.546500000000000000e+03 5.626889874087955832e+02 5.803650734726877758e+00 4.302236329325859199e-01 5.803650734726877758e+00 4.302236329325859199e-01 1.733606070987391945e+01 1.147216306348268489e-01 1.147216306348268350e-01 3.475713347154347349e-02
1.582500000000000000e+03 4.677707275323787712e+02 -1.622039942954634384e+00 1.643426908684797183e-01 -1.622039942954634384e+00 1.643426908684797183e-01 1.993938166436887016e+01 -8.255193270230824776e-02 -8.255193270230827551e-02 -2.358319137113235042e-03
1.618500000000000000e+03 4.185437135412861380e+02 -1.473199714334047528e+01 -2.914313876734036524e-01 -1.473199714334047528e+01 -2.914313876734036524e-01 2.045758300000238350e+01 9.714949022811740498e-02 9.714949022811743273e-02 8.655521209100444646e-02
1.654500000000000000e+03 4.067272313792151976e+02 -2.611344058541761726e+01 -1.819516823062838906e-02 -2.611344058541761726e+01 -1.819516823062838906e-02 1.865168926530210669e+01 -6.570896537808924853e-02 -6.570896537808923465e-02 5.995169993163905475e-02
1.690500000000000000e+03 4.026694384605527262e+02 -2.888462177242408302e+01 -2.095165155677328750e-01 -2.888462177242408302e+01 -2.095165155677328750e-01 1.475236728249904417e+01 -5.954097985453295910e-02 -5.954097985453296604e-02 1.206053209599177445e-01
1.726500000000000000e+03 4.102593891214604014e+02 -2.637368704527617425e+01 1.566645991580191133e-01 -2.637368704527617425e+01 1.566645991580191133e-01 1.118998748948365574e+01 -9.184739538570449446e-02 -9.184739538570449446e-02 5.539509077294307166e-02
1.762500000000000000e+03 4.047063688921484186e+02 -1.887884980018137782e+01 -6.034922587565465513e-01 -1.887884980018137782e+01 -6.034922587565465513e-01 8.449333832445807602e+00 9.528397857086508618e-03 9.528397857086512088e-03 1.625740316326230173e-01
1.798500000000000000e+03 3.727178947905019299e+02 -1.047432441680827253e+01 2.958711577238144486e-01 -1.047432441680827253e+01 2.958711577238144486e-01 8.032332075403415317e+00 -3.899066089038919630e-02 -3.899066089038919630e-02 8.688115151160325303e-03
1.834500000000000000e+03 3.331061000570042552e+02 -5.159427538792364487e+00 2.188897987003264878e-01 -5.159427538792364487e+00 2.188897987003264878e-01 8.740227454825570064e+00 5.314504038998603408e-02 5.314504038998601326e-02 2.192009430549000503e-03
1.870500000000000000e+03 2.931070288683333160e+02 -5.674443203917483025e+00 2.077581856099899177e-02 -5.674443203917483025e+00 2.077581856099899177e-02 1.030059582476560465e+01 -6.911362487500453955e-02 -6.911362487500453955e-02 4.080601809080676434e-02
1.906500000000000000e+03 2.642942605998856607e+02 -9.278196158317239650e+00 -5.462866879938013676e-02 -9.278196158317239650e+00 -5.462866879938013676e-02 1.110280675749393886e+01 -7.379277088690802677e-02 -7.379277088690801290e-02 3.032092852725935470e-02
1.942500000000000000e+03 2.528150614076901945e+02 -1.490707152233417787e+01 -3.507288981622179447e-02 -1.490707152233417787e+01 -3.507288981622179447e-02 1.106113706246301476e+01 -4.330592801806427972e-02 -4.330592801806427972e-02 -9.511206516780267364e-03
1.978500000000000000e+03 2.479234064787003433e+02 -1.711231544557232809e+01 -4.442412165369975796e-02 -1.711231544557232809e+01 -4.442412165369975796e-02 9.862510291251961547e+00 4.668135835137397771e-02 4.668135835137394996e-02 2.006067886028303771e-01
2.014500000000000000e+03 2.471978514217221914e+02 -1.748363138697296648e+01 -1.906005216162945659e-01 -1.748363138697296648e+01 -1.906005216162945659e-01 7.861853990916695345e+00 -3.536186150647877696e-02 -3.536186150647880472e-02 3.008959479884360660e-02
2.050500000000000000e+03 2.442053182721712403e+02 -1.429379858045949980e+01 -1.976222160881908330e-01 -1.429379858045949980e+01 -1.976222160881908330e-01 6.054327703743371814e+00 7.579864902692173834e-02 7.579864902692171058e-02 2.385622846682620701e-01
2.086500000000000000e+03 2.324655787683366839e+02 -9.283156548561031229e+00 8.385004194061777827e-02 -9.283156548561031229e+00 8.385004194061777827e-02 5.136453667447513638e+00 1.157329830568451096e-01 1.157329830568451234e-01 3.936238894664841892e-01
2.122500000000000000e+03 2.119067643450551088e+02 -5.333291967016931423e+00 -3.698925235189417515e-01 -5.333291967016931423e+00 -3.698925235189417515e-01 4.627561211274472619e+00 2.328154885413285385e-02 2.328154885413285385e-02 -1.056512820270678332e-01
2.158500000000000000e+03 1.888168129175808190e+02 -3.004098294780260581e+00 4.624194089398501184e-01 -3.004098294780260581e+00 4.624194089398501184e-01 5.149502625173037806e+00 8.677876321971512985e-03 8.677876321971512985e-03 1.918870449046142972e-03
2.207000000000000000e+03 1.602167096943811941e+02 -3.615671005621457823e+00 1.231476429573844650e-01 -3.615671005621457823e+00 1.231476429573844650e-01 6.088631708341477378e+00 -3.676586502188079059e-02 -3.676586502188079059e-02 1.520595201158755627e-01
2.268000000000000000e+03 1.399942559561823430e+02 -7.016241303245482897e+00 -4.779421542877072826e-02 -7.016241303245482897e+00 -4.779421542877072826e-02 5.723348044131036261e+00 -3.882569593974084105e-03 -3.882569593974086707e-03 1.026187610541811623e-01
2.329000000000000000e+03 1.337832255897033633e+02 -7.680791759561016896e+00 1.152702698074712789e-01 -7.680791759561016896e+00 1.152702698074712789e-01 4.329385043760402674e+00 -6.494406084641572707e-02 -6.494406084641572707e-02 3.606612962422264812e-02
2.390000000000000000e+03 1.266087066653298763e+02 -6.025248844494950795e+00 1.768578734411342668e-01 -6.025248844494950795e+00 1.768578734411342668e-01 3.143986159463396657e+00 2.078033277112987728e-02 2.078033277112988422e-02 -1.198002783562660128e-01
2.451000000000000000e+03 1.128499660172309405e+02 -3.643108329438355053e+00 1.178229936649579229e-01 -3.643108329438355053e+00 1.178229936649579229e-01 2.794612980354246545e+00 4.823657309957660958e-04 4.823657309957658790e-04 7.051167330571968261e-02
2.512000000000000000e+03 9.981923722345521810e+01 -3.118605163995949781e+00 -9.773747814419227187e-02 -3.118605163995949781e+00 -9.773747814419227187e-02 2.970474039392594356e+00 1.235157352262393760e-01 1.235157352262393482e-01 -9.973739968684516843e-02
2.573000000000000000e+03 9.062573174538165688e+01 -4.161163952724010073e+00 -5.675815532015755088e-02 -4.161163952724010073e+00 -5.675815532015755088e-02 2.892992655069319241e+00 -9.565385048302355031e-02 -9.565385048302355031e-02 5.596829758217012479e-02
2.634000000000000000e+03 8.655187464979604783e+01 -4.182221012702440177e+00 -1.411493738454447089e-01 -4.182221012702440177e+00 -1.411493738454447089e-01 2.145547268481273306e+00 -8.959519954236341843e-02 -8.959519954236341843e-02 -1.693546065845044080e-01
2.695000000000000000e+03 8.240384457564219645e+01 -3.046920326480940577e+00 5.222354774917420395e-02 -3.046920326480940577e+00 5.222354774917420395e-02 1.800448607089086828e+00 1.176159057550321685e-01 1.176159057550321824e-01 4.736775280255422355e-02
2.756000000000000000e+03 7.598580613817060225e+01 -2.069130935332079702e+00 -1.895952919542097104e-01 -2.069130935332079702e+00 -1.895952919542097104e-01 1.585899792355680349e+00 1.536216401536227155e-02 1.536216401536228543e-02 2.421926239752719423e-01
2.817000000000000000e+03 6.802014800267242833e+01 -1.579482338353024540e+00 5.835599192049850670e-02 -1.579482338353024540e+00 5.835599192049850670e-02 1.537130590405418440e+00 -1.689365662056331596e-01 -1.689365662056331596e-01 8.167028900420129911e-02
2.878000000000000000e+03 6.230634993296843760e+01 -1.586953327404951875e+00 1.390980181379639913e-01 -1.586953327404951875e+00 1.390980181379639913e-01 1.555934172978600039e+00 -1.447546135765100939e-01 -1.447546135765101494e-01 1.599229932583325076e-01
2.939000000000000000e+03 5.844207728630586018e+01 -2.193692160278938541e+00 3.535755637057190481e-02 -2.193692160278938541e+00 3.535755637057190481e-02 1.423206841023105573e+00 -3.955750182360625450e-02 -3.955750182360620593e-02 -1.577170546865946325e-03
3.000000000000000000e+03 5.660513652093609238e+01 -1.777077344135238102e+00 -2.332637448256010548e-01 -1.777077344135238102e+00 -2.332637448256010548e-01 7.548598251383629165e-01 5.706700235384775527e-02 5.706700235384775527e-02 2.540555912648571613e-01
3.061000000000000000e+03 5.441546071356079040e+01 -1.072736631194027401e+00 7.703488709382214084e-05 -1.072736631194027401e+00 7.703488709382214084e-05 6.396318982382245277e-01 2.704251304117046839e-01 2.704251304117046284e-01 -1.144788159676374539e-01
3.122000000000000000e+03 5.257030053878041542e+01 -9.627783082179444119e-01 1.610086217242268081e-01 -9.627783082179444119e-01 1.610086217242268081e-01 2.253789196229199210e-01 1.949800568865443784e-01 1.949800568865444339e-01 -2.158119742223615078e-01
3.183000000000000000e+03 5.028304950367074611e+01 -8.037117057733051961e-01 -1.997999851620053599e-02 -8.037117057733051961e-01 -1.997999851620053599e-02 5.973544453603621962e-01 -7.950232969815118622e-02 -7.950232969815121398e-02 -1.022990688302770346e-01
3.244000000000000000e+03 4.907097816429153880e+01 -9.046702770424569495e-01 -1.234659413081318213e-04 -9.046702770424569495e-01 -1.234659413081318213e-04 6.904601580084405166e-01 2.662802043346095826e-01 2.662802043346095826e-01 -3.763678379774273997e-02
3.305000000000000000e+03 4.830115193767082360e+01 -9.794341915469536586e-01 -6.107446473199258374e-01 -9.794341915469536586e-01 -6.107446473199258374e-01 3.787508457557782204e-01 3.012786033196757779e-02 3.012786033196761248e-02 2.260152953352828065e-01
3.366000000000000000e+03 4.708371397123035962e+01 -6.590091958173650566e-01 -7.198993662608164923e-02 -6.590091958173650566e-01 -7.198993662608164923e-02 5.077793801886603120e-01 3.323894260943872081e-01 3.323894260943873746e-01 -1.011361653120909365e-01
3.447000000000000000e+03 4.650818187799096393e+01 -2.551244754148728200e-01 -2.403879810948936213e-01 -2.551244754148728200e-01 -2.403879810948936213e-01 2.829815251664255515e-01 -3.704487115036808609e-01 -3.704487115036808609e-01 -6.316162999474590756e-02
3.548000000000000000e+03 4.501055743632637984e+01 -4.602188953330660359e-01 2.550812585022008139e-02 -4.602188953330660359e-01 2.550812585022008139e-02 6.179105577689599782e-01 1.611176283937255649e-01 1.611176283937255094e-01 2.338574981182672263e-01
3.649000000000000000e+03 4.524432274865182535e+01 -2.125283793297884360e-01 2.595161643377801725e-02 -2.125283793297884360e-01 2.595161643377801725e-02 1.604636761375267673e-01 -9.954122154466858718e-02 -9.954122154466857331e-02 4.912726409126202953e-02
3.750000000000000000e+03 4.571617874500054057e+01 -1.270735898488288551e-01 -2.505882709830112298e-01 -1.270735898488288551e-01 -2.505882709830112298e-01 2.239953708903585083e-01 -6.494881479069319896e-03 -6.494881479069319896e-03 3.076993755128431055e-02
3.851000000000000000e+03 4.643563618382270874e+01 -4.015743481587268349e-01 -8.823298532980283770e-02 -4.015743481587268349e-01 -8.823298532980283770e-02 -3.329528589299009245e-02 -4.202622674897447119e-01 -4.202622674897447119e-01 -5.086306945372501831e-01
3.952000000000000000e+03 4.624485399433687149e+01 -2.536733943054430562e-01 -1.304519593240757447e-01 -2.536733943054430562e-01 -1.304519593240757447e-01 2.734581783022634882e-01 6.502238838633847551e-02 6.502238838633846163e-02 -2.031922145994467799e-01
4.053000000000000000e+03 4.762946807982217479e+01 -1.123028008878564632e-01 -3.068495666886638662e-01 -1.123028008878564632e-01 -3.068495666886638662e-01 8.732448044992134895e-01 1.259456103809352967e-01 1.259456103809352967e-01 9.183002162843185989e-02
4.154000000000000000e+03 4.878544178876783377e+01 1.466276886865447437e-01 8.223251235458639563e-02 1.466276886865447437e-01 8.223251235458639563e-02 3.459334846550295439e-01 -6.944656079859723441e-03 -6.944656079859792830e-03 -4.207637350975312329e-01
4.255000000000000000e+03 5.032322280668930148e+01 -9.746655987403150811e-02 -2.785383227626390124e-01 -9.746655987403150811e-02 -2.785383227626390124e-01 -9.961577528238309276e-02 -4.429898797707401692e-02 -4.429898797707408631e-02 -1.588567362529181570e-01
4.356000000000000000e+03 5.180263620147311343e+01 -9.156998157787088477e-02 -4.236384639436887589e-01 -9.156998157787088477e-02 -4.236384639436887589e-01 2.941641633124399413e-01 -2.202039561858062933e-01 -2.202039561858062933e-01 -1.232411490859672609e+00
4.457000000000000000e+03 5.288542632535515509e+01 6.813990187241374119e-02 2.496479486227836664e-01 6.813990187241374119e-02 2.496479486227836664e-01 -4.691157839858478007e-01 1.945308028893222851e-01 1.945308028893223407e-01 2.742701771919366927e-01
4.558000000000000000e+03 5.437616089650089890e+01 1.548127025305843507e-01 2.840130513160089576e-01 1.548127025305843507e-01 2.840130513160089576e-01 -6.752708340912475515e-01 -7.862000839809435426e-01 -7.862000839809436536e-01 -2.847809631313437118e-01
4.659000000000000000e+03 5.641704192319445355e+01 -2.208899732154009365e-01 -3.803004032977030935e-02 -2.208899732154009365e-01 -3.803004032977030935e-02 6.722188062797472830e-01 -8.146998029160340549e-01 -8.146998029160339438e-01 7.556954826967593464e-01
4.760000000000000000e+03 5.735139048441599385e+01 2.834560322561149315e-01 3.849997926950939897e-01 2.834560322561149315e-01 3.849997926950939897e-01 2.586088177077491279e-01 -3.139209338669679550e-03 -3.139209338670012617e-03 -1.125557119863534794e+00
4.861000000000000000e+03 5.975608171755999365e+01 -8.636809833812394976e-02 -2.106958187049080555e-01 -8.636809833812394976e-02 -2.106958187049080555e-01 -5.904394494305785779e-01 -3.363949639736533159e-01 -3.363949639736535935e-01 5.534828676597652874e-01
4.962000000000000000e+03 6.177082655866081495e+01 -1.581133292234733201e-01 1.399456582047769349e+00 -1.581133292234733201e-01 1.399456582047769349e+00 -1.182258416734015549e+00 -1.095472744395899756e-01 -1.095472744395899756e-01 -6.293910046764572552e-01
5.063000000000000000e+03 6.259441715359787395e+01 -2.875695813954778357e-01 3.282301022025764237e-01 -2.875695813954778357e-01 3.282301022025764237e-01 -4.986088570715931367e-01 -9.578527724419819700e-01 -9.578527724419819700e-01 1.655748760775824335e+00
5.164000000000000000e+03 6.547445643135104376e+01 -4.957269728416958121e-01 -2.002219824612200272e-02 -4.957269728416958121e-01 -2.002219824612200272e-02 4.568903578305830160e-01 -6.566104984500409358e-02 -6.566104984500420461e-02 -1.357550194229691920e+00
5.265000000000000000e+03 6.715555301975946634e+01 1.791509259652970254e-01 2.683394981696095027e-01 1.791509259652970254e-01 2.683394981696095027e-01 8.298105565251477911e-01 -4.927396999584682247e-01 -4.927396999584682247e-01 -3.730595118229197427e-01
5.366000000000000000e+03 7.028570321550135702e+01 -9.577642744879220071e-01 7.624503247724011556e-01 -9.577642744879220071e-01 7.624503247724011556e-01 6.076500266806775796e-01 -1.185716122630222857e+00 -1.185716122630223301e+00 2.286903169546415704e+00
5.467000000000000000e+03 7.123729996542692788e+01 1.116509721169799629e+00 9.892222311730232143e-01 1.116509721169799629e+00 9.892222311730232143e-01 -1.611885677231630343e+00 1.478278809043791275e+00 1.478278809043790165e+00 2.138756628225186585e-01
5.568000000000000000e+03 7.412650244788488862e+01 -6.328927305037783668e-01 -9.759180398759419450e-01 -6.328927305037783668e-01 -9.759180398759419450e-01 -7.386538080369952075e-01 -2.041215095319434347e+00 -2.041215095319435235e+00 -8.125624000095817978e-01
5.669000000000000000e+03 7.638896680660884897e+01 -8.202368930409712489e-01 -2.762069311786023995e-01 -8.202368930409712489e-01 -2.762069311786023995e-01 -2.137283199359363284e+00 1.112504374811141394e+00 1.112504374811141616e+00 2.104592011511148719e+00
5.770000000000000000e+03 7.913099026995033114e+01 -4.357080013104097649e-01 -6.405947123028394863e-01 -4.357080013104097649e-01 -6.405947123028394863e-01 -2.302993288533527749e-01 8.089378976304808511e-01 8.089378976304808511e-01 1.589960183182080877e+00
5.871000000000000000e+03 8.245703650140991670e+01 1.291684297290794037e+00 9.184577313669517462e-02 1.291684297290794037e+00 9.184577313669517462e-02 6.712791303879127591e-01 -4.509078457013101504e-01 -4.509078457013107055e-01 2.020410290886587856e-01
