# l Dl_TT Dl_TE Dl_TB Dl_ET Dl_BT Dl_EE Dl_EB Dl_BE Dl_BB
7.050000000000000000e+01 1.758937124805333724e+03 -7.748473110488806270e+00 7.321053452942694051e-01 -4.281020016467603995e+00 -3.380035615508875324e+00 3.875570502908005088e-01 -9.868774886846124611e-03 -7.170846032652012855e-03 9.567818870670669745e-03
1.065000000000000000e+02 2.826395193090002067e+03 -2.929894369274175858e+01 2.375737882350722696e+00 -2.091758570041784182e+01 2.271400725713506930e+00 8.331142979039991570e-01 -2.784043331888627973e-02 -1.614198897254032899e-02 -9.347798493194881680e-04
1.425000000000000000e+02 4.034661939819650343e+03 -4.185831508237043863e+01 6.727564221758757235e-01 -4.429174805611030763e+01 4.293902109325147265e+00 1.108828661925052028e+00 -4.382953386011401165e-02 3.466975919261314210e-02 2.978207507326866010e-02
1.785000000000000000e+02 5.217697611487883478e+03 -3.376912903982965020e+01 2.750941463715578461e+00 -3.822668064565409907e+01 -7.314621536846821481e-01 8.170819791208323579e-01 3.797695594481115960e-02 -8.975108152739264683e-03 -1.370053142995068286e-02
2.145000000000000000e+02 5.791876416040822733e+03 3.960814373488187545e+00 6.399759809024851975e-02 4.922408646742146843e+00 2.350466652729936268e+00 7.952305520040550135e-01 5.913623165178967522e-02 3.547669880039631962e-02 3.948559443165336816e-03
2.505000000000000000e+02 5.400802761238861422e+03 6.483756936307858609e+01 3.192355124720913651e-01 6.222306161805927616e+01 5.899419209642577933e-01 2.428467887789843793e+00 -8.177132311343478233e-02 5.599366040462074035e-02 1.233883451727649933e-02
2.865000000000000000e+02 4.508106896936908015e+03 1.111633156694771003e+02 2.051922044419420832e+00 1.110122747987056897e+02 -4.688085532267608491e-01 7.080328165754650627e+00 -8.527123989461784376e-03 2.732434437276788294e-03 2.927016319953967133e-02
3.225000000000000000e+02 3.314820900403198721e+03 1.217796566620770307e+02 -3.111853619264212778e+00 1.238707814061412193e+02 -7.261809137482644338e-01 1.357808869802721929e+01 -8.119139963310706420e-02 6.553403279555990169e-02 6.791179908364357309e-02
3.585000000000000000e+02 2.361219253945375385e+03 7.601348891072174752e+01 -3.176815782403160426e+00 7.916122192713581285e+01 2.937240968303861388e-02 1.917795922789541407e+01 -5.608143227746383019e-02 2.897369995504707127e-02 3.241737085977093591e-02
3.945000000000000000e+02 1.788945843597983639e+03 1.197400018448245440e+01 -3.210268859653093165e-01 1.311759280209440526e+01 -8.380167458166164485e-01 2.118353624248716471e+01 -1.152142412629286045e-01 2.854526084519027826e-02 1.288116436163544709e-01
4.305000000000000000e+02 1.814385512322228806e+03 -5.118689006351517889e+01 1.128724056463582759e+00 -5.123722618005796647e+01 8.286014454730662449e-01 1.930761432439950909e+01 7.382675934636448445e-02 -1.928472121653512089e-02 2.260756033678770066e-02
4.665000000000000000e+02 2.102661631752540416e+03 -7.437297241142923099e+01 -6.193304430063846233e-01 -7.289741350406421816e+01 -6.590399084140463604e-01 1.346178436365742215e+01 1.617147490854182329e-02 2.400071957515403920e-02 9.486381960226422660e-02
5.025000000000000000e+02 2.497637856192555773e+03 -5.637714994724792206e+01 6.663053936466787341e-01 -5.775307769449540274e+01 1.104826703619943729e+00 8.042269098545620665e+00 -1.067198889160605874e-01 6.504151576642648244e-03 -2.072725058822693506e-02
5.385000000000000000e+02 2.566165908113730438e+03 -1.370699578562757281e+01 1.076089527342337870e+00 -1.253251532298573068e+01 1.011498703140937039e+00 7.250700700261988985e+00 1.053661703445183014e-02 6.065839734379459280e-02 1.034310006678541838e-01
5.745000000000000000e+02 2.492900313296240711e+03 2.222061749009024822e+01 2.071489000669763048e+00 2.380714839619438550e+01 -3.110452077105901880e-01 1.324696992290352959e+01 4.879442409722628549e-03 9.068290046692736861e-02 3.087508800750574794e-02
6.105000000000000000e+02 2.164418367201923502e+03 2.502173482844534291e+01 -6.238756307350155073e-01 2.629019827634509454e+01 -1.185032913031692781e+00 2.262376057808735297e+01 4.615879170860297254e-02 6.897710689786787364e-02 4.894336821856838660e-02
6.465000000000000000e+02 1.870204329782493687e+03 -1.694361838955848043e+01 -1.234935995038491052e+00 -1.270501832522359287e+01 -4.102685145173924353e-01 3.250156762884330419e+01 1.295565733627060956e-01 9.527914613543536637e-02 3.186454056490801989e-02
6.825000000000000000e+02 1.819092880710450117e+03 -6.722266313439051544e+01 -2.177802501441868710e+00 -6.746064612900448765e+01 1.112918626249528031e-01 3.789564277523699332e+01 1.978607070052351702e-02 -2.473579076316549663e-02 -1.033169316032123489e-02
7.185000000000000000e+02 2.008789444410578199e+03 -1.181313154338684512e+02 -5.271643168814738045e-02 -1.193276672277645787e+02 -5.408421420806418523e-01 3.550077862941071771e+01 -1.412299063638071950e-01 4.875418388492112204e-02 2.057620025400934416e-01
7.545000000000000000e+02 2.256841646233392567e+03 -1.320535820490415517e+02 2.429122225269443325e-01 -1.275746173592185073e+02 -7.465770030633725463e-02 2.694532963937079018e+01 2.023291623286452845e-01 4.166153709104081226e-02 4.223271799996047154e-02
7.905000000000000000e+02 2.494045060121748065e+03 -1.046211531747112105e+02 -3.145104253805615091e-01 -1.029933879181702707e+02 -6.770638255715744069e-01 1.766401519916651708e+01 2.718712815340930122e-01 7.039682683035571042e-02 9.154988620140253053e-02
8.265000000000000000e+02 2.503574206724984833e+03 -4.076489533738171644e+01 -2.172374390835252189e-01 -4.239752088282536135e+01 3.538733188183213474e-01 1.268443580980273389e+01 2.207037646091821181e-01 3.845873169127608099e-02 6.607800866023683106e-02
8.625000000000000000e+02 2.346823903450817852e+03 1.645744814740763218e+01 -2.548940578827299852e+00 1.608579163621645591e+01 5.961033721442078326e-01 1.502628397460663479e+01 3.570426795118462893e-02 1.338932277796497372e-01 7.581009043274880566e-02
8.985000000000000000e+02 1.907411221311554300e+03 5.509113700166835770e+01 1.498558868067859373e-01 5.542971971408643128e+01 1.459962200647823005e-01 2.361801778314480771e+01 -1.339331495118636361e-01 -1.249406922609974657e-01 1.613567517769267101e-01
9.345000000000000000e+02 1.521860705876016254e+03 5.147166814109272792e+01 1.453812325189522747e+00 5.200115794330739760e+01 4.712742392818194404e-01 3.422452147293459745e+01 -1.478421336476676284e-01 4.404425225023161916e-02 4.624235679710527597e-02
9.705000000000000000e+02 1.220394856688156324e+03 1.554401944753584175e+01 1.868347895472595388e+00 1.735726948911999301e+01 -3.588953746089529884e-01 4.200472544362928318e+01 4.234506436529737738e-02 -3.057747801759190809e-01 1.421476932790974590e-01
1.006500000000000000e+03 1.054996282232425983e+03 -3.056742782662405489e+01 -2.471285619974646686e+00 -3.198321676091008925e+01 -3.024179719930608634e-01 4.066550915858657334e+01 3.224208371168896248e-01 2.857290779621435295e-02 5.538857888161809184e-02
1.042500000000000000e+03 1.081697736612491553e+03 -6.553748472836633709e+01 1.427969347028969160e+00 -6.883282229953726983e+01 3.260799816815328211e-02 3.469365515249653242e+01 8.000107052592080048e-02 -5.816283760189523699e-02 1.440844192649125555e-01
1.078500000000000000e+03 1.170379944135446749e+03 -7.700528495919141392e+01 1.099582430788967891e+00 -7.871813085545419142e+01 3.844040446686108892e-01 2.519538495832582470e+01 -1.918280549852490191e-01 4.950926953196696512e-03 1.298226903293425716e-01
1.114500000000000000e+03 1.254399437775049137e+03 -6.147765766461058945e+01 7.134534679043921801e-02 -5.880107425141997624e+01 1.261952581618787317e+00 1.683581481748264963e+01 1.761906750172494152e-02 -8.777135726136130189e-02 3.889701995825706193e-02
1.150500000000000000e+03 1.218565219906437051e+03 -2.698829787536006464e+01 -8.396472722596348692e-02 -2.745796948185325448e+01 4.085591242918182875e-01 1.309927051846787194e+01 4.623391679286578682e-02 1.766255985922822735e-01 -4.021104378309971888e-02
1.186500000000000000e+03 1.117321664982079483e+03 -3.738699086092745816e+00 5.353103120637957568e-01 -3.488347211104436241e+00 -4.049262107180756631e-01 1.529878796905517291e+01 -1.104070340953249157e-01 8.391631750163763837e-02 2.032114540511298917e-01
1.222500000000000000e+03 9.754226890845718572e+02 6.057704380072378214e+00 2.698248218538940035e-01 6.101083323167613592e+00 4.356537946468880262e-02 2.174130473407487685e+01 -2.448434765841570881e-01 2.830607186404245912e-01 2.114129871391065910e-02
1.258500000000000000e+03 8.374900720858390741e+02 -4.196905395489684665e+00 9.395604218996106427e-01 -4.727954561492857977e+00 1.070205079437097861e+00 2.717843277899093479e+01 1.404221904772183782e-01 -1.546242207096191201e-01 -4.253240681713255783e-02
1.294500000000000000e+03 7.433765935624587655e+02 -2.700602953630688319e+01 1.230790875537110640e+00 -2.834037177948432173e+01 -3.466742736991207940e-01 3.031649467708698253e+01 1.484296314190423904e-01 -1.346109709018738776e-01 2.212441273767226310e-02
1.330500000000000000e+03 7.471193752847887026e+02 -5.234104904302589034e+01 -1.953483040342512411e-01 -5.122432232507038208e+01 7.923249493314032943e-01 2.962041400929466306e+01 9.200369506656456975e-02 -7.290599569196658247e-02 2.161320094764769273e-01
1.366500000000000000e+03 7.884373661944409832e+02 -5.973363010264429818e+01 3.120204260856219713e-01 -6.088880734472864731e+01 -6.795987006604786718e-01 2.316653394464423599e+01 -8.447719871464029473e-02 1.767604020167364565e-01 3.156755826982339252e-01
1.402500000000000000e+03 8.206589676190251339e+02 -5.392469155332102559e+01 6.036757536387569179e-01 -5.319988391129401606e+01 3.604036580672406731e-01 1.727515770191807221e+01 -3.419242723927257144e-02 -1.771729760668772913e-01 1.396045742393740297e-01
1.438500000000000000e+03 8.354353212440266816e+02 -3.509458329541372734e+01 8.613120201582561419e-01 -3.506030166691942895e+01 1.080357683064008700e+00 1.258016381014643414e+01 -2.681585003503159093e-01 4.614144141561548479e-02 -7.944637472149745916e-02
1.474500000000000000e+03 7.714266848203451445e+02 -1.347449036761431529e+01 5.113697177216817158e-01 -1.328564748020833264e+01 1.234567351435479132e+00 1.169436707368319084e+01 -3.851676149579220942e-02 -2.903814899861021509e-02 2.458185123977956743e-01
1.510500000000000000e+03 6.760106817820114884e+02 2.222952762798940274e+00 1.843209968527763198e+00 1.565547625247429853e+00 3.901244702796895503e-01 1.349052771522647376e+01 4.128928043717660645e-01 -2.312218514421270910e-01 1.423447195752547967e-01
1.546500000000000000e+03 5.624872565195861398e+02 5.411154718815605946e+00 -3.150313933606047057e-01 6.107238139350423367e+00 2.251747091357341191e-01 1.743981196041616144e+01 2.373388617938244072e-01 -6.312045656988192477e-02 1.342575874524418178e-02
1.582500000000000000e+03 4.735758522739243972e+02 -2.893504775346407598e+00 -5.378692620456093643e-03 -3.027334018102120439e+00 -6.554357142200264996e-02 2.003557011146856581e+01 -1.301262854479436903e-01 1.329652081140043629e-01 -2.566980870951426907e-02
1.618500000000000000e+03 4.229899372567732598e+02 -1.375873562511750947e+01 -1.189314307965311235e-01 -1.424965932917610267e+01 4.186710503890612722e-01 1.987426474649605268e+01 6.812734073564385984e-02 2.180790746425670390e-01 1.210727217895930380e-01
1.654500000000000000e+03 4.050970834104178380e+02 -2.440129025833936893e+01 -4.443431888836334442e-01 -2.559610131559812984e+01 2.430271820674407557e-01 1.834623183007267500e+01 2.518982320939494590e-01 2.949355843278572697e-02 8.956421107997786235e-02
1.690500000000000000e+03 4.149090027059165777e+02 -2.997057903420977709e+01 6.496438994761738472e-01 -2.899605818740572261e+01 -5.836765551106695149e-01 1.461490023020169815e+01 -1.551573198389266661e-01 -2.519005808781546452e-03 3.128201795228593290e-02
1.726500000000000000e+03 4.135581736889115518e+02 -2.631663955005767974e+01 -1.259549153451106518e+00 -2.575323502232762962e+01 -1.394301357804786368e-02 1.129472530949155740e+01 3.904305087988504397e-01 -5.775034543275395227e-03 2.056043387224201491e-01
1.762500000000000000e+03 4.117240547847795256e+02 -1.859367143159310487e+01 5.930457138885218971e-01 -1.823418800909839277e+01 -2.427968325912789882e-01 8.669358746879284539e+00 -1.413451631957376164e-01 1.393532875725939091e-01 -1.666672350945324899e-01
1.798500000000000000e+03 3.737831307916707146e+02 -9.332034160344006679e+00 -2.371421154097768658e-01 -8.917393043009651521e+00 -4.827128005464810523e-02 7.406980181101191718e+00 -4.119970737198236366e-01 5.082985398491520618e-02 1.929159438447781705e-01
1.834500000000000000e+03 3.399712623155343181e+02 -6.657213313121479459e+00 -8.706017719480442230e-01 -5.849689882879594016e+00 1.137595035050651848e+00 8.677746675834701051e+00 3.148685518718089688e-02 1.433128587135212850e-02 4.428401614034502276e-02
1.870500000000000000e+03 3.017906672667691055e+02 -5.996378328886802223e+00 3.254735928488501906e-01 -5.423085127317849974e+00 -6.449469667398824990e-01 1.017948842159057321e+01 -1.452886020799842026e-01 5.427667666401730234e-02 1.307667158248742856e-01
1.906500000000000000e+03 2.734681360484821653e+02 -1.092109808698500473e+01 -3.018635265988443006e-01 -9.197281137285138186e+00 5.963503684105918579e-01 1.155509985660224714e+01 -1.725506611948529057e-01 5.305651487277833755e-01 2.698290981825886281e-02
1.942500000000000000e+03 2.575240665932230399e+02 -1.443072583855594715e+01 5.217022848386863032e-01 -1.493120784601835993e+01 5.910374720724235198e-01 1.133547217011752828e+01 6.677160297329742811e-02 4.720970695231550829e-03 2.442689972181019686e-01
1.978500000000000000e+03 2.553818071283582753e+02 -1.944741533783987109e+01 4.277975866858332310e-01 -1.761496049870672209e+01 -2.273783836116916590e-01 9.822194417663260069e+00 2.447654556127074332e-01 -5.404340131373368272e-02 -1.409756653632137091e-01
2.014500000000000000e+03 2.532939635590630587e+02 -1.634432893589396940e+01 -1.141263565702737848e-01 -1.717439864466778943e+01 5.229372598421564433e-01 7.542401793195264048e+00 6.361044913595401140e-02 7.688102999468313103e-02 1.289555149807882495e-01
2.050500000000000000e+03 2.509343735896984526e+02 -1.484318037263433254e+01 3.179429979969398690e-01 -1.420803138821452194e+01 -1.046635040382663806e-01 5.872782880635361025e+00 -2.919604961154065315e-02 -1.666725544186743735e-01 7.517329680018214333e-02
2.086500000000000000e+03 2.374035997982678623e+02 -8.439595974954775315e+00 6.587236059137135946e-01 -9.266713154311634781e+00 -3.101205333586670165e-01 5.482320673849520709e+00 -3.487593454528730708e-01 -2.279583601115579006e-01 -4.666816850040431813e-02
2.122500000000000000e+03 2.195269575345166686e+02 -4.470566220472806940e+00 5.355249836460113100e-01 -5.081512608475406978e+00 -3.420467190382180389e-01 4.733350834578086364e+00 3.510198596202379617e-02 1.807189267864372506e-01 1.520842750707735447e-01
2.158500000000000000e+03 1.992677207551052447e+02 -2.117037776037668184e+00 -9.238188074276281192e-01 -2.613806477341897860e+00 -1.569881811579825204e-01 5.297775020783390687e+00 5.554379899723201064e-02 -5.020604847577296859e-01 1.851066564002384895e-01
2.207000000000000000e+03 1.665511464737018059e+02 -3.803538049377903185e+00 5.068089933125730084e-01 -3.873849333888006008e+00 3.487014564038309200e-02 5.933587810960432307e+00 1.351040037981252606e-01 -3.185660587241021524e-01 -1.259118445669312955e-02
2.268000000000000000e+03 1.479714792909073822e+02 -6.509292956458875956e+00 -7.948496075015144546e-01 -6.593414621591305647e+00 3.999888371741306958e-01 5.787163117391999734e+00 7.098223558444229087e-02 3.213248305952140504e-02 8.033683785864427496e-02
2.329000000000000000e+03 1.421320373467015088e+02 -8.882256285480423230e+00 -6.427618948247797448e-01 -7.218206947168412491e+00 -1.269950963796708798e-01 4.955570225850529198e+00 4.842062405904980216e-02 -6.771539515391156172e-02 1.181842144493182173e-01
2.390000000000000000e+03 1.335803154785307356e+02 -5.857493906915557602e+00 -8.279893644531879926e-02 -5.823225370152819380e+00 4.948569290582818803e-02 2.672937232756286363e+00 -2.427106274958156784e-01 1.681535319549943286e-01 -3.157703416997747481e-01
2.451000000000000000e+03 1.232908766855300655e+02 -3.860079824279757155e+00 3.092605863241655317e-01 -3.956666501319884510e+00 -5.290853619647736816e-02 2.673440271184318817e+00 -4.687759430427623775e-03 -6.736424581068631290e-02 9.017387250660074960e-02
2.512000000000000000e+03 1.081819694120748068e+02 -2.993875946508859798e+00 -1.516136986856129742e-01 -3.197416165349064698e+00 -3.835373100115324618e-02 3.272082136174854661e+00 -2.840243377338443065e-02 -1.222163106576731606e-01 3.790803441233722704e-02
2.573000000000000000e+03 1.000123063814219506e+02 -3.705561244707435531e+00 -5.375069589463489228e-01 -3.643362272460068052e+00 1.898432774233938802e-01 2.400936548321927155e+00 -7.482866477604580013e-02 -4.980723285137957090e-02 4.513539294649920874e-02
2.634000000000000000e+03 9.647759701173538360e+01 -4.315037938762501746e+00 -2.981910847731494840e-02 -4.660387177695715977e+00 1.460188266528361922e-01 2.507846123304104502e+00 -2.853812832739147654e-01 6.952600408250761421e-02 -4.052382307328439293e-01
2.695000000000000000e+03 9.267053833278447428e+01 -3.309725404259001635e+00 1.890406817675860385e-02 -3.194088480920182604e+00 -1.698308619094910377e-01 2.062773358734630857e+00 6.106961792104290132e-02 1.153834831287011142e-01 -1.822721029051090347e-01
2.756000000000000000e+03 8.562618317987717376e+01 -1.915697663207291512e+00 2.800712061172176970e-01 -1.523869761196635864e+00 4.675072932084036736e-01 2.098556316238568975e+00 8.887887340238262435e-02 -1.299161680139036545e-01 2.350084622937826384e-01
2.817000000000000000e+03 7.935538936540361021e+01 -1.473974285543853568e+00 -4.030640970602152873e-01 -1.550602904911178026e+00 -4.130691348109596372e-01 1.639008134075247813e+00 1.466998296493744469e-01 -2.000325170581115364e-01 -2.756523782806383216e-01
2.878000000000000000e+03 7.343730026357221163e+01 -2.057596491110123438e+00 -3.793220232606864251e-02 -1.676180537315598462e+00 -6.135096153139669717e-01 1.314146806607308759e+00 2.811392901602232097e-01 -2.166695042196424004e-01 -1.033393823339423256e-01
2.939000000000000000e+03 7.054405822458093667e+01 -1.919204802209447891e+00 1.907401390113259709e-01 -1.546146039438186293e+00 -2.804096703132101798e-01 1.033191749333273624e+00 2.951130492082429946e-01 -8.244190356940112041e-02 -1.858217876358760068e-01
3.000000000000000000e+03 6.992369207941413833e+01 -1.967995400156875574e+00 -5.955455518079071087e-03 -2.018987173536779256e+00 -4.142977947277460826e-01 1.570468384095867975e+00 -1.165680582077973683e-02 3.281660889063537923e-01 -1.721669675490758444e-01
3.061000000000000000e+03 6.746207102549803380e+01 -9.538492452190132642e-01 9.453134619213576784e-02 -9.041226595854502390e-01 -1.829302054268567290e-01 6.644708018307435848e-01 -1.628972108644483052e-01 -1.471711578518193619e-01 1.577968530834744643e-01
3.122000000000000000e+03 6.510120723687793998e+01 -8.512516494154622748e-01 -3.603609417585380836e-02 -1.737372516170048620e+00 1.528965830755444621e-01 9.712012835454915116e-01 -4.997653455771234321e-01 2.515775736731290513e-02 -4.073249376737337335e-01
3.183000000000000000e+03 6.416998450544238608e+01 -1.518731011200321612e+00 2.520304223341237049e-01 -3.177371515397244273e-01 7.781766064653281578e-01 7.666694706757938294e-01 -3.560526913263232784e-01 -4.460615575349445860e-01 1.264430128745461790e-01
3.244000000000000000e+03 6.323621555606579392e+01 -1.490220777045940803e+00 -5.700757506432467814e-01 -6.932924387891253870e-01 9.930996910220389884e-01 4.774024474981862776e-01 -4.302814417498407873e-01 1.110028603653587520e-01 4.183802305660551113e-01
3.305000000000000000e+03 6.243420123113716613e+01 -4.977613705424225876e-01 3.494250117439329228e-02 -8.531456307846833065e-01 -6.175680906600005127e-01 3.952709127034903513e-01 -2.503368959710369213e-01 2.626491131692922920e-01 -4.337435212751769020e-01
3.366000000000000000e+03 6.282738226263317927e+01 -9.955282713884112678e-01 -5.592454441696176337e-01 -3.844562988232964607e-01 2.716365919947366647e-01 3.746295912829567532e-01 1.633796003792931939e-01 -6.590041410792946142e-01 1.379033281054130589e-01
3.447000000000000000e+03 6.227686216325356838e+01 -9.827684076214553421e-01 -1.656577474909829428e-01 -4.843075324252301694e-01 -6.084716539671598534e-01 2.871267787963680540e-01 -2.061756358959709323e-01 5.053517036964488146e-02 4.396078169833546045e-01
3.548000000000000000e+03 6.236655143017948433e+01 -3.417495087923594355e-01 3.872681841384724710e-01 -8.763642733544654284e-01 6.002141190757791511e-01 1.977124646832076893e-01 5.875115864329744086e-02 2.123578981270219934e-01 8.443395332602388059e-02
3.649000000000000000e+03 6.332747395691865222e+01 -5.865929957482267643e-01 -1.380575402322216927e-01 8.323480749250380950e-02 -3.724342301255408327e-01 3.671540296840821171e-01 -6.094931316762173257e-01 -4.615982718385797101e-02 3.458765171312466746e-03
3.750000000000000000e+03 6.489054728193622168e+01 -1.555233264353943212e-01 3.687092794888108260e-01 -5.461715610141333332e-01 -3.247040921910507860e-01 3.369949514358465126e-01 7.397080205245725182e-01 -8.662321660425181813e-02 2.660645825343362914e-01
3.851000000000000000e+03 6.534557837409684566e+01 3.054209206268889143e-01 -3.689407456764053073e-02 -1.965850764156305275e-01 2.068256368253991173e-01 -3.645744500598062099e-01 7.664320247883993353e-01 6.014843707638122261e-01 -1.290246400246614911e-01
3.952000000000000000e+03 6.778822570784458890e+01 -9.635124542801423719e-03 2.356968599834777245e-01 -1.448063530993478065e-01 -1.031691090235465069e-01 6.655206001282344408e-01 -4.627948665006634821e-01 3.560359801804325319e-01 7.744742739444966384e-01
4.053000000000000000e+03 6.964244029709246320e+01 -2.453569925677633601e-01 -9.509820717481509700e-02 4.609922994929159246e-01 1.941777596728239130e-01 -2.203047013060983605e-01 -8.904581898843202392e-01 -4.829019810382590427e-01 -5.088902233518514118e-01
4.154000000000000000e+03 7.140617914266132971e+01 7.072609224156731211e-02 3.838168632645284073e-01 -4.420988081487669530e-01 7.946873437024063458e-01 -3.120531510370389006e-02 2.232483984207154770e-01 -2.778379325625325302e-01 -7.468643299427506488e-01
4.255000000000000000e+03 7.436265001613647030e+01 -1.297049330254639865e-01 -1.908189767012463678e-01 9.924679324706470185e-02 1.663904525787722744e-01 2.158665371473565686e-01 -1.083032794286483025e+00 -4.936475201322530482e-01 -6.554755469782068411e-02
4.356000000000000000e+03 7.583010601234137482e+01 1.717561838073884128e-01 -1.172235107856062497e-01 -4.395758300332760493e-01 6.736384079031337846e-01 -2.142343766233397173e-01 2.274852491685366018e-01 6.136360267497271703e-01 -6.232490333105188407e-01
4.457000000000000000e+03 7.874459640119513892e+01 8.192536493157848154e-02 -7.730542705702224682e-01 4.835155212419293691e-01 -3.188326989754976526e-01 2.221941465765365220e-01 6.226372654680933927e-01 5.997971246039678073e-02 -1.284452867658943120e-02
4.558000000000000000e+03 8.068405146511508974e+01 4.024437727065027226e-01 -2.067049372103699212e-01 -7.309993362339731737e-01 7.472730069340033365e-02 -9.446355459424787826e-02 -5.604859199567782113e-01 -4.980640360750610007e-01 -4.668126449071094419e-02
4.659000000000000000e+03 8.361332004880807744e+01 4.216947268527588277e-01 2.147219353387532781e-01 1.082921855814682921e+00 6.766249484651210011e-01 9.096801362951284498e-02 9.025322534724658508e-02 -2.656379857897546160e-01 2.595974189840288271e-01
4.760000000000000000e+03 8.691257724119226680e+01 4.919835946998635801e-01 7.158971285277311303e-01 -1.422529443356556733e+00 6.147362629454067307e-02 1.129797490798944981e-03 -1.058867662526666420e+00 2.878303703937092339e-01 -3.041330397956987230e-02
4.861000000000000000e+03 8.912710050023301278e+01 7.364758933700504828e-01 1.105344234585105279e-02 -5.514302420112905390e-01 4.614078178287506216e-01 -5.238216717670658440e-01 8.207281020650201153e-01 3.348613121028044537e-01 -1.061909831926412251e-01
4.962000000000000000e+03 9.168228252896520303e+01 -3.630427593662070018e-01 -5.978061479348534268e-01 -6.618660162531290192e-01 1.759839027557837277e+00 -1.760684233667669796e-02 -7.542595484743965795e-01 1.400626953049071699e-01 8.965391579412318457e-01
5.063000000000000000e+03 9.587653023546845077e+01 -8.627745341379877697e-01 5.113117962578722642e-02 -1.384709082026532867e-01 1.413014252785166347e-02 8.101063143844816627e-01 1.710235980865971062e+00 1.183966055454142297e-01 1.018516068329628155e+00
5.164000000000000000e+03 9.846219702026343157e+01 -2.812149692106690746e-01 -4.981719521878881229e-01 -6.572534062197993299e-01 -1.887965251060050309e-02 6.993986542796390982e-01 1.833093528679701878e+00 -3.592430342081108785e-01 3.239833325693827204e-01
5.265000000000000000e+03 1.020885368482357052e+02 -4.093006423588164966e-02 5.201174374341279716e-01 8.696974941416535376e-02 -2.169383972780276615e-01 2.440076591048943866e-01 -5.875860078261221364e-01 -2.564179270105803599e-01 -8.478784945006754281e-01
5.366000000000000000e+03 1.052244781160861749e+02 -5.537499965515746414e-02 -1.010062923859172290e+00 -1.642043237255268018e+00 -1.347326055443422432e-01 3.498999606639713322e-02 -6.390485514862820349e-03 -1.779233423457697860e-01 -3.814856834436105015e-01
5.467000000000000000e+03 1.082811822547493250e+02 7.161945634540778372e-01 8.801592849946945352e-01 3.351652052595271991e-01 -4.870963803517794899e-01 7.741990051004484785e-01 -8.265858705629008929e-01 -2.680453975417718127e-04 2.490065255408735467e-01
5.568000000000000000e+03 1.113766778855552957e+02 4.008887788631715909e-01 7.715787772207554074e-01 2.620760053559339497e-01 1.602764794543731774e+00 8.393099100824708003e-01 1.101524116477203163e+00 6.398994255154446531e-01 4.512700948668953993e-01
5.669000000000000000e+03 1.153797250320415344e+02 -1.919508753025378489e-03 -1.035918218723584916e-01 -4.356867625447286563e-01 1.268213426385815357e+00 -1.383854586019901634e+00 3.927531065054312154e-01 -1.298799923076965346e-01 1.299526638399513878e+00
5.770000000000000000e+03 1.186764319649170432e+02 -8.231363786032087626e-01 1.412521284796182997e+00 4.377041374184902911e-01 4.930280782379465321e-01 1.642825103972679557e+00 -4.581742246691676845e-01 2.067820341821820784e-01 1.534702994951105959e-01
5.871000000000000000e+03 1.237990488367439497e+02 2.677901872517238768e-01 1.187406855579236975e+00 -1.575529019785592677e+00 3.068692924671376221e-01 1.463118152859375742e+00 5.243078532504530376e-02 4.587489755965611371e-01 1.636109078962530550e+00
