# l Dl_TT Dl_TE Dl_TB Dl_ET Dl_BT Dl_EE Dl_EB Dl_BE Dl_BB
7.050000000000000000e+01 1.549766946180748846e+03 -6.383327284844614979e+00 -1.113375864041959429e-01 -5.539741656222945565e+00 1.081159025218181302e+00 3.704315561817271840e-01 1.406693470740016418e-02 -3.514436004038036521e-02 4.717566953924659176e-03
1.065000000000000000e+02 2.662136894401198333e+03 -2.436040675907571540e+01 -3.521384586367390934e-01 -2.711474932067603305e+01 -3.117095092274019263e-01 8.691004321694314472e-01 -2.124147777511854740e-02 -2.750683429135597491e-02 -2.658933880307889214e-02
1.425000000000000000e+02 4.107493566219353852e+03 -4.203879106237172181e+01 -2.578944928162015149e+00 -4.332306001728343148e+01 -3.816516034888650211e+00 1.072990383294123884e+00 7.046486460693682230e-02 1.997243813690769559e-02 3.410663228410655556e-02
1.785000000000000000e+02 4.808616348876395023e+03 -3.287048962545370046e+01 1.433998711665539272e+00 -3.220397222246337776e+01 -3.477103373091542382e-01 8.790492129132365662e-01 -3.399107528489536678e-02 1.797147199072798851e-02 4.904321107125865498e-02
2.145000000000000000e+02 5.519475070805545329e+03 1.642911574599940083e+00 1.307690983914882032e+00 5.486276611911234724e+00 -2.213529933884665901e+00 8.400263227895874429e-01 3.632303101509179455e-02 -2.863595330900934460e-02 2.401287285026548757e-02
2.505000000000000000e+02 5.350532824869844262e+03 6.494479386267050813e+01 -8.065188432823481302e-01 6.428881515989225193e+01 -1.354771047324763167e+00 2.540155139609505675e+00 -5.187218570517864585e-02 5.233672304138077547e-02 9.831761009898055959e-03
2.865000000000000000e+02 4.547914804834694223e+03 1.131452386665904442e+02 -8.543884735698628052e-01 1.099831372909248728e+02 -1.434747977464143398e+00 7.037856766574261513e+00 6.084939052765406947e-02 -4.392052584253752084e-02 3.789640181580335165e-02
3.225000000000000000e+02 3.236034320909820963e+03 1.151220516538588896e+02 1.411158717258719220e-01 1.149620528122286487e+02 3.746458310269010772e-01 1.325949882910255262e+01 6.407114022407878196e-02 1.631638778515924482e-02 2.788305197808260694e-02
3.585000000000000000e+02 2.339006159126949569e+03 7.376930604420553550e+01 4.294454995324257229e-01 7.381773159081663493e+01 8.207959894323896277e-01 1.950250597287805476e+01 8.542221989368600776e-02 1.395169941244125966e-03 2.970122035611268141e-02
3.945000000000000000e+02 1.788899704731467637e+03 8.679259665002476254e+00 7.406753171197844043e-01 1.318284355907259808e+01 -3.073323015297434457e-01 2.127242397554596565e+01 1.875826293042045512e-01 -7.379602384161731976e-02 3.730201188205434920e-02
4.305000000000000000e+02 1.775805353411080432e+03 -4.968932690457137369e+01 5.019813167818414357e-01 -5.283250657753545454e+01 3.238441675903627193e-01 1.861368022072037576e+01 -1.695181873891724034e-01 2.066222820069741478e-02 -5.617873199746332979e-03
4.665000000000000000e+02 2.186196717433022513e+03 -7.238015961130400910e+01 -3.439720011083324813e-02 -7.442341566017540799e+01 7.582427687523790594e-01 1.358806925192919124e+01 -7.120771625773310298e-02 5.593153709677815832e-02 5.739847365704797699e-02
5.025000000000000000e+02 2.487246358307432274e+03 -5.772219430412752672e+01 -7.261412423876204558e-01 -5.580553096142668323e+01 1.271986484357188640e+00 8.302795957254813786e+00 1.111641165344868509e-01 4.920558979595342566e-03 3.068321560771462148e-02
5.385000000000000000e+02 2.598315430183481112e+03 -1.440767661396376909e+01 -1.317689343313994677e+00 -1.224325333342229527e+01 5.952619657080974180e-01 7.345684020643069800e+00 -6.075835300935018141e-03 -4.958616751427166736e-02 1.088382536108793708e-01
5.745000000000000000e+02 2.421515426382540682e+03 2.107319956192051791e+01 -5.683509578237211368e-01 2.159206842914246494e+01 -4.574608269593387622e-01 1.310847673262418134e+01 5.889300566369816414e-02 3.839240005558058888e-02 5.895886713029906828e-02
6.105000000000000000e+02 2.107865926757821853e+03 2.658325171153276401e+01 -2.005981250131931404e+00 2.434560523002696186e+01 -1.309972891260815786e-01 2.269069180292280663e+01 7.174180471535057668e-02 -3.933789727353713753e-03 6.655227801467161752e-02
6.465000000000000000e+02 1.887149706330831805e+03 -1.315106294600595405e+01 1.084228446060822443e-01 -1.551492466270492088e+01 3.146546484893898432e-01 3.348039828780004257e+01 3.253296354499905507e-01 -5.993960966111161470e-02 7.711686528550057429e-02
6.825000000000000000e+02 1.780057722718575405e+03 -6.871922847377427956e+01 -1.295139066180719389e+00 -6.627029750842947919e+01 -9.544467639585055285e-02 3.709885389246474574e+01 6.169301563296243629e-02 1.204720689672313660e-01 9.330239120390979024e-02
7.185000000000000000e+02 2.009337348986988900e+03 -1.192943949629743372e+02 3.593605384653745016e+00 -1.220484134260871372e+02 1.662593965849410230e-02 3.494018410986985401e+01 -1.889807702444195325e-01 -1.577884413017930365e-01 1.041793952712688313e-02
7.545000000000000000e+02 2.236095144763184180e+03 -1.276007128699967552e+02 1.539924443681772726e-01 -1.289728589389461320e+02 -1.843509198269585592e-02 2.642809941909161608e+01 1.932905314036491573e-01 8.114960656269956663e-02 9.717812504959591480e-02
7.905000000000000000e+02 2.473173766728323244e+03 -1.022715242942853422e+02 -9.962465755878200380e-01 -1.023429076942499449e+02 -2.654998003721401045e-01 1.737025291082638034e+01 -2.933200287613557666e-02 1.226121939508299785e-01 8.322846453784693566e-02
8.265000000000000000e+02 2.491410069805919193e+03 -3.951531909189608882e+01 -1.688675745803879913e+00 -4.085485477021837397e+01 -5.556817884592235579e-02 1.243438338326655490e+01 1.499012834617726719e-01 -2.628027033526965719e-02 5.908265795135887732e-02
8.625000000000000000e+02 2.307990274570221118e+03 1.587237947707256325e+01 2.066254397160109058e+00 1.532587431809874801e+01 2.212983338085228735e-01 1.512876314718644899e+01 -2.895080153907756415e-01 1.705330764233552454e-01 7.753371421553939546e-02
8.985000000000000000e+02 1.916403357971886635e+03 5.615841880757736249e+01 -6.834908137556311436e-01 5.457661350326009142e+01 -6.114832537442306259e-01 2.394830940905549710e+01 4.835455418979493769e-02 -3.178372478074963786e-02 4.093582923992446915e-03
9.345000000000000000e+02 1.529282377484881181e+03 4.829606151993279184e+01 -7.163410819047824618e-02 5.014283730621072976e+01 -2.957366915375104210e-01 3.366331878264186628e+01 6.578751804484046783e-02 -6.453603549928427913e-03 1.511052441297547899e-01
9.705000000000000000e+02 1.194849745253995025e+03 1.405409650548202549e+01 1.172148921931479126e+00 1.418342880410121509e+01 -2.526319962357242987e-02 4.083059594021149508e+01 -3.774193959225260464e-01 1.393149326692346701e-01 9.175016520161916045e-02
1.006500000000000000e+03 1.043482022896847411e+03 -3.106603033501486522e+01 -3.847491259931272722e+00 -3.067369727923469114e+01 2.822862048531457058e-01 4.164340635458147943e+01 4.388780944889487251e-02 -3.909858275387390059e-02 -6.694194053056096161e-02
1.042500000000000000e+03 1.071090675224065535e+03 -6.819440388333282499e+01 -2.019108420869783593e+00 -6.873212128104134422e+01 4.003003065850074260e-01 3.554777511870369722e+01 3.527810587696569855e-01 -1.146346345152457757e-01 7.671963646763943490e-02
1.078500000000000000e+03 1.163237307990529871e+03 -7.404346899294009177e+01 -1.488767481761268163e+00 -7.570119964835907922e+01 1.390865316661463180e-02 2.521778022390346052e+01 5.815763411793716670e-02 1.454397521902677515e-01 6.069749289262672820e-02
1.114500000000000000e+03 1.229277155744061929e+03 -6.053760167015919080e+01 1.031858876389172286e-01 -6.078049245649266652e+01 -2.796569332817332998e-01 1.688443181963954487e+01 -2.715528180208745535e-01 -5.597610846941424023e-02 1.170373275520457945e-01
1.150500000000000000e+03 1.215799695603414648e+03 -2.910874726143953950e+01 -8.175706256705189690e-01 -2.807011961900021646e+01 -5.362233199173116471e-01 1.361060785992962607e+01 -8.825295688711697062e-02 -3.296252193551365423e-02 5.200826929641849672e-02
1.186500000000000000e+03 1.108982865209564807e+03 -2.033340940932625518e+00 6.286843037310968496e-01 -3.197288672137775123e+00 5.053832376381470759e-01 1.553775828600397801e+01 -3.423435740407682060e-04 -5.516003313169576955e-02 1.398695276042355995e-01
1.222500000000000000e+03 9.592269452317583500e+02 5.615700309571121096e+00 1.347346093560345404e+00 6.034790015707963029e+00 1.219879579845244866e+00 2.135762956456753159e+01 -1.445128003460645905e-01 6.402208939713133207e-02 -1.919331384447955924e-04
1.258500000000000000e+03 8.048727425532108555e+02 -5.502970530595588272e+00 -1.169622468142025529e+00 -4.986866619684223068e+00 -2.491340483835409458e-01 2.729573866506250113e+01 8.645226122954449699e-02 1.312555850730752482e-02 1.145439381935138140e-01
1.294500000000000000e+03 7.464650807762172917e+02 -2.859629110382375927e+01 -1.664985628122330474e-01 -2.795591773533266533e+01 -4.834126895796431733e-01 3.045266354551983312e+01 2.147050050627370421e-01 -3.047050224014274250e-02 9.456597948501717366e-02
1.330500000000000000e+03 7.271140371998675391e+02 -5.049029481695356480e+01 -5.974261262572952980e-01 -5.033377691492910344e+01 -2.439998379618109059e-01 2.925697500586923283e+01 8.049902951376096405e-02 -9.799711444325731602e-02 -6.370884963684585178e-02
1.366500000000000000e+03 7.753399071270017657e+02 -6.015548171485889384e+01 7.443000264170209768e-01 -6.128795352820861808e+01 -2.464212851866389720e-01 2.296353593809271132e+01 -1.150640241083260712e-01 -1.054608886245771288e-01 -8.491747891018570568e-03
1.402500000000000000e+03 8.072230657797756521e+02 -5.316489305729317039e+01 8.511980753249048792e-01 -5.416446367548796559e+01 -2.517755368415046657e-01 1.707636322891857716e+01 -2.577260444442798157e-02 -1.386390164816100334e-01 1.167280098046094283e-01
1.438500000000000000e+03 8.105684649838237874e+02 -3.581836552866069212e+01 -6.998450909554894128e-01 -3.625943866426456452e+01 -2.467494358144046718e-01 1.243529006662034675e+01 -1.227029578297549051e-01 -4.349860716354724682e-02 1.437027173136215530e-01
1.474500000000000000e+03 7.625929245750559176e+02 -1.180051571506335506e+01 3.764146338838730843e-02 -1.484874791474418032e+01 -6.730837968069834920e-01 1.191100152982029847e+01 1.665988474098828442e-01 1.080993344756439462e-01 2.935403159239882154e-01
1.510500000000000000e+03 6.528153702699329415e+02 2.131476556365769603e+00 -1.609495672084439999e+00 1.945036640759285618e+00 8.352853642220026131e-01 1.373347732143750122e+01 1.117438407911384712e-01 3.358259272710896470e-02 3.521968813847693724e-02
1.546500000000000000e+03 5.561786166233198401e+02 5.670632282560069015e+00 -3.318149080136349460e-01 6.047822552243168559e+00 3.381171901414966041e-01 1.724867313577801298e+01 2.796455728487733383e-01 1.029490058321708562e-01 -2.797951336081114238e-03
1.582500000000000000e+03 4.639522143666571310e+02 -2.320003587536688006e+00 5.328417598116186316e-01 -2.058390142735567530e+00 2.905528815225401629e-01 1.980824958229730726e+01 5.118599014333770070e-01 2.475848410676537714e-01 9.659370582840273722e-02
1.618500000000000000e+03 4.117704458107396022e+02 -1.414421109261505194e+01 1.969318147134504760e-01 -1.472291103574331039e+01 -3.109532754561583623e-01 2.021347936921846866e+01 1.958033772496362568e-01 -1.003533361755950121e-01 -1.719099324612295004e-02
1.654500000000000000e+03 3.934504570203698677e+02 -2.634004302581781332e+01 -9.468197676701599619e-01 -2.439035736281664057e+01 -5.651909958185048488e-01 1.836740893706775068e+01 -6.228443234394714922e-02 1.238372777854083728e-01 9.743744282329336315e-02
1.690500000000000000e+03 4.028732694081780323e+02 -2.945383735661150126e+01 -8.221792348665533101e-01 -3.016754273347888216e+01 8.829813404350891903e-02 1.468824212512141969e+01 3.768702025107435460e-01 6.527787091989004087e-02 1.891184227702283338e-02
1.726500000000000000e+03 4.081766747132806472e+02 -2.561936440120553016e+01 7.065341446918960155e-01 -2.635903510207126033e+01 -1.003631905719263306e-01 1.073364330583846638e+01 1.058663523326477118e-01 8.081761695947764501e-02 -7.242439836839603684e-02
1.762500000000000000e+03 3.972907320114874778e+02 -1.889944176347479754e+01 2.803030566055588202e-01 -1.726890742878581619e+01 8.393982006750929648e-01 8.662418695439045635e+00 1.580033211741035393e-01 1.270465707090467355e-01 -4.660926943497859659e-02
1.798500000000000000e+03 3.618162473338290965e+02 -9.311854997620171659e+00 -4.243918722007691269e-01 -1.057307268331143391e+01 -2.449897633844413669e-01 7.752139099736224281e+00 -1.034938561635422721e-01 2.714590935174495678e-01 2.852070619088536985e-01
1.834500000000000000e+03 3.304436962719358348e+02 -5.380539069359420168e+00 -1.726584365784326058e-01 -5.023928371909592627e+00 2.479758162014030209e-01 8.682039985422850492e+00 6.639039606356808565e-02 -1.994521585065701097e-01 2.075341805901376180e-01
1.870500000000000000e+03 2.827458424664617951e+02 -4.780761398378631455e+00 3.897681172181389209e-01 -5.561138120045421296e+00 1.017746229500480354e-01 9.980723400316188432e+00 5.725785253875261827e-01 8.438686468111795957e-02 1.402005504931886914e-01
1.906500000000000000e+03 2.614900194900654355e+02 -8.946502811182533321e+00 -2.130798276532281932e-01 -9.774876586123603772e+00 1.047879221793656251e-01 1.128684385199561113e+01 9.732425370014079202e-02 5.988257316921391515e-02 9.600610605586260005e-02
1.942500000000000000e+03 2.431549707965289713e+02 -1.335580141392534159e+01 2.577460680288623518e-02 -1.399976236764154081e+01 7.343572763400287029e-02 1.098888623149317745e+01 -3.034851543519720418e-03 -2.769076103211186579e-01 1.763185474247432605e-01
1.978500000000000000e+03 2.398560412716485928e+02 -1.758382000559335268e+01 -1.052629340761201959e-01 -1.788689682528448799e+01 2.901486886041763913e-02 9.817170483056081309e+00 -3.526743768294030024e-02 -1.226124106416976445e-01 -7.081629152481011547e-02
2.014500000000000000e+03 2.392107563322081489e+02 -1.806977173217126165e+01 4.029785010919647026e-01 -1.797993809293765821e+01 1.785653836934748828e-01 8.294805611463122119e+00 6.453474180164241181e-02 1.957731235036633266e-01 4.290274275411235516e-01
2.050500000000000000e+03 2.338491236434042264e+02 -1.363178833348099417e+01 5.899698967918515224e-01 -1.384663762267729581e+01 6.853181933514900237e-01 6.290840366267921979e+00 -1.867797466824218100e-01 1.872299788376551866e-01 6.380495650377399075e-02
2.086500000000000000e+03 2.248958706724567378e+02 -9.887032106733517622e+00 2.048850545518886013e-01 -9.339803768850227783e+00 -7.670280283400815469e-02 5.077074150641371020e+00 6.451003369570078305e-02 9.569242752370482608e-02 -7.401386974811725861e-02
2.122500000000000000e+03 2.026156633825615359e+02 -5.115263773756765886e+00 3.406122929875031180e-01 -6.089366903942157627e+00 -4.947730271739334551e-01 5.205436613561509773e+00 6.838775131756746894e-02 3.012525174797878180e-01 -1.465803463747021307e-01
2.158500000000000000e+03 1.805033461295803363e+02 -3.529824074935281608e+00 -4.470032448907229061e-01 -2.162794136554357038e+00 5.754910197398319799e-02 5.550563494323982994e+00 2.389004901563351047e-01 -6.679213938840371234e-02 4.925248008509144348e-01
2.207000000000000000e+03 1.530535771297095096e+02 -4.142131237850577463e+00 -7.922749392040824568e-02 -4.324301838086190841e+00 -1.743156797002503866e-01 5.926857464526403163e+00 -3.153074581941554544e-01 2.241914862839138045e-01 2.588102248638005087e-02
2.268000000000000000e+03 1.303871038239876157e+02 -6.853098154225303773e+00 1.392012370448295067e-01 -7.202172707568467835e+00 1.399589301705132516e-01 5.717632512838303427e+00 -1.981869811336486042e-01 2.174186001961881110e-01 2.558738671076316376e-02
2.329000000000000000e+03 1.257558028082421515e+02 -7.985215729761383940e+00 2.963168895551909765e-01 -7.885641157034286586e+00 -2.487015852375541736e-01 4.523585866785542642e+00 7.454343393488194192e-02 2.395705957844172507e-01 1.906224744148883876e-01
2.390000000000000000e+03 1.173231511057619940e+02 -5.585898176515672553e+00 -1.250845136567447502e-01 -5.766494405897049091e+00 -2.105607983928364790e-01 2.960534945786559735e+00 7.710763369865689110e-03 -7.064484951882603336e-02 -7.551689996135049765e-02
2.451000000000000000e+03 1.036002759562990576e+02 -3.322233772201466984e+00 -8.481412138911641474e-01 -3.554484681994912076e+00 -1.095643517134814032e-01 3.058263641033716063e+00 1.002607365029119096e-01 -2.420663090805373896e-01 -2.727511076667851753e-01
2.512000000000000000e+03 8.969223651624302818e+01 -3.305375608476365024e+00 -1.496995135022166079e-01 -3.060746216189841995e+00 1.243725093235179130e-01 3.063771387554198089e+00 -2.260307515499848097e-01 1.053365889433918040e-01 6.927575940292707291e-02
2.573000000000000000e+03 8.003381684410328489e+01 -3.977508889216294641e+00 -1.417615225953473279e-01 -3.693102740753761992e+00 1.519664403357270099e-01 2.941454725653999791e+00 1.343833710262425096e-02 -2.728475837205382448e-02 -2.634246988827518843e-01
2.634000000000000000e+03 7.773147739182944349e+01 -4.358695207502358393e+00 2.822282209322335422e-02 -4.098672579333483057e+00 4.505135842500178345e-02 2.294401796549326633e+00 7.646086652113620596e-02 -3.510955041251380415e-02 2.134407544932058476e-01
2.695000000000000000e+03 7.262114634880686026e+01 -3.148492315721886037e+00 -3.949169218628763578e-01 -3.266862049974572635e+00 1.473298153567813573e-01 1.621175831434634507e+00 1.976809871943773222e-01 6.286515123418819906e-01 -3.217593512337143524e-01
2.756000000000000000e+03 6.512855291918647538e+01 -2.765119030160798630e+00 3.325092770267004116e-01 -2.116071004830087254e+00 -2.384158320035293099e-01 1.627004382359085177e+00 2.307273724108787616e-01 2.904859928820802129e-01 3.204732230520656588e-01
2.817000000000000000e+03 5.789836924384648853e+01 -1.369361535156971232e+00 1.021430530890722999e+00 -1.767690404643067925e+00 6.126048477909081802e-01 1.930344048452685701e+00 4.507140424960859315e-01 -4.557122751381380288e-02 2.327022856521375471e-01
2.878000000000000000e+03 5.183496914183670157e+01 -1.655455859545446495e+00 -2.479140270687753556e-01 -1.530521015100755111e+00 2.064939049455408737e-01 1.350789963273611116e+00 3.095506328707342547e-01 6.979301041931047500e-01 -1.309489275280417697e-02
2.939000000000000000e+03 4.872824538881994272e+01 -1.974890717479982571e+00 -9.599449824665882147e-01 -2.248972744426297687e+00 7.263018012047375849e-02 8.519938328202529831e-01 -5.453381901645053542e-01 -5.748001265789626224e-01 4.064175266408813214e-01
3.000000000000000000e+03 4.626440139086129477e+01 -1.340590249252084920e+00 3.297863477775355712e-01 -1.000061433295073465e+00 -8.676042226790404988e-02 8.782443913917514777e-01 -2.514611713687942007e-01 4.279978844222481760e-01 -2.270498412815821210e-01
3.061000000000000000e+03 4.442557339871771660e+01 -1.702589427507533504e+00 5.349802852644798545e-02 -9.036848781404746012e-01 2.902970169881860518e-02 6.577265025297353018e-01 1.645807678100894289e-01 -2.135169837676147431e-01 1.838690018524643255e-01
3.122000000000000000e+03 4.193508154717154213e+01 -1.290315991710661248e+00 -2.109628735261961097e-01 -1.899440169021896718e+00 -7.207539655986175409e-02 5.362259450151496409e-01 5.022771871916267283e-01 -4.015414892473587738e-01 -2.280688412059714287e-02
3.183000000000000000e+03 3.991336997074905923e+01 -9.056220085185964219e-01 3.378805340185400130e-01 -5.352775010239163578e-01 -7.262426204963209897e-02 7.442389971386051961e-01 1.598139755445968091e-03 1.785737483743013998e-01 3.753996556720834432e-01
3.244000000000000000e+03 3.796296668209954106e+01 -1.009591862838398635e+00 3.228106719554192372e-01 -9.526877637575981161e-01 -4.180961009006324836e-01 7.204120397374158546e-01 2.318610394401020847e-01 8.207121842855347182e-02 -1.144931586101446130e-01
3.305000000000000000e+03 3.647441923907695127e+01 -6.786513579392703388e-01 2.580852465728621925e-01 -7.991412907958157508e-01 5.301563146889983758e-01 3.250960098291454381e-01 1.544275715277894090e-01 -2.359360634856905725e-01 4.435307666789511938e-01
3.366000000000000000e+03 3.525552542786704890e+01 -4.093363913826251199e-01 -2.346807187754394730e-02 -2.700343460961152076e-03 2.749612067558025036e-02 1.090999091930613257e-01 2.476055939783441268e-02 9.530346998361735600e-02 3.373162207175596783e-01
3.447000000000000000e+03 3.427481791934931010e+01 -1.293954694206137512e-01 2.213890332350464951e-01 -3.513027025256271196e-01 4.577533095981838052e-02 6.181652602232440286e-01 -9.015052572764405969e-01 8.955463047250884767e-02 -4.293632918631440365e-03
3.548000000000000000e+03 3.255103491186118703e+01 -2.177803367946330726e-01 -8.370632162964283807e-02 6.255718055465864236e-02 9.011498532800844841e-03 3.451248890539275749e-01 2.871955809912452029e-04 -9.617720861173402469e-02 1.045358774797242041e-02
3.649000000000000000e+03 3.286631453918629120e+01 2.184674382129143944e-02 5.386648393436438420e-02 -6.374542359794548307e-01 1.284988285423496190e-01 -4.171455789553997207e-01 1.104565471971075130e-01 -3.331379569624302039e-01 -3.972676661546933330e-01
3.750000000000000000e+03 3.190453042488969260e+01 -2.886815839250320703e-01 -1.749430390980993288e-01 -6.055035570971926129e-01 1.039774073114821062e+00 -3.238196092828231620e-01 -1.781214092325990594e-01 -6.433169201892181555e-01 -2.266032874417034382e-02
3.851000000000000000e+03 3.267282399414173710e+01 3.675633948585001476e-01 1.213482887752049821e-01 -6.581721216892060244e-01 2.005896661888878774e-01 4.790132131275177119e-01 5.513318855648170480e-01 -1.588999978277074177e-01 4.502636874781051901e-02
3.952000000000000000e+03 3.337122557924392652e+01 8.718266121642029298e-02 -3.529847319429296193e-01 -3.720159806512224332e-01 1.009223406486789765e+00 4.039715711225504158e-02 -7.284248539025753311e-02 -4.727786654489082308e-01 -2.833381917517909243e-01
4.053000000000000000e+03 3.303289164084645790e+01 -1.402762812168290574e-01 2.688658981672813475e-01 -4.592854350462704516e-01 -7.628451149475759530e-02 -2.176363510905976462e-01 3.981992607818550800e-01 3.163715810732144473e-01 1.153111361703845206e-01
4.154000000000000000e+03 3.427014168946782036e+01 -3.385620784339170297e-02 -9.703923128290325995e-01 9.101129957079403532e-01 -5.201854624887595202e-01 9.668811488566938506e-01 1.419228040573362881e-01 -4.666857708269173122e-01 1.657308254953219762e-01
4.255000000000000000e+03 3.504442742652837239e+01 1.218820371856807194e-01 -7.388261101228453809e-01 9.941036286869344707e-01 1.472688105944748027e-01 -7.048454907975156836e-01 -5.885094178866120407e-01 -3.785502539227189600e-02 -1.524474016553833966e-01
4.356000000000000000e+03 3.712807353418050127e+01 -5.587593671481938529e-02 7.239121296667938577e-01 -3.673876046700662590e-01 -6.383218202193698954e-01 9.082193258530001367e-01 7.682280085353557775e-01 9.811669479016086326e-01 5.921013105712384650e-02
4.457000000000000000e+03 3.781927719471458715e+01 -7.499043857362206467e-01 5.217449161876954733e-01 2.130286067781999859e-01 4.403579539574178359e-01 9.246857665032770512e-02 -2.822435337747983275e-01 -3.002584840080340101e-01 9.994319706563862260e-01
4.558000000000000000e+03 3.881021343596397344e+01 6.525794690456856451e-01 -5.900646105466647029e-01 4.208402967416312035e-01 -8.190627958779356232e-02 -8.730145727796496669e-01 -8.895306655871630941e-01 5.462100273466796718e-01 -6.917878949386851994e-01
4.659000000000000000e+03 3.952540029236916297e+01 9.289545836507915322e-01 2.508434408367587465e-01 -4.312362379404027224e-01 4.971804734046776919e-01 7.795362971693127196e-01 -4.385014141881466987e-01 1.469768054257808432e-01 7.170261353984876962e-01
4.760000000000000000e+03 4.058510267842660824e+01 -4.686608627591397069e-01 6.376803984532668501e-01 9.338198947282126960e-01 2.100922551898760093e-01 3.256629339547850721e-01 -1.261177923281059154e+00 3.867352579610808250e-02 -3.298462848405435688e-01
4.861000000000000000e+03 4.200114065645880146e+01 -2.175553723347602164e-02 -1.059372336788281244e+00 -2.132979693217229578e+00 4.414414991562496948e-01 1.007454154381696165e-01 -9.400962370642427235e-01 9.981574194461683147e-01 -2.096775545802020080e+00
4.962000000000000000e+03 4.375748731105676370e+01 -2.182125942765674453e-01 -5.488897994380456669e-02 1.675732888741135129e+00 -6.818120594474513796e-01 5.812141484433437366e-01 6.157498396586498224e-01 1.315330752363371714e-01 5.070938691554158773e-01
5.063000000000000000e+03 4.556626308368367972e+01 9.216701221506465869e-01 1.065439770394975172e+00 4.103744851800594229e-01 -4.139460957187230949e-01 -1.810258097397798860e-02 4.937297513478501321e-01 -7.782405297358730989e-01 3.221259483606464524e-01
5.164000000000000000e+03 4.594113809574777463e+01 2.280794128128398324e-01 -4.251769549761076350e-01 -1.277026930199455679e+00 -1.351684284212587794e+00 -2.792851156182286632e-01 -1.537752738152521559e+00 1.326693161815245992e+00 -1.322853375155843114e+00
5.265000000000000000e+03 4.872995589742533440e+01 -1.634832821888514864e+00 -2.970795892814724337e-01 2.403240791593668213e+00 2.276940092367593371e-01 1.470028115873634800e+00 4.070665297611037459e-01 -3.182308917279376148e-01 2.554680894017860027e+00
5.366000000000000000e+03 5.042594927917814118e+01 -7.311352237037677115e-01 5.816176013693169500e-02 1.728874674451362781e+00 -2.638297672188412157e+00 5.741948573138149214e-01 1.413087264873638116e+00 -5.091173153677079899e-01 -8.235579794143322863e-01
5.467000000000000000e+03 5.259760736503183409e+01 -1.313959498855231667e+00 -1.384088103870036113e+00 2.277127451827476889e+00 2.676836536911162856e+00 -4.104203525839713040e-01 -1.430108426742459526e+00 -1.492109450650906277e+00 1.139121887823003831e+00
5.568000000000000000e+03 5.328825822381411115e+01 6.114508849267635826e-01 -1.301439291203280391e+00 1.448167958603095440e-01 -9.882054459831167703e-01 -8.116954992280280834e-01 2.358082474293121678e-01 -3.058312930057612178e+00 4.167497362349503298e+00
5.669000000000000000e+03 5.460922202161714267e+01 -8.544551129974286008e-01 1.225359514811720896e+00 -7.844152116109890382e-01 3.323129821051444277e-01 -2.124633483453731486e+00 6.355032155744707589e-01 -7.076715600972910414e-01 -8.955326618161278951e-01
5.770000000000000000e+03 5.564577505617577913e+01 5.904681793158409464e-01 -1.156938240012762797e+00 -1.247598996886178035e+00 -4.323967637229704231e-01 1.363807241066227638e+00 -1.978480061556316061e+00 -1.089739803069905033e+00 2.772230546688816410e+00
5.871000000000000000e+03 6.020168151996324468e+01 -1.275470920655829010e-01 -1.118428067664606340e+00 -9.574501613454884374e-01 -2.825712216735375648e+00 -8.532456907731585938e-01 1.133243206263860881e+00 -2.333000282306956663e+00 2.317755191660676672e+00
