# l Dl_TT Dl_TE Dl_TB Dl_ET Dl_BT Dl_EE Dl_EB Dl_BE Dl_BB
7.050000000000000000e+01 1.959080535956232779e+03 -6.681894535489043108e+00 -5.438082638546530845e-01 -6.681894535489043108e+00 -5.438082638546530845e-01 3.658297151507625133e-01 5.140832947857044283e-03 5.140832947857049487e-03 -1.060816915398670943e-03
1.065000000000000000e+02 2.994728666307229560e+03 -2.749207860948462212e+01 1.072278678848428701e-01 -2.749207860948462212e+01 1.072278678848428701e-01 9.142253058227267637e-01 8.606299967084236890e-03 8.606299967084236890e-03 9.424858059273486660e-03
1.425000000000000000e+02 4.211204996701863820e+03 -4.820554962402499655e+01 1.289743658918253710e-01 -4.820554962402499655e+01 1.289743658918253710e-01 1.218809950976195156e+00 -1.095389114706990866e-02 -1.095389114706990345e-02 -1.390675170749265926e-03
1.785000000000000000e+02 5.181703737166987594e+03 -3.634380430478550750e+01 -4.648067934395020417e-01 -3.634380430478550750e+01 -4.648067934395020417e-01 8.593878837968882412e-01 2.556391784316009233e-02 2.556391784316008539e-02 -4.754423961795348902e-03
2.145000000000000000e+02 5.665140061237074406e+03 6.118663840010762911e+00 5.022225684923994349e-01 6.118663840010762911e+00 5.022225684923994349e-01 8.236493315803559145e-01 -2.499498596864652492e-03 -2.499498596864652492e-03 2.580018060937546917e-02
2.505000000000000000e+02 5.459550451772705856e+03 6.449348618760114960e+01 8.869099793509788165e-02 6.449348618760114960e+01 8.869099793509788165e-02 2.589619660927630296e+00 -2.584974694187366223e-02 -2.584974694187366223e-02 2.206339528886034230e-03
2.865000000000000000e+02 4.590825114630701137e+03 1.097320346819242758e+02 -1.811752450515597079e+00 1.097320346819242758e+02 -1.811752450515597079e+00 6.950450467976402535e+00 -6.181385740455168365e-02 -6.181385740455171141e-02 6.622795444765383621e-02
3.225000000000000000e+02 3.358938092389468238e+03 1.163743816256873913e+02 7.133105103686572246e-01 1.163743816256873913e+02 7.133105103686572246e-01 1.336598530080129876e+01 5.163691488232639848e-02 5.163691488232639848e-02 3.781032004425503162e-02
3.585000000000000000e+02 2.332545786888021212e+03 7.809341849311223882e+01 -4.552915319407574990e-01 7.809341849311223882e+01 -4.552915319407574990e-01 1.941004027585557523e+01 -2.550634323301954193e-02 -2.550634323301956968e-02 2.434268219007765938e-02
3.945000000000000000e+02 1.811475147941637715e+03 1.211762052589981487e+01 5.424137573404934631e-01 1.211762052589981487e+01 5.424137573404934631e-01 2.145739747518432239e+01 3.854496170576195320e-03 3.854496170576198789e-03 5.633322945676801086e-02
4.305000000000000000e+02 1.801618500754230126e+03 -4.994618093412044857e+01 8.285925631274602132e-01 -4.994618093412044857e+01 8.285925631274602132e-01 1.946554333405352821e+01 2.598304912729776719e-02 2.598304912729776026e-02 4.489831323406921233e-05
4.665000000000000000e+02 2.100963398374296958e+03 -7.319148681158924319e+01 4.753529772673464882e-01 -7.319148681158924319e+01 4.753529772673464882e-01 1.315492782414205308e+01 1.902325207615808075e-02 1.902325207615807035e-02 3.538168013876358958e-02
5.025000000000000000e+02 2.500493807839160127e+03 -5.722017264840400941e+01 5.373247202362886332e-01 -5.722017264840400941e+01 5.373247202362886332e-01 8.214324800825718143e+00 -2.690468947578034814e-03 -2.690468947578031345e-03 6.504657703198499230e-02
5.385000000000000000e+02 2.577597842445138667e+03 -1.201332309190770786e+01 2.553587480891812422e-01 -1.201332309190770786e+01 2.553587480891812422e-01 7.567184240468993295e+00 1.042373580423460941e-02 1.042373580423460941e-02 7.693470792328800656e-02
5.745000000000000000e+02 2.474488356056830526e+03 2.179478827486857284e+01 3.847966712895920516e-01 2.179478827486857284e+01 3.847966712895920516e-01 1.317610338303013506e+01 2.108267277602500142e-02 2.108267277602499101e-02 9.320623166244421109e-02
6.105000000000000000e+02 2.133647269851123838e+03 2.195971336982552913e+01 -1.481682487614276456e-01 2.195971336982552913e+01 -1.481682487614276456e-01 2.326879920398171819e+01 9.712475020552535643e-02 9.712475020552535643e-02 1.065403824150210205e-01
6.465000000000000000e+02 1.879907351164693409e+03 -1.068131208961805356e+01 7.372147341783966135e-02 -1.068131208961805356e+01 7.372147341783966135e-02 3.269078017555273163e+01 -5.884090376565009883e-02 -5.884090376565007802e-02 7.809329139888053495e-02
6.825000000000000000e+02 1.823199727008146510e+03 -6.624958591872240277e+01 -6.633825720809467530e-01 -6.624958591872240277e+01 -6.633825720809467530e-01 3.665695936205971606e+01 -2.043581339635524088e-02 -2.043581339635524782e-02 1.279013503423429843e-01
7.185000000000000000e+02 1.960357219456405574e+03 -1.156502630735412822e+02 -3.331299868675785536e-02 -1.156502630735412822e+02 -3.331299868675785536e-02 3.503870064644235782e+01 8.064781753372950168e-02 8.064781753372950168e-02 7.910526769011572146e-02
7.545000000000000000e+02 2.272433685665603662e+03 -1.289073544620935650e+02 1.018744611136546407e-01 -1.289073544620935650e+02 1.018744611136546407e-01 2.667609011924735185e+01 1.066261127834179992e-02 1.066261127834179992e-02 5.889697273657787391e-02
7.905000000000000000e+02 2.499183768577872343e+03 -1.033165320905755209e+02 2.441659838882863087e-01 -1.033165320905755209e+02 2.441659838882863087e-01 1.801464373936447672e+01 -3.923559819519896463e-02 -3.923559819519896463e-02 6.742121773881476487e-02
8.265000000000000000e+02 2.486427314459381705e+03 -4.183266118165158787e+01 -4.299426718556014770e-01 -4.183266118165158787e+01 -4.299426718556014770e-01 1.279679456030937246e+01 -4.571126296817899087e-02 -4.571126296817899781e-02 1.080938089447523176e-01
8.625000000000000000e+02 2.325159687775049861e+03 1.859889617371248249e+01 5.772628760326525832e-01 1.859889617371248249e+01 5.772628760326525832e-01 1.505392508857104694e+01 6.473751147432910136e-02 6.473751147432907360e-02 1.425227669421828824e-01
8.985000000000000000e+02 1.959059558404887412e+03 5.143908933197965183e+01 -1.971615419723961871e-01 5.143908933197965183e+01 -1.971615419723961871e-01 2.356677004381728224e+01 -5.187588974213857423e-02 -5.187588974213858811e-02 1.091145734551613455e-01
9.345000000000000000e+02 1.492198598302440814e+03 5.192768898567667435e+01 -5.111513889306443931e-02 5.192768898567667435e+01 -5.111513889306443931e-02 3.413847490489241920e+01 -3.783974543121060123e-03 -3.783974543121060991e-03 5.544337748828796070e-02
9.705000000000000000e+02 1.206512059927203609e+03 1.292137054243375260e+01 3.254835317603174127e-01 1.292137054243375260e+01 3.254835317603174127e-01 4.139367054693407511e+01 8.903318064186592495e-02 8.903318064186588332e-02 1.387051397669087360e-01
1.006500000000000000e+03 1.040002030190547657e+03 -2.947003096593461891e+01 -1.322966949485084587e-01 -2.947003096593461891e+01 -1.322966949485084587e-01 4.122695142974605886e+01 -8.617455283106466302e-02 -8.617455283106469077e-02 1.234808288797199921e-01
1.042500000000000000e+03 1.088598218610080721e+03 -6.925916605856497199e+01 5.881714817540459328e-02 -6.925916605856497199e+01 5.881714817540459328e-02 3.550014630500098889e+01 1.427658631911118969e-04 1.427658631911118969e-04 1.203173786511810006e-01
1.078500000000000000e+03 1.158150526662790298e+03 -7.638472083208561969e+01 3.731600761305481351e-02 -7.638472083208561969e+01 3.731600761305481351e-02 2.554911560416580940e+01 -2.360133381639273331e-02 -2.360133381639274025e-02 9.410705383211007136e-02
1.114500000000000000e+03 1.237875711016449941e+03 -6.109685476932275350e+01 -1.976672672233280581e-01 -6.109685476932275350e+01 -1.976672672233280581e-01 1.728055253597906926e+01 1.684196501373361188e-02 1.684196501373360494e-02 1.457478282173465534e-01
1.150500000000000000e+03 1.221463028257011956e+03 -2.887620963694009291e+01 -3.394461596027288641e-02 -2.887620963694009291e+01 -3.394461596027288641e-02 1.354083675248776153e+01 1.288570178717791670e-01 1.288570178717791670e-01 1.660310403032582427e-01
1.186500000000000000e+03 1.121069794269226122e+03 -2.974197482115821245e+00 -5.004908520737020305e-01 -2.974197482115821245e+00 -5.004908520737020305e-01 1.556314634766283689e+01 -1.146956477523525253e-03 -1.146956477523507906e-03 8.064998126632566544e-02
1.222500000000000000e+03 9.533014269042860178e+02 7.533193812724811700e+00 4.448210198030895235e-01 7.533193812724811700e+00 4.448210198030895235e-01 2.147924860952857529e+01 4.189143280114600992e-02 4.189143280114600992e-02 1.276068793944356294e-01
1.258500000000000000e+03 8.245070031936215855e+02 -5.566700225444781047e+00 -3.063807987987635095e-02 -5.566700225444781047e+00 -3.063807987987635095e-02 2.772264749917896509e+01 -2.540083641997738229e-02 -2.540083641997736841e-02 1.020810254351061791e-01
1.294500000000000000e+03 7.441945951090910967e+02 -2.901329345328960585e+01 -2.552458108676987636e-01 -2.901329345328960585e+01 -2.552458108676987636e-01 3.055853799746275001e+01 2.839013824457443935e-02 2.839013824457442547e-02 1.370597205797643992e-01
1.330500000000000000e+03 7.324082707424607861e+02 -5.074281677548123071e+01 -1.800930095153861765e-01 -5.074281677548123071e+01 -1.800930095153861765e-01 2.877626054395912192e+01 -9.032190451357599570e-04 -9.032190451357599570e-04 1.290718350967506589e-01
1.366500000000000000e+03 7.881719775130600283e+02 -6.166202562965598588e+01 -1.723753601841395422e-01 -6.166202562965598588e+01 -1.723753601841395422e-01 2.341544092849052561e+01 -5.722587293174996592e-02 -5.722587293174997286e-02 1.888069784750362190e-01
1.402500000000000000e+03 8.223889713766973273e+02 -5.351413084670066667e+01 2.378933376063974148e-02 -5.351413084670066667e+01 2.378933376063974148e-02 1.697529022656906861e+01 1.145280033549203255e-02 1.145280033549203255e-02 1.431776486374189972e-01
1.438500000000000000e+03 8.257841721176558849e+02 -3.440245029368382745e+01 5.290637752372091551e-01 -3.440245029368382745e+01 5.290637752372091551e-01 1.270084823881705560e+01 9.136496466247687187e-03 9.136496466247701065e-03 1.532211702140673371e-01
1.474500000000000000e+03 7.600779914363240550e+02 -1.097708417668191494e+01 -1.364565698389131609e-01 -1.097708417668191494e+01 -1.364565698389131609e-01 1.171713827548376052e+01 3.194105956846592098e-02 3.194105956846588629e-02 8.228073832178464664e-02
1.510500000000000000e+03 6.713288780781070955e+02 2.280864717912111317e+00 -7.207211471413610404e-02 2.280864717912111317e+00 -7.207211471413610404e-02 1.368674401849306221e+01 -1.168192635991977812e-01 -1.168192635991978090e-01 1.969141422281847631e-02
1.546500000000000000e+03 5.563350010473186558e+02 6.814654294430787296e+00 -1.263498136848616726e-01 6.814654294430787296e+00 -1.263498136848616726e-01 1.718596628312119989e+01 -8.474562660640734546e-04 -8.474562660640699852e-04 1.259177235293861274e-01
1.582500000000000000e+03 4.627263736398645051e+02 -2.081137542260753648e+00 1.554844608258712513e-01 -2.081137542260753648e+00 1.554844608258712513e-01 1.992054352503451753e+01 1.823529032631035218e-01 1.823529032631035496e-01 1.940791857004773857e-01
1.618500000000000000e+03 4.150380780352685974e+02 -1.363960216008995374e+01 -3.506555739188231269e-01 -1.363960216008995374e+01 -3.506555739188231269e-01 2.067307771859819354e+01 7.912729132819259353e-03 7.912729132819248945e-03 7.117632399609299942e-02
1.654500000000000000e+03 3.971161896533113804e+02 -2.523927705937130739e+01 -3.750753910157057780e-02 -2.523927705937130739e+01 -3.750753910157057780e-02 1.862064335000518867e+01 1.651493691243061807e-02 1.651493691243061807e-02 2.968787927418435960e-02
1.690500000000000000e+03 4.011631311005392604e+02 -2.897223911170934230e+01 -2.308265005842542739e-01 -2.897223911170934230e+01 -2.308265005842542739e-01 1.476664119722053314e+01 -3.269446279549911849e-02 -3.269446279549913237e-02 -6.371853321791658142e-02
1.726500000000000000e+03 4.133294011323093287e+02 -2.627381401701247299e+01 -3.633299338921523458e-01 -2.627381401701247299e+01 -3.633299338921523458e-01 1.084763620979241061e+01 -7.430194275898052009e-03 -7.430194275898038131e-03 1.084875273422573200e-01
1.762500000000000000e+03 4.025240827092807763e+02 -1.790686463109628335e+01 4.635245409658385052e-01 -1.790686463109628335e+01 4.635245409658385052e-01 8.463060519842876772e+00 7.287499385226117732e-02 7.287499385226119120e-02 6.368990102034091660e-02
1.798500000000000000e+03 3.747978573399972788e+02 -9.928277991104407008e+00 4.508635157376370550e-01 -9.928277991104407008e+00 4.508635157376370550e-01 7.821587140828430762e+00 -2.350366404330528694e-02 -2.350366404330527306e-02 1.931394540185180642e-01
1.834500000000000000e+03 3.339563253878166620e+02 -5.538749613987130616e+00 1.411308777706184736e-01 -5.538749613987130616e+00 1.411308777706184736e-01 8.742923222875669254e+00 -7.836471788847257369e-02 -7.836471788847254594e-02 1.499896229790884383e-01
1.870500000000000000e+03 2.943239275685029952e+02 -5.586016741903216953e+00 -1.914475852005551038e-02 -5.586016741903216953e+00 -1.914475852005551038e-02 1.026592769708355490e+01 1.531884411317540051e-01 1.531884411317540329e-01 2.746611408695247558e-01
1.906500000000000000e+03 2.633251133021982469e+02 -9.486981245164843202e+00 -6.997855810772335428e-02 -9.486981245164843202e+00 -6.997855810772335428e-02 1.104120435125575206e+01 -4.676318711028736724e-02 -4.676318711028738112e-02 2.056283831393909134e-01
1.942500000000000000e+03 2.532638478490361535e+02 -1.472313564217094495e+01 -2.073372349305982465e-01 -1.472313564217094495e+01 -2.073372349305982465e-01 1.105231308678098578e+01 -9.099239606624075216e-02 -9.099239606624073828e-02 7.744777528394923560e-02
1.978500000000000000e+03 2.483136158752863594e+02 -1.776564198272137673e+01 -1.463221771230386881e-01 -1.776564198272137673e+01 -1.463221771230386881e-01 9.669199341213124299e+00 -8.354371595261647632e-02 -8.354371595261650407e-02 1.936892008151836278e-02
2.014500000000000000e+03 2.479447508405329472e+02 -1.826904704334076968e+01 2.128390685086500866e-02 -1.826904704334076968e+01 2.128390685086500866e-02 7.956696163030898994e+00 -1.965271180138226659e-01 -1.965271180138226659e-01 5.918096366755930260e-02
2.050500000000000000e+03 2.443143873101070085e+02 -1.424844316854786541e+01 9.503376707271110613e-02 -1.424844316854786541e+01 9.503376707271110613e-02 6.525793600878964540e+00 1.056750852065348190e-01 1.056750852065348606e-01 1.651425273014700823e-01
2.086500000000000000e+03 2.322105882826027425e+02 -9.900210184619908205e+00 -2.245087539425123513e-01 -9.900210184619908205e+00 -2.245087539425123513e-01 5.485583129186515805e+00 5.252774230752205870e-02 5.252774230752206563e-02 1.150789550152661600e-01
2.122500000000000000e+03 2.112596894626955759e+02 -5.117324088442423147e+00 -9.278127729565578685e-02 -5.117324088442423147e+00 -9.278127729565578685e-02 5.104761339321938429e+00 5.147931098744310680e-02 5.147931098744314843e-02 -6.259128455761605626e-03
2.158500000000000000e+03 1.891143452113438741e+02 -3.242673469030013411e+00 2.700636897453349561e-01 -3.242673469030013411e+00 2.700636897453349561e-01 5.353401589807664784e+00 3.807581384587406526e-02 3.807581384587403750e-02 -2.856850657341626631e-02
2.207000000000000000e+03 1.585224843492140110e+02 -3.618825939883845599e+00 1.817488130035354588e-01 -3.618825939883845599e+00 1.817488130035354588e-01 6.002123059334171451e+00 -5.095892786387833107e-02 -5.095892786387831025e-02 -7.455103845443007693e-02
2.268000000000000000e+03 1.399834870139142424e+02 -6.646163098610031739e+00 2.808158592947712640e-02 -6.646163098610031739e+00 2.808158592947712640e-02 5.855761178673217771e+00 3.652757972938365516e-02 3.652757972938362740e-02 1.425334153328120315e-02
2.329000000000000000e+03 1.341868974444739422e+02 -7.582343483328882527e+00 3.158992294507062537e-02 -7.582343483328882527e+00 3.158992294507062537e-02 4.498650720665813729e+00 -1.005324745889276533e-01 -1.005324745889276533e-01 -2.220746506230764639e-01
2.390000000000000000e+03 1.280390844504985353e+02 -6.069952863697431589e+00 2.882039597539325371e-01 -6.069952863697431589e+00 2.882039597539325371e-01 3.331817624323864191e+00 7.151971349461673511e-02 7.151971349461673511e-02 1.296232208607931702e-01
2.451000000000000000e+03 1.136192820029237964e+02 -3.787876218879946855e+00 -8.107566942041759261e-02 -3.787876218879946855e+00 -8.107566942041759261e-02 2.868812474823217773e+00 -2.060890273333999129e-02 -2.060890273334001210e-02 -1.276947091365520648e-01
2.512000000000000000e+03 9.885218283898839786e+01 -2.882323756870268205e+00 3.987119530118480304e-01 -2.882323756870268205e+00 3.987119530118480304e-01 2.863247030714571206e+00 -8.094075807394350563e-02 -8.094075807394347788e-02 3.554694025713168171e-01
2.573000000000000000e+03 9.063268164235722679e+01 -4.146254589919298184e+00 2.854948364203055422e-01 -4.146254589919298184e+00 2.854948364203055422e-01 2.678507158578097069e+00 -4.668231366762658208e-02 -4.668231366762656820e-02 -3.728470319170451575e-02
2.634000000000000000e+03 8.592705294690830442e+01 -4.491678566100018699e+00 2.319088043107589148e-01 -4.491678566100018699e+00 2.319088043107589148e-01 2.416780117878162493e+00 -8.871927071843221935e-02 -8.871927071843216384e-02 -1.708085445187265405e-01
2.695000000000000000e+03 8.226133081855218165e+01 -3.108930351751157506e+00 4.150820955332460427e-01 -3.108930351751157506e+00 4.150820955332460427e-01 1.457992395708046951e+00 2.052098206186531992e-01 2.052098206186532270e-01 9.793135128751623286e-02
2.756000000000000000e+03 7.555788897944165683e+01 -1.976849459920028362e+00 -1.807657733042024595e-01 -1.976849459920028362e+00 -1.807657733042024595e-01 1.466584841597622368e+00 -1.199059977199299354e-01 -1.199059977199299215e-01 6.098606387316856531e-02
2.817000000000000000e+03 6.733453668781427837e+01 -1.422911364228856002e+00 1.682335378080474508e-01 -1.422911364228856002e+00 1.682335378080474508e-01 1.637339815697567813e+00 1.527494115992377444e-01 1.527494115992377166e-01 -2.601003549321953545e-01
2.878000000000000000e+03 6.207242829492930980e+01 -1.635170209611300329e+00 1.675053878495529891e-01 -1.635170209611300329e+00 1.675053878495529891e-01 1.680851306109969689e+00 -9.519660813562361157e-02 -9.519660813562361157e-02 9.573978832676773021e-02
2.939000000000000000e+03 5.915985564295571209e+01 -1.938168028051888481e+00 -1.687409352383120384e-02 -1.938168028051888481e+00 -1.687409352383120384e-02 1.026591339726537377e+00 3.466872155727061811e-02 3.466872155727054872e-02 -9.444349556005253443e-02
3.000000000000000000e+03 5.689030524866571881e+01 -1.554954050403183796e+00 -2.658820183362944900e-02 -1.554954050403183796e+00 -2.658820183362944900e-02 9.885464492497596511e-01 -3.051595531928893990e-03 -3.051595531928900928e-03 -6.508878243405384623e-02
3.061000000000000000e+03 5.496228103131921472e+01 -1.281708006471843131e+00 -1.941797945614461701e-02 -1.281708006471843131e+00 -1.941797945614461701e-02 7.273446414161925944e-01 -1.000204023114303724e-02 -1.000204023114304591e-02 3.506418957491629906e-01
3.122000000000000000e+03 5.247773577627002339e+01 -9.271065139619505402e-01 -8.112623250405348596e-03 -9.271065139619505402e-01 -8.112623250405348596e-03 6.437424957680892845e-01 -7.878234281286922158e-02 -7.878234281286924934e-02 1.885779907615596496e-01
3.183000000000000000e+03 4.970457449058538657e+01 -9.497899796332947009e-01 7.590925347646353127e-02 -9.497899796332947009e-01 7.590925347646353127e-02 6.585468588485262620e-01 -7.775805886828521252e-02 -7.775805886828524027e-02 -1.506156715185267003e-01
3.244000000000000000e+03 4.937860454960529921e+01 -1.169261789207820090e+00 2.779618611199352052e-01 -1.169261789207820090e+00 2.779618611199352052e-01 1.099189359214022943e+00 1.908787101956447019e-01 1.908787101956447019e-01 4.453298341822853335e-01
3.305000000000000000e+03 4.842697639814389277e+01 -6.865071080920126523e-01 -3.141838427104715614e-01 -6.865071080920126523e-01 -3.141838427104715614e-01 1.001347158159234946e-01 -1.976212784891543117e-01 -1.976212784891543672e-01 -3.839654926609122332e-01
3.366000000000000000e+03 4.727761754031309493e+01 -7.825655265929065685e-01 -1.206285045259281874e-01 -7.825655265929065685e-01 -1.206285045259281874e-01 2.673135837252829661e-01 3.459283755251970627e-01 3.459283755251970627e-01 -2.175001229198126051e-01
3.447000000000000000e+03 4.619204511277380476e+01 -4.688234167685971787e-01 -1.340934688889870441e-01 -4.688234167685971787e-01 -1.340934688889870441e-01 1.388368819273760602e-01 1.601053300463361195e-01 1.601053300463361195e-01 -8.923705759175616647e-02
3.548000000000000000e+03 4.539362834096947807e+01 -6.215352315296159835e-01 -3.040363559951541061e-01 -6.215352315296159835e-01 -3.040363559951541061e-01 2.811723244458722570e-01 -1.653566661627955126e-01 -1.653566661627955126e-01 -1.636701297747860107e-01
3.649000000000000000e+03 4.517968432093459796e+01 -3.535436384431277501e-01 -1.729738263396555786e-01 -3.535436384431277501e-01 -1.729738263396555786e-01 3.830336000988286416e-01 -4.058217857325316369e-02 -4.058217857325313593e-02 -1.933294451460493557e-01
3.750000000000000000e+03 4.518619187346798327e+01 -3.363194053518941962e-02 -1.291650663342770455e-01 -3.363194053518941962e-02 -1.291650663342770455e-01 -2.092738043546998050e-01 1.678909246019964496e-01 1.678909246019964496e-01 -5.723800887706455010e-01
3.851000000000000000e+03 4.610306811264919702e+01 -3.157612799351778854e-01 -2.447212774040147532e-01 -3.157612799351778854e-01 -2.447212774040147532e-01 -3.722785674979556952e-02 2.551616753787011027e-01 2.551616753787012692e-01 -2.905012577989884992e-01
3.952000000000000000e+03 4.691336372231192087e+01 1.393319559769748972e-01 -3.861160566831643992e-01 1.393319559769748972e-01 -3.861160566831643992e-01 -3.435748047665798666e-01 -1.382731636662709596e-01 -1.382731636662709873e-01 -3.234350914056575155e-01
4.053000000000000000e+03 4.777475476522658226e+01 -4.168928835920718279e-01 3.008656814922898715e-01 -4.168928835920718279e-01 3.008656814922898715e-01 3.270634383253002153e-01 -1.800203613337439112e-01 -1.800203613337439390e-01 1.998022424016691334e-01
4.154000000000000000e+03 4.840120628609037823e+01 -4.648594437145887048e-01 2.183157116010894794e-02 -4.648594437145887048e-01 2.183157116010894794e-02 -2.259588490085349122e-01 3.453737102340567744e-01 3.453737102340569409e-01 5.250459721941233004e-01
4.255000000000000000e+03 4.963109363839973298e+01 -3.200228619145678577e-01 3.500809494870891214e-01 -3.200228619145678577e-01 3.500809494870891214e-01 -3.935005854309868711e-01 -4.139337422059117255e-01 -4.139337422059117810e-01 7.992644924307227283e-01
4.356000000000000000e+03 5.172739645915502393e+01 1.330199988320758531e-01 4.483505010298271531e-01 1.330199988320758531e-01 4.483505010298271531e-01 5.702982500657319820e-01 -1.848379184469428616e-02 -1.848379184469428616e-02 4.819143289090365712e-01
4.457000000000000000e+03 5.267003438102542390e+01 -5.764368300504931764e-01 3.708687959307359061e-01 -5.764368300504931764e-01 3.708687959307359061e-01 2.904069329245990705e-01 -2.636908559795480000e-01 -2.636908559795481111e-01 -3.915462245180421630e-01
4.558000000000000000e+03 5.411485773862810333e+01 3.086711694984521359e-01 4.270688415928492604e-02 3.086711694984521359e-01 4.270688415928492604e-02 5.103491185222064352e-01 5.794311145743036295e-02 5.794311145743041847e-02 1.989459853079991389e-02
4.659000000000000000e+03 5.702403379263795813e+01 6.424104061176240388e-02 1.435803259578072866e-01 6.424104061176240388e-02 1.435803259578072866e-01 -3.016854984938055484e-01 5.238448890164401073e-01 5.238448890164399963e-01 5.161128283111209303e-01
4.760000000000000000e+03 5.790052830606371970e+01 -1.805577143220317426e-02 4.867050501333142210e-02 -1.805577143220317426e-02 4.867050501333142210e-02 -3.699129767147903425e-01 3.832845646788061722e-01 3.832845646788062277e-01 1.344659543387480616e+00
4.861000000000000000e+03 5.965746222499140572e+01 -2.187144414584674124e-01 2.674574765461493198e-01 -2.187144414584674124e-01 2.674574765461493198e-01 1.489154767445870942e+00 -2.902834970521683267e-01 -2.902834970521684377e-01 -6.405127738092282197e-01
4.962000000000000000e+03 6.093811927090300884e+01 -5.336121464924484803e-01 -1.787152714841989398e-01 -5.336121464924484803e-01 -1.787152714841989398e-01 1.276951622667588326e+00 -1.658298230486772440e-01 -1.658298230486772717e-01 9.308920762828969409e-01
5.063000000000000000e+03 6.403746867544440136e+01 -7.584167036479017021e-01 2.275008946334242665e-01 -7.584167036479017021e-01 2.275008946334242665e-01 1.629143022525955387e-01 3.927561402668492407e-01 3.927561402668495738e-01 8.005195106357632095e-01
5.164000000000000000e+03 6.482275336916347896e+01 7.115668830753012486e-01 -5.982366144581636735e-01 7.115668830753012486e-01 -5.982366144581636735e-01 -5.604110515850621033e-01 -4.620898605458663155e-01 -4.620898605458663155e-01 -1.057080138301218719e+00
5.265000000000000000e+03 6.749005662475497047e+01 -8.400424117985664241e-01 7.510939043984576902e-01 -8.400424117985664241e-01 7.510939043984576902e-01 -1.785501349938606985e+00 -5.284174550168925233e-01 -5.284174550168923012e-01 5.733556111306280512e-01
5.366000000000000000e+03 6.932297726027752560e+01 -3.376218601495172278e-01 -3.967981698878413344e-01 -3.376218601495172278e-01 -3.967981698878413344e-01 -6.237556161890857043e-01 6.690825728810513295e-01 6.690825728810513295e-01 -3.671533827021922769e-01
5.467000000000000000e+03 7.068522043403133637e+01 4.423218678739794241e-01 4.734225559170490705e-01 4.423218678739794241e-01 4.734225559170490705e-01 2.675739501226182870e+00 3.032410902162521182e+00 3.032410902162521182e+00 3.768268941462161736e-01
5.568000000000000000e+03 7.326489724707107598e+01 1.854281552352506912e-01 -1.379680974178040476e+00 1.854281552352506912e-01 -1.379680974178040476e+00 -1.693528097131135057e+00 -1.836463014998748644e+00 -1.836463014998748644e+00 2.912927426088490201e-01
5.669000000000000000e+03 7.569019332658230326e+01 -7.723422775778998606e-01 4.037183538336601152e-01 -7.723422775778998606e-01 4.037183538336601152e-01 -2.370155883352321968e+00 4.624549120448697703e-01 4.624549120448702144e-01 2.680793134208452333e-01
5.770000000000000000e+03 7.906208321542504791e+01 2.417443058657982036e+00 3.370824169163170181e-01 2.417443058657982036e+00 3.370824169163170181e-01 7.548819808255172736e-01 -1.095418186080494571e+00 -1.095418186080494349e+00 2.086200814066456743e+00
5.871000000000000000e+03 8.197686404503775748e+01 6.962252779885391707e-02 7.233792616039403933e-01 6.962252779885391707e-02 7.233792616039403933e-01 1.385258276365028962e+00 7.626366237948377647e-01 7.626366237948380977e-01 -2.836782550737538600e+00
