# l Dl_TT Dl_TE Dl_TB Dl_ET Dl_BT Dl_EE Dl_EB Dl_BE Dl_BB
7.050000000000000000e+01 1.964034960600291924e+03 -7.072732644888504616e+00 -1.690103410182049459e-01 -7.345558959021715850e+00 4.886732196924703509e-03 3.901348911591029367e-01 1.522651458418386970e-02 1.082244575687216215e-02 9.021321556027029655e-04
1.065000000000000000e+02 2.956967683228497208e+03 -2.659567049865296440e+01 5.837325710544979396e-01 -2.674666801363535740e+01 8.593690800148167108e-01 8.446505384558923302e-01 -4.132418011802154421e-03 -5.334706329473077116e-04 1.541966738136013419e-02
1.425000000000000000e+02 4.023503594913905545e+03 -4.363668389614927889e+01 1.636767379943814271e-01 -4.406988242430360003e+01 -2.850220208994502791e-03 1.068535273682340581e+00 1.132263767305649593e-02 1.788573899474810852e-02 -1.820653303875719234e-02
1.785000000000000000e+02 5.114044509448069221e+03 -3.457074590384694091e+01 -7.968379680452315483e-01 -3.544568786229454815e+01 -1.677239690521613869e-01 8.360802981151864710e-01 3.758068201993668145e-02 1.034213443340579672e-02 2.598317494348335172e-02
2.145000000000000000e+02 5.761310058778200982e+03 5.814483294290910820e+00 -8.206102894753976029e-01 5.347369410643707965e+00 -1.120542893710780197e+00 8.551892440422150798e-01 1.102725395489786119e-02 2.414118708278135614e-02 -2.198871859207906024e-02
2.505000000000000000e+02 5.697166324478405841e+03 6.854156468028567417e+01 -1.539748895587772781e-01 6.846684028515595344e+01 -4.736266368101938462e-01 2.749868778285032178e+00 8.963813849041997461e-03 -5.000196991635211599e-03 3.074048838061717651e-02
2.865000000000000000e+02 4.537373872810378998e+03 1.087598070400069616e+02 -6.424312956973358135e-01 1.088054651067513845e+02 -2.615306851021597656e-01 6.731723114036628708e+00 -2.068571880302120733e-02 -3.287146139454737159e-02 2.521635970404894830e-02
3.225000000000000000e+02 3.376667468178236049e+03 1.207203459976994964e+02 -8.057603173109073591e-01 1.206312851267948076e+02 -2.296179135108531444e-01 1.356618934637343088e+01 -8.044457863750301141e-02 -3.176079894534668963e-02 4.320009888097937900e-02
3.585000000000000000e+02 2.322479062126583358e+03 7.553508640361803828e+01 1.845028219669793135e-01 7.551154614517935215e+01 2.070432961761736745e-02 1.936897411375846900e+01 -7.170897493177865595e-03 3.091680837505289201e-02 4.867645919232484186e-02
3.945000000000000000e+02 1.735894639207720047e+03 1.375102211005729558e+01 2.139628437736595390e-01 1.324391098135052758e+01 4.616933238090668856e-03 2.136313957603491076e+01 -6.121930135266850925e-02 -5.847178718079234366e-02 5.990814884569788112e-02
4.305000000000000000e+02 1.811489601722072621e+03 -4.914107482798920046e+01 -3.544469876048610413e-01 -4.768785486550551411e+01 2.776717288969462460e-01 1.913778122178447916e+01 1.128473963782631456e-02 4.214150956753104360e-02 5.208326623466601885e-02
4.665000000000000000e+02 2.082225209548874773e+03 -7.326327979439238902e+01 3.375625223984679568e-01 -7.316583056568366317e+01 3.087770640968972025e-01 1.329797816224736451e+01 2.558143713063420685e-02 -3.146119827780333167e-03 2.631709755992802519e-02
5.025000000000000000e+02 2.519559209109180301e+03 -5.694868522884566175e+01 1.005539196518104639e+00 -5.689113226290688630e+01 3.052427981827546266e-01 8.257550532894272877e+00 4.702804238264773895e-04 -5.088261476644993786e-02 7.244856179252448514e-02
5.385000000000000000e+02 2.567615987653844513e+03 -1.406280756195296888e+01 2.538787789013651763e-01 -1.374405283849571369e+01 -4.027763529537327636e-01 7.389314613117276664e+00 -2.707100709196720578e-02 6.275516492934425650e-02 4.488329148994020523e-02
5.745000000000000000e+02 2.479741065081214401e+03 2.126148741754693816e+01 -4.586490308559005857e-01 2.111452499675239736e+01 2.337025475553046183e-01 1.285914044633386055e+01 -3.131153745601285981e-02 -2.876079703768827725e-02 4.825374116543561243e-02
6.105000000000000000e+02 2.114365628758491766e+03 2.824354166594716986e+01 -1.527730406115256123e+00 2.780045110530832631e+01 -7.358024948860929504e-01 2.288482603969555385e+01 -5.033070941679484989e-02 -1.305562206689468013e-02 9.537883819762180138e-02
6.465000000000000000e+02 1.865672147881314231e+03 -1.082003065221347526e+01 6.142227910348674325e-02 -1.161590722846096924e+01 1.714832069336084119e-01 3.292526344240307878e+01 3.103762877239084686e-02 -8.268666586811624503e-03 4.070155120648252800e-02
6.825000000000000000e+02 1.780222534797843309e+03 -7.112398642042882102e+01 -7.768931979513604702e-01 -7.099476532499630821e+01 -2.768067243315602277e-01 3.733056764741628797e+01 -1.292104787926875442e-01 -2.270199506184237756e-02 5.454249592183263440e-02
7.185000000000000000e+02 1.977749799007304773e+03 -1.138149733514588746e+02 2.149370054219275628e-01 -1.145507835106321579e+02 2.062903306350762911e-01 3.414341395881303498e+01 4.617675621762512908e-03 -3.367518995817943284e-02 5.115893331462034732e-02
7.545000000000000000e+02 2.249347057055093501e+03 -1.329219774625067885e+02 -2.426828875079488079e-01 -1.320469621040051322e+02 1.427063649786608490e-01 2.695775813104281582e+01 -2.165682618198731813e-02 -4.310268716774289660e-02 8.078266592734598128e-02
7.905000000000000000e+02 2.490108913038708124e+03 -1.011638291823451823e+02 -4.640426625073446609e-01 -1.011699292488777644e+02 -9.035982152957866553e-05 1.720199437810268961e+01 2.342963194154283613e-02 2.619712060173667867e-03 9.000425173994773542e-02
8.265000000000000000e+02 2.492070456524210385e+03 -4.239966029113052315e+01 -6.596276800382195882e-01 -4.273629566414138736e+01 -3.077997669781431522e-01 1.270373434268102919e+01 7.183994712082794609e-02 3.194683830819377429e-02 7.116115116746943303e-02
8.625000000000000000e+02 2.283313474340127868e+03 1.980557539374426668e+01 -1.360817209749711210e-01 1.969379356442183493e+01 4.407400274484112312e-01 1.484698707121773609e+01 2.265507543146194624e-02 -1.881800947156206730e-02 1.544691840077604961e-01
8.985000000000000000e+02 1.928044711634532632e+03 5.492737683765572143e+01 -1.004210149895175430e+00 5.439062531915811860e+01 -1.674018844983498067e-01 2.357793938147513302e+01 2.451984410747204413e-04 1.043125592014809561e-01 1.216500949907925178e-01
9.345000000000000000e+02 1.514442275590406325e+03 5.168143564725576056e+01 3.150443380280620875e-02 5.247333522615977586e+01 2.704896312813854231e-01 3.413243546041144327e+01 -6.806989476472488643e-02 1.712494487218069183e-02 1.329406077749705761e-01
9.705000000000000000e+02 1.215409066820590851e+03 1.770818337954200672e+01 -9.159675804617438688e-01 1.713369351235210303e+01 -9.132425031367203960e-01 4.089719123745712182e+01 -6.793392766420751350e-02 -6.186981383681788849e-03 8.553175054133131672e-02
1.006500000000000000e+03 1.045837101597180663e+03 -3.086880129463731137e+01 4.307696688500214921e-01 -3.110557956802652058e+01 -5.391496578741955537e-01 4.144762127650027139e+01 3.315264076894481465e-02 9.599921159837004891e-02 5.199988582871158116e-02
1.042500000000000000e+03 1.070723815968867939e+03 -6.676671994159860901e+01 -8.274961147184656252e-01 -6.696038446564794810e+01 -6.387119088187215299e-02 3.507079093582572682e+01 7.281077645637039353e-02 -2.688885989588560982e-02 6.433200939956601472e-02
1.078500000000000000e+03 1.166561624039414255e+03 -7.894819834222603561e+01 4.315887613265299017e-01 -7.914842180695033846e+01 4.599846136524598367e-02 2.534777720587834438e+01 -1.368204919541566034e-01 -1.098727044906224609e-02 1.155062286466035648e-01
1.114500000000000000e+03 1.234985532544104444e+03 -5.861547267371317815e+01 5.970175319768936673e-01 -5.888501568845433098e+01 6.008241127735480802e-01 1.703663605395725256e+01 -4.587648540552650284e-02 4.854834543809910530e-02 7.704464049819381710e-02
1.150500000000000000e+03 1.236320846349561180e+03 -2.920585664807155268e+01 -4.084524404700783373e-01 -2.995023372535402473e+01 5.355997217785662956e-02 1.330047745223285460e+01 2.043920885576821014e-02 2.027608501887367617e-02 1.166980789629753490e-01
1.186500000000000000e+03 1.117334999753386910e+03 -2.318487287310299738e+00 3.578139686289295573e-01 -2.524184655318497672e+00 1.078283530157381903e-01 1.537715275962755967e+01 8.317874955584830809e-02 5.749146695073331648e-02 8.219951354192289728e-02
1.222500000000000000e+03 9.721998216145750575e+02 6.935436891398354398e+00 3.526098877442057078e-01 7.370274087226461823e+00 3.622712795299714017e-01 2.119805695326436279e+01 6.334510276731193656e-02 8.284450388583745883e-02 5.948767804266735792e-02
1.258500000000000000e+03 8.074785918609065902e+02 -4.829353618827124883e+00 1.058883822539166686e-01 -5.297142995044863412e+00 6.964309224823326261e-01 2.713326587657443412e+01 1.914187276677184191e-01 1.305730041112199147e-02 7.192755979240567088e-02
1.294500000000000000e+03 7.376398062443801109e+02 -2.875144750891435308e+01 3.134492270354222176e-02 -2.866409126530030704e+01 1.319635879257997357e-01 3.034465322994906700e+01 -8.923432197424543966e-02 6.771133747543726933e-02 3.749387940286852405e-02
1.330500000000000000e+03 7.339853215099003592e+02 -5.083897283228289155e+01 2.510797297578828413e-01 -5.034798506208903035e+01 4.734517197071399508e-01 2.854944730387801144e+01 -3.838464368422878775e-02 -8.422913568116916980e-03 5.313041665604015251e-02
1.366500000000000000e+03 7.831645765342695995e+02 -5.923812596051192259e+01 -2.764770734663773433e-01 -5.964552688078332210e+01 4.927572609669703119e-02 2.335133793088706256e+01 -3.181129531603734545e-02 2.443066044491964267e-02 1.721974132981961003e-01
1.402500000000000000e+03 8.260024529686137384e+02 -5.405212746254950673e+01 2.560062193182159884e-01 -5.384911209715359348e+01 1.412432121146064978e-01 1.710747757323719753e+01 -4.263098144432016928e-02 -7.314289852256310176e-02 1.154130481285120108e-01
1.438500000000000000e+03 8.178690973764494174e+02 -3.441582503582877450e+01 -3.757352835634280575e-01 -3.363020852554264906e+01 3.288143713210288088e-01 1.233472828684750056e+01 -9.346395519730078816e-03 7.996109869379649376e-03 6.843394388312826204e-02
1.474500000000000000e+03 7.598798790802670737e+02 -1.293681685738606113e+01 6.361496647438635854e-01 -1.289240855663099516e+01 -1.608472938395892893e-01 1.144128743951677407e+01 6.009159227172514162e-02 1.155503277219912528e-01 1.566710424983214223e-01
1.510500000000000000e+03 6.660567938409229782e+02 3.376056963475387196e+00 2.954873385954377984e-01 3.664339342791227416e+00 2.292475779451947082e-01 1.366630048597005143e+01 -5.582668920386787970e-02 -1.867243374503690934e-02 8.548323889423167787e-02
1.546500000000000000e+03 5.576089525759148273e+02 5.917766909884006665e+00 -4.010166622136084880e-01 6.381968124351087290e+00 -2.831842525000738964e-01 1.721146339920055368e+01 4.282829858718328192e-02 -1.066316281786059833e-01 4.092317657809556308e-02
1.582500000000000000e+03 4.693300665234889948e+02 -9.355410107900989924e-01 -1.367800528913793168e-01 -1.333769657591500124e+00 1.332999520665148485e-01 2.035040067595969759e+01 5.734611961928216817e-02 7.014889098892934660e-02 1.162402240522671520e-01
1.618500000000000000e+03 4.131976380495405579e+02 -1.450744744410883591e+01 4.327171573634526203e-01 -1.501814824534343984e+01 7.586172479563196847e-02 2.029787899920981076e+01 -2.014903564742956399e-02 -2.088732860613112113e-02 7.384398166059712165e-02
1.654500000000000000e+03 3.998256083350462404e+02 -2.494651871597505277e+01 1.206993413208059251e-01 -2.549637909917137790e+01 1.865768968797987815e-01 1.851023096909433008e+01 8.388969802034615397e-02 3.632619659756570335e-02 3.180864876501291599e-02
1.690500000000000000e+03 3.996163284869485892e+02 -2.940593029912931655e+01 9.717087295412124570e-02 -2.889988344258996733e+01 3.467018451506158616e-01 1.475546168284166626e+01 -7.593630327036197947e-02 1.149496251450785739e-02 5.729850989061245625e-02
1.726500000000000000e+03 4.035079050676923771e+02 -2.592862339057789711e+01 4.506026586564025604e-02 -2.602271153006261173e+01 -1.832957561352397402e-01 1.094772385139505388e+01 -2.460930929059455471e-02 -1.201778753134010586e-02 -3.887863956452183856e-02
1.762500000000000000e+03 3.980161989720116935e+02 -1.797067145271273603e+01 1.463356186920526103e-01 -1.852196313955584372e+01 1.124086244725389927e-01 8.589066752818801831e+00 6.096757589628105933e-02 1.238991467651592848e-01 -5.037968661297780038e-02
1.798500000000000000e+03 3.647648563535896074e+02 -1.000151108812012879e+01 3.301268113667065740e-01 -9.939881290833262995e+00 6.312945823153057190e-02 7.842925386602990656e+00 -6.932282650331053619e-02 -7.756382907855097208e-02 1.131167287874235428e-01
1.834500000000000000e+03 3.300635886524800071e+02 -5.548505734956460600e+00 -4.170990062659146042e-02 -5.512556350706812935e+00 1.984086215414876953e-01 8.760798529811859581e+00 1.324010057390085926e-01 -7.235814554024833090e-02 9.847824404019220670e-03
1.870500000000000000e+03 2.872104451516074732e+02 -5.011919159991469641e+00 1.916558679224432404e-02 -5.088703787054029704e+00 -3.088927708737113087e-01 1.028855929105392164e+01 6.187568168649425215e-02 7.179823044485654504e-02 1.563468888300846571e-01
1.906500000000000000e+03 2.587908768829388464e+02 -9.174901916409226033e+00 -4.065601842821536249e-01 -9.828562755507187276e+00 -3.654231880070876737e-01 1.133701986579036358e+01 -5.332472213243886344e-02 9.878290065272560261e-02 6.714373248192817556e-02
1.942500000000000000e+03 2.417847239968608051e+02 -1.447050610849216667e+01 -1.361186682497793621e-01 -1.417560544993169991e+01 -2.900766001855623055e-01 1.098742230205517778e+01 -1.347247729633633540e-01 -5.722422384934149758e-02 1.060730375023115901e-01
1.978500000000000000e+03 2.414430387475626389e+02 -1.756108697129048579e+01 7.045345326530941255e-02 -1.811374036778118324e+01 1.922668580344030764e-01 9.935087281816564087e+00 -6.569891605405633883e-02 4.155286934030489460e-02 1.509392970551674817e-01
2.014500000000000000e+03 2.437289719731482478e+02 -1.725060951007937149e+01 2.657096576349485817e-01 -1.751741008220641049e+01 2.874958495251451751e-01 7.715998775549172350e+00 -6.289181739917451552e-02 -4.943012005297217626e-03 1.354711036472726615e-01
2.050500000000000000e+03 2.393105106016815284e+02 -1.373169812029777148e+01 -2.785904543441077852e-01 -1.380868389369591043e+01 1.879380888067052058e-01 6.206583693833604087e+00 5.733926472524401852e-03 3.618113150769335790e-02 -5.717115774114066296e-02
2.086500000000000000e+03 2.273360036592310678e+02 -9.681086855777708777e+00 -4.882999450035170608e-02 -9.456503823913820383e+00 -7.491475835789658533e-02 5.090358359475519734e+00 -5.455520581763767529e-03 3.054726645865390999e-02 -9.394368560345849051e-02
2.122500000000000000e+03 2.061636522719441587e+02 -5.377346111294093234e+00 -1.601387168034437980e-01 -5.122865797104140029e+00 1.050804181209332167e-01 5.030090362619681343e+00 9.709998061998004193e-02 5.522451076525243530e-02 1.356614049629074198e-02
2.158500000000000000e+03 1.799031693015181190e+02 -2.887958871964813934e+00 -1.115912389376426672e-01 -2.755728946401794222e+00 -4.573037575963656565e-01 5.380287089149248025e+00 -2.039303743272055311e-02 -7.284496260303711945e-02 7.868041717517898492e-02
2.207000000000000000e+03 1.517398114889444400e+02 -3.599623328685118917e+00 -5.799629583221931062e-02 -3.523823279340319026e+00 8.347837119287443430e-02 6.120075486206925319e+00 -6.668434685928648076e-02 -3.979425364758187866e-02 4.029008587943350844e-02
2.268000000000000000e+03 1.326793390626003202e+02 -6.853678001128811204e+00 -1.518192556772572921e-01 -7.110082635359308512e+00 4.262495346377939698e-02 5.747750844716509988e+00 9.338508345546690792e-02 1.663039802741711481e-03 -6.977318210925068098e-02
2.329000000000000000e+03 1.266295473316452416e+02 -8.006307110850979569e+00 -9.008511182385228744e-02 -8.172562274170484642e+00 -1.423850067372997574e-01 4.786272596473182261e+00 -6.263037991838756036e-02 -5.210725684630105464e-02 1.219662343231801144e-02
2.390000000000000000e+03 1.180437614994441731e+02 -5.658697416741838460e+00 5.995809011753323869e-02 -5.558010911387211372e+00 -1.376793726694563458e-01 3.261585805517543513e+00 -8.287074562162956293e-02 5.853784631078939871e-03 8.563826960485737549e-02
2.451000000000000000e+03 1.051408490032902421e+02 -3.519290991919526768e+00 1.232129923489179435e-02 -3.338789279145007782e+00 2.246053190025392721e-01 2.540725278974949042e+00 -6.633768799786750325e-02 1.234792569264090145e-01 4.651185929639573002e-02
2.512000000000000000e+03 9.153909215018566670e+01 -2.846663023612789445e+00 -2.170739082379651574e-01 -3.075423787747018078e+00 9.903317335755938700e-02 2.873429062453531468e+00 8.857882269211747595e-02 -1.356262210411554592e-01 3.042476244824188214e-02
2.573000000000000000e+03 8.244882708839219276e+01 -4.049662759524956357e+00 1.864716285116387873e-01 -4.028146145491206198e+00 1.398326348055245472e-01 2.841240557399301370e+00 -9.772253814705775254e-02 -2.145770500662096819e-02 3.732711713480765803e-02
2.634000000000000000e+03 7.751624869264111339e+01 -4.272422062050398317e+00 1.731474158349058379e-01 -4.214205170399675460e+00 -4.967668227113671009e-02 2.393268598494914023e+00 6.480916402064236526e-02 6.104753569800712432e-02 9.391097317082690299e-02
2.695000000000000000e+03 7.328596692307357330e+01 -3.503684842886174877e+00 -1.253877006097092184e-01 -3.208159198626321373e+00 1.804402993544551026e-01 1.683596953340761759e+00 9.345342765198628998e-02 3.635431121035063995e-02 1.661621945812799539e-01
2.756000000000000000e+03 6.603919923097750200e+01 -2.035425646360020657e+00 1.344300420165065735e-01 -2.149891762132479567e+00 -8.343386205359709651e-03 1.486084253150208312e+00 5.078553706473875468e-02 1.889046734674487693e-02 3.810853399842313582e-02
2.817000000000000000e+03 5.780856283000403550e+01 -1.307438269769688910e+00 -5.064302141609190733e-02 -1.261356399129613060e+00 -1.088257863958749794e-02 1.522264543068242215e+00 -1.284651208295354077e-02 -1.642472704068057843e-01 6.446107549021191929e-02
2.878000000000000000e+03 5.183129174794711957e+01 -1.438788388410509267e+00 -1.105634438534513764e-01 -1.679746335025269044e+00 -7.309211707936762170e-02 1.411390271454248335e+00 -7.291996901682054610e-02 2.604503184374583613e-01 4.505617918776913533e-02
2.939000000000000000e+03 4.856106803083452661e+01 -1.731136228521224396e+00 1.611931047517961568e-01 -1.847907049891376996e+00 -4.776796242014485355e-02 1.263990826266785827e+00 1.855988343590034562e-01 -3.922588561153107084e-02 2.354100572276821013e-03
3.000000000000000000e+03 4.657421974592014635e+01 -1.496891405546471265e+00 1.495786775775986843e-01 -1.555758437610387457e+00 1.296932821727576624e-01 8.988398886171069524e-01 7.975478848023996592e-02 1.058339255381961219e-01 2.806635399161463984e-02
3.061000000000000000e+03 4.390784716653070063e+01 -1.293171751116628743e+00 1.600105714201872087e-01 -1.567708908781270338e+00 -3.353126868643763192e-01 9.173694897319347730e-01 7.602131445660140208e-02 -7.257124975053293181e-02 -2.240680638702885474e-01
3.122000000000000000e+03 4.069331928660797359e+01 -7.738975613250971275e-01 2.421984320244380817e-01 -9.454206753181624290e-01 -3.165112063597732006e-01 7.759242853442429588e-01 -2.235456498797669389e-01 -3.179520564666544757e-01 -2.049165507237019346e-01
3.183000000000000000e+03 3.820266288624893747e+01 -9.277970778167236032e-01 1.844361448377486723e-01 -1.062193804807064712e+00 -2.075171808005552010e-01 4.970224386509593528e-01 -7.610038145374947716e-03 1.069496726685108534e-01 6.940078967505355911e-02
3.244000000000000000e+03 3.719830281941041505e+01 -1.153354892497302053e+00 1.217416345420865853e-01 -1.176647220767658597e+00 1.709274742320168738e-01 5.308811922535108252e-01 3.399476860332936723e-01 2.540422005847325360e-01 3.265473341084266234e-01
3.305000000000000000e+03 3.598177367497586943e+01 -1.041225803128739580e+00 8.883762125840348467e-02 -9.163236817434761150e-01 -7.541525501806847775e-02 6.136632657795002554e-01 -1.985261596813549523e-01 1.776089085031665737e-01 7.591829404785069291e-02
3.366000000000000000e+03 3.436839051900774678e+01 -7.438982353304611772e-01 1.344148595427122062e-01 -1.152491729857224145e+00 3.582793070068934771e-01 5.676996026644717253e-01 -3.075861066928187726e-01 -2.234153744305229505e-01 -8.999731639575675457e-02
3.447000000000000000e+03 3.300871806399827335e+01 -2.003874881782755635e-01 -1.394506335452623813e-01 -8.436197200415009867e-01 -5.467451185810412451e-02 4.672455662333434567e-01 -2.952044591950258590e-01 -4.028671583446438165e-01 2.037990154842409668e-02
3.548000000000000000e+03 3.144624369714853884e+01 -3.494363216760983937e-01 -5.228728111451307059e-02 -3.842260271556255935e-01 -8.808866291542399862e-04 9.787778913896599819e-02 -2.835213585317012397e-01 -2.793085178419967007e-02 1.952137987802739505e-01
3.649000000000000000e+03 3.061250007452601096e+01 -2.852406692295691992e-01 1.530970433740004022e-01 -3.707888812513177035e-01 2.212702245166078274e-01 -2.318936565555790308e-02 -1.801601501668454453e-01 -5.082020529536036835e-02 2.600180775658321453e-02
3.750000000000000000e+03 2.994977043218838730e+01 -1.146356681166022518e-01 1.660965395130957756e-01 -2.960919484078157748e-01 5.487723123618140630e-02 5.337416930826317518e-01 -7.153966741325308576e-02 3.119803294998770293e-01 1.168156368957046221e-01
3.851000000000000000e+03 2.997311639364233216e+01 1.361482928679019211e-01 -1.150778010137488636e-02 3.591324217156655063e-02 -3.899560191112014795e-01 6.015601910429309029e-01 -2.930777084715244230e-01 -2.790666471774204682e-01 -1.672461332443492821e-01
3.952000000000000000e+03 3.024475575204711930e+01 -8.350874766513721736e-02 -2.005779571573035880e-01 -3.751016649628264865e-01 2.520115113941158169e-01 8.859073112812713979e-02 2.430469103850608492e-01 -1.148294007279158091e-01 3.323692562749273605e-01
4.053000000000000000e+03 3.040599869830310453e+01 -3.204589701203090502e-01 -8.875176484420370382e-02 7.468003136962914068e-02 -5.865383884351459826e-02 4.961209930599695950e-01 -8.902814579999213107e-02 -7.571038689822162659e-02 -1.180564714570954132e-01
4.154000000000000000e+03 3.071570075044392212e+01 -4.811602260504172501e-01 -2.179903240582596879e-01 3.270170278365049522e-03 1.458817070124212856e-01 -5.485155894290702494e-02 8.626425213304055040e-03 -1.762339184861494434e-01 7.082132233336208005e-02
4.255000000000000000e+03 3.116247566700998561e+01 6.569770244094011447e-03 -3.379851718316796427e-01 2.897753732328187115e-02 -3.033593030098093446e-01 2.417055712393284539e-04 2.301971129337336275e-01 -2.509647101268013825e-01 1.134032940696398303e-02
4.356000000000000000e+03 3.163243080071685753e+01 2.103370124882471548e-01 2.711353030127780506e-02 -2.649305826169718325e-01 3.220061798500511441e-01 5.038264042260975906e-01 -2.989797854527308507e-01 1.004940755859481116e-01 4.104022817260724598e-01
4.457000000000000000e+03 3.220924011227495498e+01 -2.929082234607216506e-02 3.955955648637380362e-01 2.949730002778171434e-01 1.571854593133992228e-01 8.763442281191616279e-02 1.048831430638420270e-01 4.005763666279995583e-01 4.955833704190444611e-02
4.558000000000000000e+03 3.302402550700888639e+01 -1.115165872241140055e-01 -2.974119692900359380e-01 -6.547542466112129533e-01 -4.996982920114551030e-02 -7.674095240243639093e-01 -1.359872973114331640e-01 7.633880596023050191e-02 -3.415224286606237669e-01
4.659000000000000000e+03 3.401506787065009974e+01 4.341148694612664283e-01 2.455554099215366270e-01 -1.057493054084482909e-01 1.258145303803418491e-01 5.819061291876542752e-02 4.423091467166837543e-01 1.021770867404522415e-01 1.097010716024840460e-01
4.760000000000000000e+03 3.510335059928495127e+01 3.418813692783960190e-01 2.585144658791951322e-01 3.870391601372069612e-01 6.693514938537001857e-01 9.502249794367378932e-02 -4.527679917761910922e-01 -2.571005302848912710e-01 7.293231866031392174e-01
4.861000000000000000e+03 3.558681279944870823e+01 -2.380398426508207321e-01 4.931063512450348796e-01 5.800389654028657027e-01 7.556187285044299595e-03 -4.130035361663505489e-01 3.199227721269414237e-01 3.582838247153000144e-01 -6.573456514079528690e-02
4.962000000000000000e+03 3.668977213904160806e+01 3.939421322621919908e-01 -2.759021936799977981e-01 -4.332113298185231165e-01 -4.789247406079840119e-01 5.185569750559890778e-01 -3.118933694953593960e-01 2.316661983140106407e-01 4.532711725462992836e-01
5.063000000000000000e+03 3.760179857860564567e+01 2.940447446948022403e-01 1.954396535559621562e-01 3.666555681961052304e-01 3.009512707101583140e-01 -4.509451657628026355e-01 1.397677339079766712e-01 -1.474821446748694753e-01 -1.052804049693025767e+00
5.164000000000000000e+03 3.813346513626238732e+01 5.697640357724471638e-01 1.163955394844152225e-01 3.298947100776402630e-01 -5.986740881854245577e-01 -5.792256328948230948e-01 5.231799531708795081e-01 5.152842466944337896e-02 5.761383763376387579e-01
5.265000000000000000e+03 3.991927743810454388e+01 -5.919085908964881737e-01 -6.379148604750610740e-01 -4.093313300060273940e-01 -1.128779875785994591e-01 6.666006330466081042e-01 5.597978491889432640e-01 -2.537333258883113229e-01 -5.869503148011180338e-01
5.366000000000000000e+03 4.107276319574711465e+01 -1.652422051732012065e-01 1.850060051629431324e-01 -2.996495861501903279e-01 2.075778619231398170e-01 -1.096035775574146498e-01 1.236182433950566484e+00 9.992027508053817897e-01 -5.250547663058931919e-02
5.467000000000000000e+03 4.259107796818496183e+01 1.364009865920552178e+00 1.349346610744783792e-01 6.276139257237391966e-01 2.247211223402243718e-01 5.912287608467203803e-02 6.611565734742831379e-01 3.898992143734064664e-01 5.592508512117553288e-01
5.568000000000000000e+03 4.325205464176741543e+01 -9.054566880441716759e-01 -2.437364828574201114e-02 -1.448538955885691482e-01 -6.950909161619334142e-03 -8.291971175353882728e-01 7.669590481351012956e-01 1.055365960806131653e+00 -9.219035186347666055e-01
5.669000000000000000e+03 4.429386744013685018e+01 1.582167271958493382e-01 -1.274999406811945790e-01 -4.692706346362589542e-01 -4.006354158541317600e-01 6.607145481408525090e-01 9.128970563464409160e-01 5.929773435554018812e-01 1.603627212236703237e+00
5.770000000000000000e+03 4.469530840848553765e+01 7.526165243652073178e-01 -2.088076981370013963e-01 1.010070129535619365e+00 -6.426089229041411777e-01 6.724161392055670872e-01 -1.493888187709501159e-01 1.236074321707675505e+00 1.323567151047496671e-01
5.871000000000000000e+03 4.798878028397257367e+01 6.891037888432168801e-01 -1.811673586669131919e-01 1.176020283005626554e-01 6.152190834056190383e-01 2.187045430025209569e-01 1.404940430676431706e+00 6.788846602222213811e-01 4.837753770100863271e-01
