# l Dl_TT Dl_TE Dl_TB Dl_ET Dl_BT Dl_EE Dl_EB Dl_BE Dl_BB
7.050000000000000000e+01 1.827234223290879982e+03 -7.507011920291450480e+00 2.177275904352409253e+00 -7.507011920291450480e+00 2.177275904352409253e+00 3.585881555811511467e-01 -4.016688495865198757e-03 -4.016688495865205696e-03 2.792653976107447797e-02
1.065000000000000000e+02 2.696851343772757446e+03 -2.671446769530677301e+01 -1.287289392759020323e+00 -2.671446769530677301e+01 -1.287289392759020323e+00 8.407159614640596912e-01 7.068312047303029755e-03 7.068312047303040163e-03 2.550976469958051579e-02
1.425000000000000000e+02 4.253678374577250906e+03 -4.529030674939698997e+01 -1.527189432370713362e+00 -4.529030674939698997e+01 -1.527189432370713362e+00 1.124583314446419013e+00 2.477484886472810371e-02 2.477484886472809331e-02 -1.158544735808762598e-02
1.785000000000000000e+02 5.139458238857820106e+03 -3.370678083775114686e+01 1.666839897373944890e+00 -3.370678083775114686e+01 1.666839897373944890e+00 7.698880052862488998e-01 -1.663760279986674709e-02 -1.663760279986675056e-02 3.052236076496330289e-02
2.145000000000000000e+02 5.688053863644501689e+03 7.160040235136459152e+00 -4.921543292559160676e-02 7.160040235136459152e+00 -4.921543292559160676e-02 8.583844288212877371e-01 2.893505000628109405e-02 2.893505000628110446e-02 3.405854403421706977e-02
2.505000000000000000e+02 5.449700866320287787e+03 5.835047325873446766e+01 -1.117663848867037846e+00 5.835047325873446766e+01 -1.117663848867037846e+00 2.328957355204162916e+00 -1.445160443672374902e-02 -1.445160443672375596e-02 6.121237660875800818e-02
2.865000000000000000e+02 4.412339716391011279e+03 1.078849207165788613e+02 -1.472144290479140971e-02 1.078849207165788613e+02 -1.472144290479140971e-02 6.855638100902430310e+00 -4.753633345035987792e-04 -4.753633345036013813e-04 5.484636090164894673e-02
3.225000000000000000e+02 3.262562353112981782e+03 1.136668683023130058e+02 -8.060252966612554415e-01 1.136668683023130058e+02 -8.060252966612554415e-01 1.323187533836614449e+01 1.680597353418597853e-02 1.680597353418599241e-02 4.131137416020695674e-02
3.585000000000000000e+02 2.274469030198414202e+03 7.379408011247953425e+01 3.330313042519343902e-01 7.379408011247953425e+01 3.330313042519343902e-01 1.907593742508881718e+01 5.393162989096721843e-02 5.393162989096723925e-02 1.620628619009958915e-02
3.945000000000000000e+02 1.734005796457944825e+03 1.036223130223754652e+01 3.349447588458406844e-01 1.036223130223754652e+01 3.349447588458406844e-01 2.144871049400161667e+01 -3.178711194972826809e-04 -3.178711194972861503e-04 4.901607931388086981e-02
4.305000000000000000e+02 1.793943048546511363e+03 -5.201411802014643371e+01 6.266019219620778680e-01 -5.201411802014643371e+01 6.266019219620778680e-01 1.962903106968389721e+01 -2.559141133129445161e-02 -2.559141133129445161e-02 4.656447014248163430e-02
4.665000000000000000e+02 2.160080335884265423e+03 -7.694423422022532577e+01 1.088245704554108295e-01 -7.694423422022532577e+01 1.088245704554108295e-01 1.375453752672793861e+01 -4.348381461757654110e-02 -4.348381461757652028e-02 5.541586893045109818e-02
5.025000000000000000e+02 2.490244664614182511e+03 -5.608526797412335441e+01 8.624288579963832468e-01 -5.608526797412335441e+01 8.624288579963832468e-01 8.187265119449762096e+00 4.068435253167590471e-02 4.068435253167590471e-02 5.804258413949093393e-02
5.385000000000000000e+02 2.575798086760982642e+03 -1.363747360455657009e+01 6.267520971362520177e-01 -1.363747360455657009e+01 6.267520971362520177e-01 7.516239472481110795e+00 8.832691983518341228e-02 8.832691983518339840e-02 9.118020549079773607e-02
5.745000000000000000e+02 2.432201014744707209e+03 2.304078713180739157e+01 -3.167916129191599151e-01 2.304078713180739157e+01 -3.167916129191599151e-01 1.277764916757515401e+01 1.178401055268090969e-01 1.178401055268091108e-01 8.209802058071524744e-02
6.105000000000000000e+02 2.148938348525778565e+03 2.776567312404819887e+01 2.450408065838361182e-01 2.776567312404819887e+01 2.450408065838361182e-01 2.299190381572145725e+01 -7.931918043810096131e-02 -7.931918043810096131e-02 8.932865030613511281e-02
6.465000000000000000e+02 1.859572084386949427e+03 -9.569264027579652776e+00 -3.298701440612701874e-01 -9.569264027579652776e+00 -3.298701440612701874e-01 3.290235375230864179e+01 -4.578196514171450210e-02 -4.578196514171452985e-02 1.149558528977744493e-01
6.825000000000000000e+02 1.813532560302852744e+03 -6.933427373132421678e+01 3.307240795917176790e-01 -6.933427373132421678e+01 3.307240795917176790e-01 3.715601037462457157e+01 -2.402669500918926115e-02 -2.402669500918928197e-02 3.096927707036131044e-02
7.185000000000000000e+02 1.986687231951990498e+03 -1.153263200507891213e+02 4.217230950268733292e-01 -1.153263200507891213e+02 4.217230950268733292e-01 3.474438688145528431e+01 5.432516823749490575e-02 5.432516823749490575e-02 7.886738461561632052e-02
7.545000000000000000e+02 2.290643893286386174e+03 -1.327333569482958637e+02 -1.864566391552109070e-01 -1.327333569482958637e+02 -1.864566391552109070e-01 2.651852039762098556e+01 4.466503803349523849e-02 4.466503803349525237e-02 1.056056255043420211e-01
7.905000000000000000e+02 2.488723776181872381e+03 -1.033393132252336954e+02 -3.700702821138422416e-01 -1.033393132252336954e+02 -3.700702821138422416e-01 1.790129138484563853e+01 7.019147256139775942e-03 7.019147256139765534e-03 -3.067426797998597937e-02
8.265000000000000000e+02 2.543697195894277229e+03 -4.530424569860238648e+01 1.874338585414540570e-01 -4.530424569860238648e+01 1.874338585414540570e-01 1.269693610463615663e+01 1.658305059468803688e-03 1.658305059468807158e-03 7.706155442176336468e-02
8.625000000000000000e+02 2.312442754197278646e+03 2.000007363485899248e+01 -6.229764097654584276e-01 2.000007363485899248e+01 -6.229764097654584276e-01 1.502278645073101515e+01 7.230046591526770317e-02 7.230046591526773092e-02 9.230441598286746874e-02
8.985000000000000000e+02 1.905611100383503754e+03 5.354788211318990676e+01 -2.858408544638941784e-01 5.354788211318990676e+01 -2.858408544638941784e-01 2.328946592344454203e+01 -4.835606253299820634e-02 -4.835606253299821328e-02 1.313654105784516912e-01
9.345000000000000000e+02 1.516771065529670295e+03 5.354928521754959547e+01 -1.310221657051206634e+00 5.354928521754959547e+01 -1.310221657051206634e+00 3.394199511972441030e+01 7.655633045769082157e-02 7.655633045769080769e-02 1.749390056987603914e-01
9.705000000000000000e+02 1.200269702051896502e+03 1.568401174566970369e+01 -4.540648140229802121e-01 1.568401174566970369e+01 -4.540648140229802121e-01 4.113911489427763257e+01 6.347411087788629169e-02 6.347411087788631945e-02 4.917250590377040403e-02
1.006500000000000000e+03 1.059918005680253827e+03 -3.421369801999658478e+01 -5.944472933059802289e-02 -3.421369801999658478e+01 -5.944472933059802289e-02 4.157311005120417491e+01 4.487452988189152836e-02 4.487452988189152836e-02 1.938616302960617654e-01
1.042500000000000000e+03 1.086272171085263381e+03 -6.851320591182638964e+01 2.601186926827692147e-01 -6.851320591182638964e+01 2.601186926827692147e-01 3.534268605527796581e+01 7.839917787671601968e-02 7.839917787671599192e-02 1.546112522041820370e-01
1.078500000000000000e+03 1.183150603174293110e+03 -7.949382000379733881e+01 3.917941867735305062e-01 -7.949382000379733881e+01 3.917941867735305062e-01 2.567316311651500982e+01 -1.777355952136913941e-01 -1.777355952136913664e-01 1.195992347106971110e-01
1.114500000000000000e+03 1.233609577170726880e+03 -6.057281451403548544e+01 -4.006249300026966109e-01 -6.057281451403548544e+01 -4.006249300026966109e-01 1.701930958090468238e+01 3.262837305872760829e-02 3.262837305872758747e-02 5.312687234675949471e-02
1.150500000000000000e+03 1.208341303205843587e+03 -2.931067829713328265e+01 6.359511520629400616e-01 -2.931067829713328265e+01 6.359511520629400616e-01 1.349418041168920723e+01 7.835104748176716094e-02 7.835104748176717482e-02 4.497116585489847190e-02
1.186500000000000000e+03 1.119408352974475974e+03 -2.434361030003377557e+00 9.977735008270409711e-01 -2.434361030003377557e+00 9.977735008270409711e-01 1.555128036626943455e+01 -8.462241827928949911e-03 -8.462241827928953380e-03 2.554995317573003355e-01
1.222500000000000000e+03 9.537623175496088379e+02 7.165140307970681022e+00 2.184883221353045579e-01 7.165140307970681022e+00 2.184883221353045579e-01 2.171304345299938987e+01 7.483029038054939130e-02 7.483029038054944682e-02 8.474253999886559308e-02
1.258500000000000000e+03 8.245441728563072274e+02 -4.839978653397462693e+00 2.723608737806162972e-01 -4.839978653397462693e+00 2.723608737806162972e-01 2.768650907610343737e+01 -7.950272969841981618e-02 -7.950272969841981618e-02 2.608573137926721297e-01
1.294500000000000000e+03 7.433364741270003151e+02 -2.893750439263316565e+01 -2.095401443070706859e-01 -2.893750439263316565e+01 -2.095401443070706859e-01 3.056600427723461522e+01 1.766121303003101717e-01 1.766121303003100884e-01 6.654882651253897496e-02
1.330500000000000000e+03 7.338856864416837880e+02 -5.052887896129674061e+01 2.527072400244614325e-01 -5.052887896129674061e+01 2.527072400244614325e-01 2.881061451625045677e+01 -6.750718579183784263e-02 -6.750718579183788426e-02 1.812310979970550504e-02
1.366500000000000000e+03 7.682418356191882367e+02 -5.945635644012125454e+01 -2.455028780886670259e-01 -5.945635644012125454e+01 -2.455028780886670259e-01 2.320209014991808161e+01 1.004460179927748331e-01 1.004460179927748331e-01 6.413571048045478562e-02
1.402500000000000000e+03 8.125636917574476001e+02 -5.361585172343821171e+01 2.096504329848611903e-01 -5.361585172343821171e+01 2.096504329848611903e-01 1.693981506381860314e+01 -8.896253985164674638e-02 -8.896253985164674638e-02 5.314999876818889135e-03
1.438500000000000000e+03 8.234474785047571004e+02 -3.496585418471681805e+01 4.155972057844926071e-01 -3.496585418471681805e+01 4.155972057844926071e-01 1.272602761155099493e+01 -1.647560073525395352e-01 -1.647560073525395352e-01 9.870241814977852302e-02
1.474500000000000000e+03 7.509025036245916453e+02 -1.262014922024157926e+01 -3.500051574663952669e-01 -1.262014922024157926e+01 -3.500051574663952669e-01 1.152336988753483205e+01 3.196003635648536623e-03 3.196003635648543562e-03 2.540701890597580476e-02
1.510500000000000000e+03 6.688143802963367079e+02 1.760702943201652770e+00 6.053606290358370945e-01 1.760702943201652770e+00 6.053606290358370945e-01 1.340692173200053006e+01 -2.465258794345118187e-02 -2.465258794345114024e-02 1.310338156517438235e-01
1.546500000000000000e+03 5.541106893125945589e+02 6.154504325398932885e+00 5.985402735032659960e-01 6.154504325398932885e+00 5.985402735032659960e-01 1.705439835184398589e+01 8.631722080695261590e-02 8.631722080695256039e-02 8.695333937469804098e-02
1.582500000000000000e+03 4.659197442819216235e+02 -2.400452055701641108e+00 -7.512378966601188091e-02 -2.400452055701641108e+00 -7.512378966601188091e-02 1.997470072097552674e+01 1.076193367263824641e-01 1.076193367263823947e-01 6.582329455723576195e-02
1.618500000000000000e+03 4.082682843564354016e+02 -1.322660217418380668e+01 -2.053353784149870020e-01 -1.322660217418380668e+01 -2.053353784149870020e-01 2.046392321586344920e+01 1.233762200323453156e-01 1.233762200323453295e-01 7.923875105373262562e-02
1.654500000000000000e+03 3.988604079141779835e+02 -2.498443517819275783e+01 -8.882077269136561259e-01 -2.498443517819275783e+01 -8.882077269136561259e-01 1.833761105552821036e+01 1.585347312334365599e-01 1.585347312334365322e-01 4.158962080257153776e-02
1.690500000000000000e+03 3.998871396073155893e+02 -2.972402349876399086e+01 3.050304217630566694e-01 -2.972402349876399086e+01 3.050304217630566694e-01 1.477049654473033335e+01 -2.076745054266915802e-01 -2.076745054266915247e-01 1.118124423191812489e-01
1.726500000000000000e+03 4.097811843034525623e+02 -2.692179187031480936e+01 -1.428669328232273772e-01 -2.692179187031480936e+01 -1.428669328232273772e-01 1.128106061437168783e+01 1.898486523699044470e-01 1.898486523699044193e-01 1.367411525554824148e-01
1.762500000000000000e+03 3.980562780652306856e+02 -1.815622858567315490e+01 1.172901114829849600e-01 -1.815622858567315490e+01 1.172901114829849600e-01 8.304163523451967066e+00 -8.118154022381834922e-02 -8.118154022381832147e-02 1.367628236150814636e-01
1.798500000000000000e+03 3.691117830579399310e+02 -1.047124274439550362e+01 -7.758092643176683900e-02 -1.047124274439550362e+01 -7.758092643176683900e-02 8.004961959465825672e+00 -7.815131371573431907e-02 -7.815131371573437458e-02 1.462148437549802837e-01
1.834500000000000000e+03 3.256408519613820545e+02 -5.387598839520729932e+00 1.806487989795420579e-01 -5.387598839520729932e+00 1.806487989795420579e-01 8.741588453276234461e+00 -5.369835730153053183e-02 -5.369835730153053183e-02 2.977014466558979347e-02
1.870500000000000000e+03 2.864173383054284159e+02 -4.797317470324847122e+00 -2.434639442460078129e-01 -4.797317470324847122e+00 -2.434639442460078129e-01 1.008583063721394879e+01 -5.925242190990022417e-02 -5.925242190990029356e-02 1.534281009399842410e-01
1.906500000000000000e+03 2.591651760762513277e+02 -9.254819670599946591e+00 -9.358492005188144558e-02 -9.254819670599946591e+00 -9.358492005188144558e-02 1.146917222735311626e+01 -2.379860900096887610e-02 -2.379860900096882059e-02 3.349802092292828576e-02
1.942500000000000000e+03 2.445137846149591780e+02 -1.409186978623882425e+01 -3.060881704223463728e-01 -1.409186978623882425e+01 -3.060881704223463728e-01 1.088432662838396325e+01 -1.714418893834450119e-01 -1.714418893834450119e-01 -2.048282140774643767e-01
1.978500000000000000e+03 2.437668050943434537e+02 -1.779665732640484066e+01 3.548331211823729792e-02 -1.779665732640484066e+01 3.548331211823729792e-02 9.737077848739238206e+00 -1.434232264817719149e-01 -1.434232264817718594e-01 7.168064504113710877e-02
2.014500000000000000e+03 2.436822753927339988e+02 -1.761119174879730309e+01 -2.169467719545659645e-01 -1.761119174879730309e+01 -2.169467719545659645e-01 8.077223856414278202e+00 5.068156130524704983e-02 5.068156130524704983e-02 1.019018195086238004e-01
2.050500000000000000e+03 2.372760618446761214e+02 -1.410322797141912687e+01 2.421932604637481168e-01 -1.410322797141912687e+01 2.421932604637481168e-01 6.240847428674149988e+00 3.786835439940915149e-02 3.786835439940913761e-02 -3.699193689447282502e-04
2.086500000000000000e+03 2.266132799456802900e+02 -9.602906913351842988e+00 -2.763398342449369660e-01 -9.602906913351842988e+00 -2.763398342449369660e-01 5.185288791531048602e+00 1.257100372013809086e-01 1.257100372013808531e-01 7.140622862769442636e-02
2.122500000000000000e+03 2.049845322842393216e+02 -5.513827342814600740e+00 -1.760852900954235079e-01 -5.513827342814600740e+00 -1.760852900954235079e-01 5.171434371530381213e+00 8.129546407876095393e-02 8.129546407876092617e-02 6.560481716012812881e-02
2.158500000000000000e+03 1.812336288888546676e+02 -2.976743158454404181e+00 7.212703713438323172e-03 -2.976743158454404181e+00 7.212703713438323172e-03 5.442258214830604679e+00 7.118445107482072876e-03 7.118445107482058998e-03 9.046193170515827442e-02
2.207000000000000000e+03 1.522932907440561507e+02 -3.418986802128213043e+00 -1.211078033391609632e-01 -3.418986802128213043e+00 -1.211078033391609632e-01 5.935448936106879181e+00 -4.090916535891848255e-03 -4.090916535891848255e-03 6.226332756257118781e-03
2.268000000000000000e+03 1.327748852109681366e+02 -6.434499717467931035e+00 -1.465804095378737959e-01 -6.434499717467931035e+00 -1.465804095378737959e-01 5.833930665331312326e+00 -6.063705746401925473e-03 -6.063705746401918534e-03 5.695065324289523209e-03
2.329000000000000000e+03 1.259054929691074278e+02 -7.973959295963523708e+00 2.864018724920699976e-01 -7.973959295963523708e+00 2.864018724920699976e-01 4.239228441651559542e+00 7.712652121514775028e-02 7.712652121514780579e-02 1.213134616672389976e-01
2.390000000000000000e+03 1.184631757318536387e+02 -6.244645657192238630e+00 -3.755153457030591113e-01 -6.244645657192238630e+00 -3.755153457030591113e-01 3.339420270973520566e+00 3.496383584533949151e-02 3.496383584533952621e-02 9.441296971589316356e-02
2.451000000000000000e+03 1.045099652657306706e+02 -3.217388623811615389e+00 -1.797109503763467120e-01 -3.217388623811615389e+00 -1.797109503763467120e-01 3.021734253473761012e+00 1.146868137013536404e-01 1.146868137013536404e-01 3.133138406778163826e-02
2.512000000000000000e+03 9.154823739313789588e+01 -2.975611569944935475e+00 8.021529867476225040e-02 -2.975611569944935475e+00 8.021529867476225040e-02 3.200763815886785935e+00 -7.070557026769451470e-02 -7.070557026769454245e-02 1.150762231448338446e-01
2.573000000000000000e+03 8.220485495280134103e+01 -4.018779211605603585e+00 8.094286514504070440e-02 -4.018779211605603585e+00 8.094286514504070440e-02 2.677749521667280863e+00 -2.002114676606176202e-01 -2.002114676606175647e-01 -1.663138092372065946e-01
2.634000000000000000e+03 7.770915922028524392e+01 -4.079314693149466819e+00 -3.349390925786670248e-02 -4.079314693149466819e+00 -3.349390925786670248e-02 2.431470508569636202e+00 4.453601560335863213e-02 4.453601560335865295e-02 -8.321283244534308232e-02
2.695000000000000000e+03 7.304698234096147758e+01 -3.638228853079807923e+00 -5.954075755680895976e-02 -3.638228853079807923e+00 -5.954075755680895976e-02 1.898108654228541914e+00 4.466584742380604045e-02 4.466584742380602657e-02 -2.967427665835706829e-01
2.756000000000000000e+03 6.558462570560493532e+01 -1.997239050806277838e+00 -8.395536170156733813e-02 -1.997239050806277838e+00 -8.395536170156733813e-02 1.281052623066376128e+00 -9.711304472362641826e-02 -9.711304472362650153e-02 -2.529863660488619881e-01
2.817000000000000000e+03 5.828065440612605386e+01 -1.249679684075116537e+00 -1.541768601289296992e-01 -1.249679684075116537e+00 -1.541768601289296992e-01 1.506466983115989811e+00 1.541767120051135143e-01 1.541767120051135143e-01 9.538583473776633681e-02
2.878000000000000000e+03 5.239456503903091544e+01 -1.676924360055217056e+00 1.415650919005830566e-01 -1.676924360055217056e+00 1.415650919005830566e-01 1.626240262234905698e+00 -1.520551980646296375e-01 -1.520551980646296097e-01 -4.852856772447973650e-03
2.939000000000000000e+03 4.922820549364057996e+01 -1.730352360956794122e+00 -1.522390450513568250e-01 -1.730352360956794122e+00 -1.522390450513568250e-01 8.987104147661648668e-01 3.730306210964189073e-02 3.730306210964189767e-02 1.157885586163549113e-01
3.000000000000000000e+03 4.614886868185504198e+01 -1.558668119081788372e+00 3.264096956177325315e-01 -1.558668119081788372e+00 3.264096956177325315e-01 1.058181791480194756e+00 -6.407109331781585260e-02 -6.407109331781586647e-02 4.317761739986527569e-01
3.061000000000000000e+03 4.402917823361120497e+01 -1.338641370852982737e+00 2.110554833452412959e-01 -1.338641370852982737e+00 2.110554833452412959e-01 1.003397304076817154e+00 7.389554313600248114e-02 7.389554313600250890e-02 2.425633175924432061e-01
3.122000000000000000e+03 4.095494528039760951e+01 -7.400440400997616575e-01 1.602519469605568070e-01 -7.400440400997616575e-01 1.602519469605568070e-01 3.365127606735540122e-01 -1.049120902510351921e-01 -1.049120902510351783e-01 9.364729901111727706e-02
3.183000000000000000e+03 3.882963084476529758e+01 -8.337914513089471624e-01 2.794052534583049141e-01 -8.337914513089471624e-01 2.794052534583049141e-01 9.288282819382825961e-01 1.736403836482589280e-01 1.736403836482589280e-01 4.244142483694426926e-01
3.244000000000000000e+03 3.746284197658304294e+01 -9.119755766475083902e-01 2.749562111363368366e-02 -9.119755766475083902e-01 2.749562111363368366e-02 3.577793428791447017e-01 -6.046525474723309090e-02 -6.046525474723306315e-02 2.111462896087339669e-01
3.305000000000000000e+03 3.611925754861962901e+01 -8.324080406954201816e-01 -8.419305396906891226e-03 -8.324080406954201816e-01 -8.419305396906891226e-03 8.372532747174403767e-01 -7.257600006686960870e-02 -7.257600006686959482e-02 1.562152656921164673e-01
3.366000000000000000e+03 3.485527798709779290e+01 -5.791704619465717352e-01 -3.761096247668119785e-01 -5.791704619465717352e-01 -3.761096247668119785e-01 1.275327152516580465e-01 -2.654819883456536744e-01 -2.654819883456537299e-01 -7.486922780398874017e-03
3.447000000000000000e+03 3.334231265579483505e+01 -5.266953859892568035e-01 9.117091119872489102e-02 -5.266953859892568035e-01 9.117091119872489102e-02 3.408690798010219902e-01 2.049463116455109146e-01 2.049463116455108869e-01 -2.995556421240344047e-01
3.548000000000000000e+03 3.113944525268313157e+01 -5.779937200521739760e-01 -1.413321805609722426e-01 -5.779937200521739760e-01 -1.413321805609722426e-01 6.859451484940968236e-01 8.780840212329385497e-02 8.780840212329379946e-02 2.582003638063778417e-01
3.649000000000000000e+03 3.111793616100903037e+01 -2.698026527254200335e-01 1.126406914595240172e-01 -2.698026527254200335e-01 1.126406914595240172e-01 5.727194237990748671e-02 -1.637409686909030437e-01 -1.637409686909030437e-01 -5.758902510973570171e-02
3.750000000000000000e+03 3.089226326846937454e+01 -5.296036446005299991e-01 -5.907708562421987164e-02 -5.296036446005299991e-01 -5.907708562421987164e-02 2.186452089664530848e-02 -3.716032640689634348e-03 -3.716032640689689859e-03 -8.735753374994120746e-02
3.851000000000000000e+03 3.055564010746595827e+01 -2.885803912886454881e-01 -1.664408044017200716e-01 -2.885803912886454881e-01 -1.664408044017200716e-01 1.461136634494282771e-01 3.106814383181487685e-02 3.106814383181487338e-02 -9.045825646632146833e-02
3.952000000000000000e+03 3.106874200201492897e+01 -2.401220942479845022e-01 4.506181989577316693e-02 -2.401220942479845022e-01 4.506181989577316693e-02 -4.951368756446640207e-01 2.941021873607773118e-01 2.941021873607772008e-01 2.397980170438747949e-01
4.053000000000000000e+03 3.102049866550447632e+01 -3.333877404386917376e-01 1.201276321451787699e-01 -3.333877404386917376e-01 1.201276321451787699e-01 2.456960545251995198e-01 -2.752538037466010779e-01 -2.752538037466012444e-01 2.541804596840124275e-01
4.154000000000000000e+03 3.138552302077669864e+01 1.039269359557401518e-01 7.738903963096394056e-02 1.039269359557401518e-01 7.738903963096394056e-02 -3.056077349566036494e-01 -1.836186536852350837e-02 -1.836186536852351184e-02 -1.382866522284383337e-01
4.255000000000000000e+03 3.200028638126848790e+01 -1.888768638690300761e-01 -2.921381220680385749e-01 -1.888768638690300761e-01 -2.921381220680385749e-01 -4.274290978993006140e-02 5.070951268929588807e-01 5.070951268929588807e-01 -7.280116672120504062e-02
4.356000000000000000e+03 3.210630504535713214e+01 1.000405534365851473e-01 1.434780499597661241e-01 1.000405534365851473e-01 1.434780499597661241e-01 2.368752601549694303e-01 5.791991773723819126e-01 5.791991773723820236e-01 3.075032722855996700e-02
4.457000000000000000e+03 3.293260691736553269e+01 1.863637382346371718e-01 -8.657568900716768046e-02 1.863637382346371718e-01 -8.657568900716768046e-02 1.520271623566462060e-01 2.382058209697687778e-01 2.382058209697686113e-01 1.436927161907805839e-01
4.558000000000000000e+03 3.366300509538620389e+01 -2.437926338540719329e-01 3.339884696756442728e-02 -2.437926338540719329e-01 3.339884696756442728e-02 4.667368307085584256e-01 3.065328587452970099e-01 3.065328587452968989e-01 -5.936684416369583106e-01
4.659000000000000000e+03 3.426846036730341183e+01 4.827895411640979462e-01 -1.387313255348091579e-01 4.827895411640979462e-01 -1.387313255348091579e-01 4.563744558070035456e-02 3.164828165713866048e-01 3.164828165713866603e-01 -5.949083462549501627e-02
4.760000000000000000e+03 3.557519684600407572e+01 1.731090529124468258e-01 2.463245327894334757e-01 1.731090529124468258e-01 2.463245327894334757e-01 3.908483995262048150e-01 1.097413865384762321e-01 1.097413865384762738e-01 8.093728807404626524e-02
4.861000000000000000e+03 3.654125091520477042e+01 -4.867353462627835303e-02 -2.274993727308092795e-01 -4.867353462627835303e-02 -2.274993727308092795e-01 -7.778009465472166539e-01 4.086156738150437673e-01 4.086156738150437673e-01 6.349964422945973685e-02
4.962000000000000000e+03 3.808147787070434731e+01 3.157018034014951735e-01 -1.361487541890972486e-02 3.157018034014951735e-01 -1.361487541890972486e-02 8.981720330383161643e-01 2.490326679597917869e-02 2.490326679597920645e-02 1.615669186030934401e-01
5.063000000000000000e+03 3.782197845817007220e+01 7.860876767204729720e-01 5.686238336397403392e-01 7.860876767204729720e-01 5.686238336397403392e-01 1.264554291574568889e-01 5.843500499246270241e-01 5.843500499246270241e-01 -1.557291220013313493e-01
5.164000000000000000e+03 3.981856146124228957e+01 3.820174002549803216e-03 2.278153976550945092e-01 3.820174002549803216e-03 2.278153976550945092e-01 5.578095918978720480e-01 -6.152550803864774709e-01 -6.152550803864774709e-01 -2.941382178219776322e-01
5.265000000000000000e+03 4.060507366016391728e+01 -1.930595647112136604e-01 -2.835504124512030488e-01 -1.930595647112136604e-01 -2.835504124512030488e-01 5.347727972768423488e-01 1.518945540853304799e-01 1.518945540853304244e-01 3.307049460442156863e-01
5.366000000000000000e+03 4.109124820305671477e+01 -3.128168140779024053e-01 6.856478407650475060e-02 -3.128168140779024053e-01 6.856478407650475060e-02 1.173895504632352788e-01 6.934301436393774942e-01 6.934301436393776052e-01 9.457232641820747521e-01
5.467000000000000000e+03 4.322904540920293925e+01 -7.523308874532105839e-02 3.468224314760804949e-01 -7.523308874532105839e-02 3.468224314760804949e-01 -5.077174643003325993e-01 -1.266359926309661710e-01 -1.266359926309661710e-01 6.164416129280922974e-01
5.568000000000000000e+03 4.406010100071078739e+01 2.951718554750072943e-01 -1.203779052677897421e-01 2.951718554750072943e-01 -1.203779052677897421e-01 7.682062658159355406e-01 -9.045291138184963220e-02 -9.045291138184968771e-02 -9.256480981616055370e-01
5.669000000000000000e+03 4.540709011860649014e+01 1.278123229223204205e-01 7.282836798681585622e-01 1.278123229223204205e-01 7.282836798681585622e-01 3.438762830562485107e-01 5.651087869323266899e-01 5.651087869323266899e-01 -2.703310709501601794e-01
5.770000000000000000e+03 4.669256205159645390e+01 -7.025954793621949634e-02 5.650625796336326001e-01 -7.025954793621949634e-02 5.650625796336326001e-01 -8.226961647597548222e-01 -1.806346017309222451e-01 -1.806346017309223007e-01 -8.872500986161184766e-01
5.871000000000000000e+03 4.812784789606750024e+01 -3.769462158661877615e-01 1.652539796871838051e-01 -3.769462158661877615e-01 1.652539796871838051e-01 9.177916002129381523e-01 1.751603541823472387e-01 1.751603541823472943e-01 -1.322426265757680186e+00
