# l Dl_TT Dl_TE Dl_TB Dl_ET Dl_BT Dl_EE Dl_EB Dl_BE Dl_BB
7.050000000000000000e+01 1.972816257851348155e+03 -5.358028493216083987e+00 2.993715426890940501e-01 -5.358028493216083987e+00 2.993715426890940501e-01 3.347749620649541624e-01 2.733544560021301979e-03 2.733544560021303714e-03 1.614707149502219146e-03
1.065000000000000000e+02 2.914761904923367183e+03 -2.837125307905063920e+01 -5.825201250793944352e-01 -2.837125307905063920e+01 -5.825201250793944352e-01 8.755160929859421293e-01 2.899194879696669752e-02 2.899194879696669405e-02 6.047774173562489586e-03
1.425000000000000000e+02 4.080429998087770400e+03 -4.308518324373451236e+01 -1.635985160115908332e+00 -4.308518324373451236e+01 -1.635985160115908332e+00 1.106987186252200939e+00 1.109630748392279043e-02 1.109630748392279390e-02 9.579091877284074893e-03
1.785000000000000000e+02 5.178799430833470979e+03 -3.528474042484840822e+01 -8.113592172718493423e-01 -3.528474042484840822e+01 -8.113592172718493423e-01 7.971764278698875161e-01 -3.945183497207774628e-03 -3.945183497207778965e-03 -2.643249799144061114e-03
2.145000000000000000e+02 5.782386272668524725e+03 5.723743826669311474e+00 -1.304452303801820312e+00 5.723743826669311474e+00 -1.304452303801820312e+00 8.207112136816191450e-01 1.048121050069980228e-02 1.048121050069980228e-02 4.025199375049136330e-02
2.505000000000000000e+02 5.408539074839271962e+03 6.521082672820300274e+01 -5.400596505204932063e-01 6.521082672820300274e+01 -5.400596505204932063e-01 2.566731506477946123e+00 6.599628323921340883e-03 6.599628323921344353e-03 2.681893028124935144e-02
2.865000000000000000e+02 4.511673293605766048e+03 1.085796777971379186e+02 1.730200930311398544e-03 1.085796777971379186e+02 1.730200930311398544e-03 6.725182939779783986e+00 9.053505707631193111e-03 9.053505707631210458e-03 2.509130768017594354e-02
3.225000000000000000e+02 3.302653962357574073e+03 1.140131565847832462e+02 6.244784692292773554e-02 1.140131565847832462e+02 6.244784692292773554e-02 1.316428173669908652e+01 -2.716374234641410340e-02 -2.716374234641410340e-02 5.020372310517191156e-02
3.585000000000000000e+02 2.301054812274498545e+03 7.691649641277608396e+01 -6.876741494965074586e-02 7.691649641277608396e+01 -6.876741494965074586e-02 1.949865115063607846e+01 2.554588759912181789e-02 2.554588759912182483e-02 3.964612091896406454e-02
3.945000000000000000e+02 1.807887268900637764e+03 1.023304467750890012e+01 1.710196122013161457e-01 1.023304467750890012e+01 1.710196122013161457e-01 2.147784247755420495e+01 1.973848806096604666e-02 1.973848806096606054e-02 4.933305406917226632e-02
4.305000000000000000e+02 1.781955506506856409e+03 -4.865250058769542818e+01 -4.846331552093685602e-03 -4.865250058769542818e+01 -4.846331552093685602e-03 1.893542032525034813e+01 1.083075124078510670e-02 1.083075124078510670e-02 4.398506799087730651e-02
4.665000000000000000e+02 2.121748329599712633e+03 -7.047409275118357641e+01 5.196890037736884294e-02 -7.047409275118357641e+01 5.196890037736884294e-02 1.349409067195857581e+01 5.513687462705130909e-03 5.513687462705151726e-03 6.912795104528640655e-02
5.025000000000000000e+02 2.457145234267213709e+03 -5.480558289538006278e+01 -2.758406667534492596e-01 -5.480558289538006278e+01 -2.758406667534492596e-01 8.094242003175002864e+00 2.185952037964424347e-02 2.185952037964422612e-02 5.990730901428356625e-02
5.385000000000000000e+02 2.550885209026081611e+03 -1.418371684412740308e+01 -2.586979123181379348e-01 -1.418371684412740308e+01 -2.586979123181379348e-01 7.474851476246497484e+00 3.346768319100192762e-02 3.346768319100192762e-02 6.950323491809186349e-02
5.745000000000000000e+02 2.434912600775476676e+03 2.206916576203447278e+01 -2.437196658683065398e-01 2.206916576203447278e+01 -2.437196658683065398e-01 1.288296585078033196e+01 4.039685623682075927e-02 4.039685623682075233e-02 9.438492836012384035e-02
6.105000000000000000e+02 2.105007286120415756e+03 2.559982468493238628e+01 3.069529071149896260e-01 2.559982468493238628e+01 3.069529071149896260e-01 2.285363785135873371e+01 -6.577733594879228707e-02 -6.577733594879224543e-02 7.252873198080088402e-02
6.465000000000000000e+02 1.907071994069283392e+03 -1.148477168886729416e+01 4.264391725422898571e-01 -1.148477168886729416e+01 4.264391725422898571e-01 3.308381035534952019e+01 1.784674809842097531e-02 1.784674809842095797e-02 4.208420026126728081e-02
6.825000000000000000e+02 1.837860336452525416e+03 -6.883573238150661666e+01 -1.927049737116501849e-01 -6.883573238150661666e+01 -1.927049737116501849e-01 3.755173060811068098e+01 -6.396782447971652991e-03 -6.396782447971650389e-03 9.153555453724247781e-02
7.185000000000000000e+02 1.999892511480765279e+03 -1.166238747230540298e+02 -3.207231272974565006e-01 -1.166238747230540298e+02 -3.207231272974565006e-01 3.465274588901191066e+01 1.098461822078765013e-02 1.098461822078764319e-02 1.134147730574614488e-01
7.545000000000000000e+02 2.255137199164345020e+03 -1.336412965490729334e+02 -1.371287351897850781e-01 -1.336412965490729334e+02 -1.371287351897850781e-01 2.687646414297689290e+01 -5.384045357045751101e-02 -5.384045357045751101e-02 9.348888796507745513e-02
7.905000000000000000e+02 2.511206920397996782e+03 -1.010073106350597527e+02 5.814977652369170968e-01 -1.010073106350597527e+02 5.814977652369170968e-01 1.746417025627633990e+01 -2.078014289319321528e-02 -2.078014289319321181e-02 5.742152197223450438e-02
8.265000000000000000e+02 2.514721958549310330e+03 -4.301033276030672425e+01 -1.141407209735599837e-01 -4.301033276030672425e+01 -1.141407209735599837e-01 1.270972076733558964e+01 -1.012040057479926258e-01 -1.012040057479926258e-01 9.321203818820747444e-02
8.625000000000000000e+02 2.312473933510052120e+03 1.902240259097370512e+01 -8.300740097308727528e-01 1.902240259097370512e+01 -8.300740097308727528e-01 1.502392183635266676e+01 -3.614215076048619968e-02 -3.614215076048619274e-02 7.579950520238061540e-02
8.985000000000000000e+02 1.920867567006061336e+03 5.250362625439763775e+01 5.323964333423890638e-01 5.250362625439763775e+01 5.323964333423890638e-01 2.351356944886370215e+01 1.054424739823945911e-01 1.054424739823945772e-01 9.666254526487955134e-02
9.345000000000000000e+02 1.518538721744897202e+03 5.203566209059560776e+01 5.910975332968970708e-01 5.203566209059560776e+01 5.910975332968970708e-01 3.453750331178105881e+01 -5.852630570321006725e-02 -5.852630570321008807e-02 9.508481330334277171e-02
9.705000000000000000e+02 1.216584012324082096e+03 1.636647280908787394e+01 -4.275614328765007244e-01 1.636647280908787394e+01 -4.275614328765007244e-01 4.094029422373871796e+01 3.251428574708695781e-03 3.251428574708698383e-03 1.366668044116801095e-01
1.006500000000000000e+03 1.061189825705418343e+03 -3.291851828978617078e+01 1.408035204367564519e-01 -3.291851828978617078e+01 1.408035204367564519e-01 4.175761500427383055e+01 -7.343649529831650091e-02 -7.343649529831648703e-02 7.138095402725988525e-02
1.042500000000000000e+03 1.078647245930249028e+03 -6.788265060028516018e+01 -7.937963765654962311e-02 -6.788265060028516018e+01 -7.937963765654962311e-02 3.557776642970474512e+01 -1.020559386913280214e-01 -1.020559386913279937e-01 2.998941422148588068e-02
1.078500000000000000e+03 1.176670381765618686e+03 -7.730878015022938143e+01 1.191126404071199685e-01 -7.730878015022938143e+01 1.191126404071199685e-01 2.558391311654301603e+01 5.161218697617464546e-02 5.161218697617464546e-02 3.224099482555122659e-02
1.114500000000000000e+03 1.236320096325196801e+03 -5.812651331113978870e+01 5.941718798360893228e-01 -5.812651331113978870e+01 5.941718798360893228e-01 1.692708992099530718e+01 5.591693790972329658e-02 5.591693790972328271e-02 1.094172487346259659e-01
1.150500000000000000e+03 1.224002865461685133e+03 -2.821896499942101144e+01 1.615306922673726275e-01 -2.821896499942101144e+01 1.615306922673726275e-01 1.331747565696994506e+01 2.634266294468093697e-02 2.634266294468092656e-02 6.319418975357636581e-02
1.186500000000000000e+03 1.108456902075966582e+03 -1.554008831670304014e+00 7.148036144932745639e-01 -1.554008831670304014e+00 7.148036144932745639e-01 1.544991531366502535e+01 2.352742738663086280e-02 2.352742738663084893e-02 1.135539416165882720e-01
1.222500000000000000e+03 9.651376641513352297e+02 5.686366635023180294e+00 1.558345719603612678e-01 5.686366635023180294e+00 1.558345719603612678e-01 2.177895429644804182e+01 -4.040211680779656755e-03 -4.040211680779656755e-03 1.023020491777312385e-01
1.258500000000000000e+03 8.136186042745264331e+02 -3.956752328370798821e+00 -1.199766675490304274e-01 -3.956752328370798821e+00 -1.199766675490304274e-01 2.808876203498524404e+01 -3.023766359365355483e-02 -3.023766359365356177e-02 1.342125388665940944e-01
1.294500000000000000e+03 7.399898784861154581e+02 -2.858160048561569511e+01 1.821460074124118256e-01 -2.858160048561569511e+01 1.821460074124118256e-01 3.016035660617242087e+01 -1.156050531510707108e-01 -1.156050531510706691e-01 5.955750926522270644e-02
1.330500000000000000e+03 7.305650633467604393e+02 -5.122373399472191124e+01 6.741092021319607941e-01 -5.122373399472191124e+01 6.741092021319607941e-01 2.845191176162468238e+01 -1.343335246218245460e-01 -1.343335246218245738e-01 9.868809750293254524e-02
1.366500000000000000e+03 7.802902024460538541e+02 -6.130850002871740401e+01 1.321985733438542088e-01 -6.130850002871740401e+01 1.321985733438542088e-01 2.339774523281603891e+01 -3.701974066676036457e-02 -3.701974066676035069e-02 1.051631875763081453e-01
1.402500000000000000e+03 8.120001043738872113e+02 -5.393881273434040224e+01 -1.596937503470614861e-01 -5.393881273434040224e+01 -1.596937503470614861e-01 1.702145320191857891e+01 4.851674413703842281e-03 4.851674413703843149e-03 1.802442390312717635e-01
1.438500000000000000e+03 8.284851605497075298e+02 -3.437648208524450411e+01 -1.273956604540167348e-01 -3.437648208524450411e+01 -1.273956604540167348e-01 1.260643153748081957e+01 6.139010758863860939e-03 6.139010758863833184e-03 1.395475577758101549e-01
1.474500000000000000e+03 7.648400936249569213e+02 -1.331859624438598644e+01 1.904557641937394408e-01 -1.331859624438598644e+01 1.904557641937394408e-01 1.143981969721195924e+01 -4.083217773194196265e-02 -4.083217773194197653e-02 1.430944844028458618e-01
1.510500000000000000e+03 6.689884215053365324e+02 2.076330625542838426e+00 1.118640024008016320e-01 2.076330625542838426e+00 1.118640024008016320e-01 1.357572267112984754e+01 -1.549315480590635410e-02 -1.549315480590631941e-02 4.805379291798909241e-02
1.546500000000000000e+03 5.569519310759026212e+02 6.888955850024339078e+00 2.233748621038036675e-01 6.888955850024339078e+00 2.233748621038036675e-01 1.706644760219676371e+01 -4.991302908771085706e-02 -4.991302908771087787e-02 2.503859317298438858e-02
1.582500000000000000e+03 4.657713849473350365e+02 -2.354041399998301642e+00 -1.645692330824310157e-01 -2.354041399998301642e+00 -1.645692330824310157e-01 2.030666866540226323e+01 4.342636377982541512e-03 4.342636377982541512e-03 1.768580903995871922e-01
1.618500000000000000e+03 4.146158678671891380e+02 -1.337369216207580891e+01 1.392227681340708623e-01 -1.337369216207580891e+01 1.392227681340708623e-01 2.034519070750284087e+01 -3.346433945809322574e-02 -3.346433945809323962e-02 2.246044142624872147e-02
1.654500000000000000e+03 3.997190623511671674e+02 -2.494593235420470378e+01 -2.729427872573131353e-02 -2.494593235420470378e+01 -2.729427872573131353e-02 1.844347300608522389e+01 -2.611930485754045128e-02 -2.611930485754044781e-02 5.887598807196024395e-03
1.690500000000000000e+03 4.007345023655163345e+02 -2.952830623057773707e+01 -3.454619864090729409e-01 -2.952830623057773707e+01 -3.454619864090729409e-01 1.504370000611849889e+01 -2.249115854096279607e-02 -2.249115854096279954e-02 5.861424610632962745e-02
1.726500000000000000e+03 4.143343015103992002e+02 -2.710692802701769111e+01 -1.406816796700122441e-01 -2.710692802701769111e+01 -1.406816796700122441e-01 1.111762227890096177e+01 -6.381417866888808299e-02 -6.381417866888806911e-02 1.730265295959069194e-01
1.762500000000000000e+03 3.985942528538104170e+02 -1.843611052509281123e+01 -1.433378441550536564e-01 -1.843611052509281123e+01 -1.433378441550536564e-01 8.612451443365150894e+00 2.789223373994813293e-02 2.789223373994811905e-02 -7.907765489841239726e-02
1.798500000000000000e+03 3.753605677591481822e+02 -1.022199449629684764e+01 3.089863132943226898e-01 -1.022199449629684764e+01 3.089863132943226898e-01 8.042833898557640637e+00 3.183410015164998136e-02 3.183410015165002993e-02 9.365763502692725159e-03
1.834500000000000000e+03 3.359840949824201175e+02 -5.785052789294732989e+00 1.215945720056188645e-01 -5.785052789294732989e+00 1.215945720056188645e-01 8.832661640769247313e+00 -6.528026465623602836e-02 -6.528026465623600061e-02 1.036955522862384738e-01
1.870500000000000000e+03 2.927783729428715560e+02 -5.252629752485061587e+00 -7.635706755581863625e-01 -5.252629752485061587e+00 -7.635706755581863625e-01 1.013041923657639032e+01 -8.869233716222296726e-02 -8.869233716222296726e-02 1.888907251312758884e-01
1.906500000000000000e+03 2.662466248598656762e+02 -9.853006379801886538e+00 -2.855043188634027729e-01 -9.853006379801886538e+00 -2.855043188634027729e-01 1.094804399090719293e+01 5.111809627889446483e-02 5.111809627889445790e-02 1.173178115539877525e-01
1.942500000000000000e+03 2.535491297308632568e+02 -1.508506662411404520e+01 1.372298237808377563e-01 -1.508506662411404520e+01 1.372298237808377563e-01 1.060457034738603177e+01 3.015129857370788587e-03 3.015129857370790756e-03 9.043565553447865946e-02
1.978500000000000000e+03 2.467424511109250318e+02 -1.741136895980863741e+01 -1.632684238049653680e-01 -1.741136895980863741e+01 -1.632684238049653680e-01 9.832010257866944158e+00 -5.891043654414005598e-02 -5.891043654414005598e-02 2.036444341939907740e-02
2.014500000000000000e+03 2.492741718893608720e+02 -1.780568790695461701e+01 -5.087293418803899847e-01 -1.780568790695461701e+01 -5.087293418803899847e-01 7.879259550513723731e+00 -1.334527720949573240e-02 -1.334527720949573240e-02 7.396159801606705386e-02
2.050500000000000000e+03 2.464888459171791908e+02 -1.466009382360605784e+01 -1.426480505082394212e-01 -1.466009382360605784e+01 -1.426480505082394212e-01 6.250180131512261816e+00 1.103749409076648508e-01 1.103749409076648924e-01 2.251606219083055749e-01
2.086500000000000000e+03 2.308485444936642352e+02 -9.158535071081562506e+00 3.744534101599235054e-01 -9.158535071081562506e+00 3.744534101599235054e-01 5.160070048804263010e+00 -1.373051273632067137e-02 -1.373051273632074076e-02 1.553740688717627494e-01
2.122500000000000000e+03 2.113497768698401558e+02 -5.016828725452212367e+00 -2.452089268530426025e-02 -5.016828725452212367e+00 -2.452089268530426025e-02 4.800478921945586563e+00 7.843145205142550147e-02 7.843145205142547371e-02 -2.537239573110060264e-02
2.158500000000000000e+03 1.896273428596707333e+02 -3.149391608724581459e+00 2.754554618545645983e-02 -3.149391608724581459e+00 2.754554618545645983e-02 5.570720455237792912e+00 -1.893332010122697473e-01 -1.893332010122697195e-01 -4.145061372130492278e-02
2.207000000000000000e+03 1.596680945704551391e+02 -3.658112577082620387e+00 7.823517279259145640e-02 -3.658112577082620387e+00 7.823517279259145640e-02 5.897239236945949870e+00 9.394979068692917157e-03 9.394979068692910218e-03 1.242071993062170976e-01
2.268000000000000000e+03 1.405133538428741815e+02 -6.819264562758220904e+00 -1.218642699167588467e-01 -6.819264562758220904e+00 -1.218642699167588467e-01 5.921585480252912426e+00 1.006953059788646826e-01 1.006953059788646965e-01 -7.440888020220473575e-02
2.329000000000000000e+03 1.334514576958920031e+02 -7.807567260505230422e+00 1.748663444579713344e-01 -7.807567260505230422e+00 1.748663444579713344e-01 4.382795690956979406e+00 -2.812186974702486630e-02 -2.812186974702483855e-02 -1.678005398766582446e-01
2.390000000000000000e+03 1.273082319993795011e+02 -6.218227977695727660e+00 1.174719317442434324e-01 -6.218227977695727660e+00 1.174719317442434324e-01 3.365651227782556099e+00 -2.099239345143547320e-01 -2.099239345143546487e-01 1.143544392760815487e-01
2.451000000000000000e+03 1.136958074538682411e+02 -3.807314352939997981e+00 -3.112009488687846326e-01 -3.807314352939997981e+00 -3.112009488687846326e-01 3.029086344216306070e+00 1.727002704497845320e-01 1.727002704497845875e-01 -2.445763264682291813e-02
2.512000000000000000e+03 1.002451520590408336e+02 -2.877821373693780327e+00 8.386105341846568362e-02 -2.877821373693780327e+00 8.386105341846568362e-02 2.878019915833765374e+00 -6.812468596708656787e-02 -6.812468596708654012e-02 1.385407080337426045e-01
2.573000000000000000e+03 8.972087049759353761e+01 -3.599355175908567794e+00 -2.116936601716617461e-01 -3.599355175908567794e+00 -2.116936601716617461e-01 3.094170796131606949e+00 7.050335251930665154e-03 7.050335251930666888e-03 -1.732521285932879865e-02
2.634000000000000000e+03 8.713902253788964458e+01 -4.102198175070133068e+00 -3.932161247621955916e-03 -4.102198175070133068e+00 -3.932161247621955916e-03 2.402452793439276313e+00 -2.607375879101189384e-02 -2.607375879101189037e-02 -2.533205952384083668e-03
2.695000000000000000e+03 8.181347373581411375e+01 -3.071501674612701738e+00 3.072040134564390512e-01 -3.071501674612701738e+00 3.072040134564390512e-01 1.477195855635310195e+00 3.075267037492094430e-02 3.075267037492094083e-02 4.053092760962672542e-03
2.756000000000000000e+03 7.464530249030291031e+01 -1.855192194476323886e+00 2.368404840013995649e-01 -1.855192194476323886e+00 2.368404840013995649e-01 1.535987683406878190e+00 4.388525558337325050e-03 4.388525558337325050e-03 2.064995453858528562e-01
2.817000000000000000e+03 6.753669529352958989e+01 -1.561174175321002888e+00 3.930338039523066651e-02 -1.561174175321002888e+00 3.930338039523066651e-02 1.274352479072033528e+00 -9.410883924222870900e-02 -9.410883924222873675e-02 4.175061358568340694e-03
2.878000000000000000e+03 6.176743051667757811e+01 -1.810795459463616197e+00 3.084699174830747848e-01 -1.810795459463616197e+00 3.084699174830747848e-01 1.139487881549190229e+00 7.541685143346919806e-02 7.541685143346923970e-02 -1.393470121354101476e-01
2.939000000000000000e+03 5.926291542759823727e+01 -1.717992432411273196e+00 4.774431493202611898e-02 -1.717992432411273196e+00 4.774431493202611898e-02 8.732099360327636450e-01 -3.781309962743341357e-02 -3.781309962743341357e-02 5.762372356145042396e-01
3.000000000000000000e+03 5.719947107509223372e+01 -1.746900941425844733e+00 1.884489784512511090e-01 -1.746900941425844733e+00 1.884489784512511090e-01 9.048977223276890580e-01 -3.033396681494687774e-02 -3.033396681494673897e-02 -1.277491659186637263e-01
3.061000000000000000e+03 5.486868339789614168e+01 -1.305569018634371581e+00 9.148095621078861095e-02 -1.305569018634371581e+00 9.148095621078861095e-02 5.216430740917993303e-01 -1.082574147013995736e-01 -1.082574147013994903e-01 1.304699808321806154e-01
3.122000000000000000e+03 5.188211719623001272e+01 -1.002768738204500965e+00 -7.745447550634486367e-02 -1.002768738204500965e+00 -7.745447550634486367e-02 5.390282946541081754e-01 9.046395469945574253e-02 9.046395469945571477e-02 5.468896562358500912e-02
3.183000000000000000e+03 5.070138655204722511e+01 -8.663892555383896354e-01 -2.749417426480166293e-01 -8.663892555383896354e-01 -2.749417426480166293e-01 5.849102337365732485e-01 -1.649093050750150280e-01 -1.649093050750150002e-01 1.314375259878143923e-02
3.244000000000000000e+03 4.898898252789277308e+01 -1.330299763296371118e+00 6.685303382829949070e-02 -1.330299763296371118e+00 6.685303382829949070e-02 2.729443118943781776e-01 -2.159007344834847769e-02 -2.159007344834846728e-02 3.160899563550492175e-01
3.305000000000000000e+03 4.847156372453601136e+01 -1.061895108123622755e+00 -2.648803272412360646e-02 -1.061895108123622755e+00 -2.648803272412360646e-02 2.565081447233192313e-01 3.358301949686706700e-01 3.358301949686706145e-01 2.560466453983519797e-01
3.366000000000000000e+03 4.778544049049538955e+01 -7.011253139023201353e-01 1.186650244724320041e-01 -7.011253139023201353e-01 1.186650244724320041e-01 2.755880634195310153e-01 8.058271731652183467e-02 8.058271731652182079e-02 -2.711999610105175207e-01
3.447000000000000000e+03 4.611854692006122036e+01 -3.168901817892224582e-01 -1.804071703337171151e-01 -3.168901817892224582e-01 -1.804071703337171151e-01 1.922245939860042496e-01 -1.005986512866545446e-02 -1.005986512866545446e-02 -2.126505064286192057e-02
3.548000000000000000e+03 4.537247193345974239e+01 -4.692884773844945290e-01 5.966589316005420363e-02 -4.692884773844945290e-01 5.966589316005420363e-02 2.019216166779086719e-01 2.481084272786565348e-01 2.481084272786565625e-01 -1.877964975896916633e-01
3.649000000000000000e+03 4.543926504237890640e+01 -5.128859212141754220e-01 3.396542285523825866e-01 -5.128859212141754220e-01 3.396542285523825866e-01 7.380424574746735633e-02 8.627505906551360959e-02 8.627505906551359571e-02 1.348895885974140674e-01
3.750000000000000000e+03 4.579007704116727240e+01 -3.614367728656526779e-01 -3.588127875209135009e-01 -3.614367728656526779e-01 -3.588127875209135009e-01 1.548680596306231151e-02 -1.750777068183406726e-01 -1.750777068183406726e-01 8.964936566705468748e-03
3.851000000000000000e+03 4.594097774486806429e+01 -3.096215822272221363e-01 6.239707130612233421e-02 -3.096215822272221363e-01 6.239707130612233421e-02 -8.197474862773991566e-02 3.441661444327404062e-01 3.441661444327402952e-01 -1.256994571042477360e-01
3.952000000000000000e+03 4.674386613381329880e+01 -2.271978496313105389e-01 -2.872447375831719274e-01 -2.271978496313105389e-01 -2.872447375831719274e-01 1.271276940775247499e-01 1.899340666796413557e-01 1.899340666796414667e-01 2.176000922342006538e-01
4.053000000000000000e+03 4.771789968878749733e+01 1.983817712337224703e-01 -1.456959275886020311e-01 1.983817712337224703e-01 -1.456959275886020311e-01 -5.904832264378907097e-02 2.226523597594140813e-01 2.226523597594141091e-01 -1.312262251131937341e-01
4.154000000000000000e+03 4.882344579427919484e+01 -3.966495694152341600e-01 8.458692162533924808e-02 -3.966495694152341600e-01 8.458692162533924808e-02 -1.837980609552197775e-01 -4.174045170711282449e-01 -4.174045170711280783e-01 4.435375910898202712e-01
4.255000000000000000e+03 4.951439536795910357e+01 2.542749368885498518e-01 -3.075712655132722406e-01 2.542749368885498518e-01 -3.075712655132722406e-01 -5.791486978501767524e-01 2.136241755907055118e-01 2.136241755907055395e-01 -2.946445295703606360e-01
4.356000000000000000e+03 5.086404106075113418e+01 -2.087122175226415743e-01 9.504518723074881215e-02 -2.087122175226415743e-01 9.504518723074881215e-02 2.722365055828754321e-01 -1.771457130665260171e-01 -1.771457130665260171e-01 -2.650581034757355514e-01
4.457000000000000000e+03 5.248003169013375668e+01 1.155130018653844487e-01 3.035732941182315847e-01 1.155130018653844487e-01 3.035732941182315847e-01 5.246940127656345432e-01 -5.092620496610100744e-01 -5.092620496610099634e-01 -5.158092868632105921e-01
4.558000000000000000e+03 5.399848469877751000e+01 -1.536507163456114766e-02 3.841524789199262102e-01 -1.536507163456114766e-02 3.841524789199262102e-01 -4.572652199398887785e-01 7.025553612761041844e-01 7.025553612761041844e-01 -4.486651903970426680e-01
4.659000000000000000e+03 5.638525971177201512e+01 5.193175540178393002e-01 -3.154249202061808199e-02 5.193175540178393002e-01 -3.154249202061808199e-02 6.826741819040929027e-01 -1.362726088102287902e-01 -1.362726088102286237e-01 5.048604276396336799e-01
4.760000000000000000e+03 5.775020212961544530e+01 5.507919805380766254e-02 2.265310096732136014e-01 5.507919805380766254e-02 2.265310096732136014e-01 6.041757320765230865e-01 -2.232473990737717240e-01 -2.232473990737717240e-01 4.561620917300232003e-01
4.861000000000000000e+03 5.903667945649352333e+01 -3.788784063812217218e-01 -1.377769468433329703e-01 -3.788784063812217218e-01 -1.377769468433329703e-01 1.054826705491576755e+00 3.540535449424864201e-02 3.540535449424853098e-02 6.038441527676090548e-01
4.962000000000000000e+03 6.177501209898950663e+01 -5.718475531313305105e-01 3.274964841424453099e-01 -5.718475531313305105e-01 3.274964841424453099e-01 -3.340085158928251530e-01 -3.846348572715351799e-01 -3.846348572715352354e-01 2.042451322427553395e-02
5.063000000000000000e+03 6.420025173273066343e+01 5.298337670920418851e-01 -8.081971155871796597e-01 5.298337670920418851e-01 -8.081971155871796597e-01 -1.399883437761919591e+00 -1.000272303698234833e+00 -1.000272303698234833e+00 -4.442691021404281959e-01
5.164000000000000000e+03 6.593810151371762629e+01 3.809327618224956913e-01 1.611646389398437851e-01 3.809327618224956913e-01 1.611646389398437851e-01 8.836542985409462370e-01 -3.157510677431046298e-01 -3.157510677431045742e-01 -9.139325311238841731e-01
5.265000000000000000e+03 6.738311561674380812e+01 -4.237607464522563649e-01 2.095309636746171544e-01 -4.237607464522563649e-01 2.095309636746171544e-01 3.032202964925685418e-01 -3.534967574107306665e-01 -3.534967574107307220e-01 4.036208549074514984e+00
5.366000000000000000e+03 7.045729169510801171e+01 -2.992589194736476887e-01 -2.024912087792757331e-01 -2.992589194736476887e-01 -2.024912087792757331e-01 -2.758505596252635583e-01 1.627052366287479179e-01 1.627052366287474738e-01 -5.910966523560915453e-01
5.467000000000000000e+03 7.331327843681118850e+01 -1.230869152541232303e+00 -1.085996120570260182e+00 -1.230869152541232303e+00 -1.085996120570260182e+00 -8.377520365925800183e-01 6.944981172359382393e-01 6.944981172359382393e-01 -4.911452933385835329e-01
5.568000000000000000e+03 7.408172746766969397e+01 5.345746419964364504e-01 1.073950971551689504e+00 5.345746419964364504e-01 1.073950971551689504e+00 -1.642625585126794796e+00 -1.286786464973330713e+00 -1.286786464973330713e+00 1.088438850485503817e+00
5.669000000000000000e+03 7.508446595876321794e+01 -1.143805850997035023e+00 1.019539626360718598e+00 -1.143805850997035023e+00 1.019539626360718598e+00 -1.459371609699001482e+00 -3.755876456635605098e+00 -3.755876456635605543e+00 4.915791963802133013e-01
5.770000000000000000e+03 7.885739575437162330e+01 1.339801346654454939e+00 -2.601543997029651667e-01 1.339801346654454939e+00 -2.601543997029651667e-01 2.750705161510535124e+00 -7.298256317527234138e-01 -7.298256317527229697e-01 -1.764992119108901969e+00
5.871000000000000000e+03 8.019599553520231439e+01 7.038530976052993493e-01 4.065739524713141151e-02 7.038530976052993493e-01 4.065739524713141151e-02 2.481358558551149257e-02 5.573844710874444885e-01 5.573844710874440445e-01 2.181582960452523423e+00
