# l Dl_TT Dl_TE Dl_TB Dl_ET Dl_BT Dl_EE Dl_EB Dl_BE Dl_BB
7.050000000000000000e+01 1.330494313970283429e+03 -6.058588343066722892e+00 -3.103612896784988529e+00 -8.955174933670837945e+00 4.738415544968102022e-01 3.551716946385962137e-01 2.339992919067396260e-02 -9.384214694395612288e-03 -1.518835369306188558e-02
1.065000000000000000e+02 3.206941486523402546e+03 -2.555995827379446439e+01 4.994760807188987073e-01 -2.932245514630049144e+01 2.519741943920871918e+00 8.262937898146536231e-01 -1.141100578164722448e-02 8.521701989532788624e-03 -2.512015340661763810e-02
1.425000000000000000e+02 3.949909646270469693e+03 -4.049040664985260207e+01 3.703245750727300667e+00 -3.996138054726930022e+01 -1.831225207685500012e+00 1.069771150828448647e+00 -1.040069241732228672e-01 -2.853912205180370032e-02 4.669281230917081416e-02
1.785000000000000000e+02 5.456524903356841605e+03 -3.694528382628647734e+01 -3.705909506915181062e+00 -3.467450588021085878e+01 7.278519597671916364e-01 8.299394826116082147e-01 2.384339575689035234e-02 -3.582917755446449193e-02 5.108524417012367397e-02
2.145000000000000000e+02 5.570653446346834244e+03 4.027353104150655838e+00 -2.322091470810531799e+00 2.472992661793594671e+00 -1.424332931240302358e+00 8.108191757867082572e-01 6.511393287325939472e-02 -3.482740996188684462e-02 2.292762780541050469e-02
2.505000000000000000e+02 5.467554337960451448e+03 6.300252794151001012e+01 -3.462785282108929774e+00 6.213286796185516181e+01 1.048263708423188501e+00 2.392191216125186592e+00 -1.722781878072414050e-02 2.338860785166447381e-03 4.193557817251535730e-02
2.865000000000000000e+02 4.523606844630241540e+03 1.118415792155931001e+02 1.501850425356959340e+00 1.131502666414392735e+02 1.121211979847221984e+00 7.064596015748805691e+00 1.049739872834415944e-01 -2.985385939319191648e-02 3.977894679739672756e-02
3.225000000000000000e+02 3.370621809841780305e+03 1.183356847942193752e+02 1.331081873400277393e+00 1.210343374105059979e+02 9.406813340232321741e-01 1.301119125681460531e+01 1.116967185288331582e-01 7.395933051224788668e-03 8.751337227182973133e-02
3.585000000000000000e+02 2.352249945738281895e+03 7.812198109348886987e+01 1.273857879922782876e+00 7.960801996440387995e+01 9.710878291063478329e-01 1.881339893150808606e+01 -1.088767533348477742e-02 1.040096562788088430e-01 3.808635492149090723e-02
3.945000000000000000e+02 1.787413674288872016e+03 1.296200444459968537e+01 -2.082534042207164204e-01 1.042241526946187236e+01 1.031263989625336386e+00 2.152992661123089846e+01 6.504939724633188036e-02 -4.210139229114467224e-02 9.324864868354640346e-02
4.305000000000000000e+02 1.784646513520498502e+03 -4.831184951346418899e+01 -7.684069958141368506e-01 -4.948171862306431734e+01 -7.385368703924422018e-01 1.899687960600326164e+01 5.552072453197198082e-02 1.360220634286505581e-01 7.460861604980949247e-02
4.665000000000000000e+02 2.145910032572495766e+03 -7.294490211493740617e+01 1.084581207557610227e+00 -7.455140484518285859e+01 -8.309150554673657707e-01 1.314787541371550894e+01 2.621621471631499674e-04 1.128157456719924845e-01 8.043192951786548583e-02
5.025000000000000000e+02 2.479456706667804610e+03 -5.871950183841452997e+01 5.426898367822050595e-01 -5.830948859946154528e+01 3.112962794887913498e-02 8.396778895790857788e+00 -4.792976895965053719e-02 -5.206667784854199926e-02 -2.408857868090503312e-02
5.385000000000000000e+02 2.556448044643530466e+03 -1.213469829543947398e+01 2.319477684408455254e-02 -1.380897888887147218e+01 5.755462517183889126e-01 7.410229148507079699e+00 -2.205578401352726453e-02 3.702774940653216773e-02 7.862420606859935046e-02
5.745000000000000000e+02 2.455997331513807694e+03 2.157501154386944364e+01 1.599189278592734853e+00 2.271093145427508375e+01 -9.552592053664221705e-02 1.298937787126735444e+01 -3.185704375192530136e-02 5.406166333122705558e-02 1.706334008448956996e-01
6.105000000000000000e+02 2.163587865179471009e+03 2.967135978494129489e+01 -6.362430063489086240e-01 2.820382443606741063e+01 -3.058237261372757088e-01 2.288191586500817465e+01 -1.294016983924203834e-02 -5.648142591474643315e-02 1.641075613125926314e-01
6.465000000000000000e+02 1.882212082365339029e+03 -9.511587707301471184e+00 3.056166135433358022e-04 -9.370299639121705937e+00 1.327135209425331919e+00 3.306054822700410512e+01 1.667824224466644689e-01 7.961642902743494565e-02 4.730074485493310221e-02
6.825000000000000000e+02 1.807062308019068951e+03 -6.493035074054770917e+01 -1.844367174898166317e-01 -6.618447483879205606e+01 -8.270246350770731336e-01 3.744055831853145833e+01 -1.375270216616167884e-01 -1.380174480948444526e-01 4.154336891926414810e-02
7.185000000000000000e+02 1.970350546016994485e+03 -1.149676826337498596e+02 -8.282452851631822988e-01 -1.164359036373415677e+02 4.110738988419351814e-01 3.529159189275954134e+01 1.512314293578697066e-01 -1.333534176692681775e-02 8.396497308909678381e-02
7.545000000000000000e+02 2.224211718000618930e+03 -1.316120978863704067e+02 -6.855866955698892706e-01 -1.280927300101616879e+02 1.765109183993215147e+00 2.665082357745806263e+01 -7.770258371747872095e-02 -1.976403103880961798e-01 2.275703540502506741e-02
7.905000000000000000e+02 2.497954603315171880e+03 -9.875569049748015971e+01 1.966662450554385710e+00 -1.017862936833754475e+02 -2.895067769579841022e-01 1.761828484801774408e+01 -5.253872631382174724e-02 -4.085053629483496873e-02 3.255608558904790617e-02
8.265000000000000000e+02 2.525503337674434079e+03 -4.065382689664753002e+01 -4.374853296665141000e-01 -4.118133808352821745e+01 -2.100717642448473033e-01 1.261956670656268997e+01 1.202777655691979614e-01 1.019671616262789876e-01 2.779149463354717575e-01
8.625000000000000000e+02 2.307585783096433715e+03 2.000351422583034378e+01 6.729305491266217576e-01 1.752725105851312293e+01 5.144480978861393217e-02 1.468674012699277753e+01 -9.125777919830291296e-02 -6.189887724434267602e-03 -5.936527223195944836e-03
8.985000000000000000e+02 1.918616647608832864e+03 5.303216584261999600e+01 -1.330920235425568254e+00 5.398190766314366584e+01 1.359421600681917364e-01 2.335094331868846496e+01 -1.539133575990886127e-01 6.997165796952727057e-02 1.943618555352782384e-01
9.345000000000000000e+02 1.532053470774289735e+03 5.440701153970488946e+01 -2.697110759421659787e-01 5.296962078136652252e+01 6.579503296844276816e-01 3.345484321484892121e+01 2.896563422244119446e-01 -6.102489395664621730e-02 5.233912649713511056e-02
9.705000000000000000e+02 1.206429913545595127e+03 1.647433446777829147e+01 3.264860077582198983e+00 1.831504715407044870e+01 -6.133125153766779691e-01 4.108894684779098583e+01 5.058044738949296626e-02 -1.688291147615462451e-01 1.460209550824059510e-01
1.006500000000000000e+03 1.053040522644917246e+03 -3.272862108963691696e+01 -7.148136375946234633e-01 -3.561997944888292977e+01 6.023303357359788279e-03 4.110128989704877256e+01 -6.400793968757891028e-02 1.411454841151448258e-01 -1.396114527299002761e-01
1.042500000000000000e+03 1.080237298906281012e+03 -6.914095144261395376e+01 -2.538458297534316177e-01 -6.972014415488740724e+01 -1.385038030451610225e-01 3.526177658543869597e+01 -7.756369841911291141e-02 -7.727452777570373299e-02 1.579227230201007692e-01
1.078500000000000000e+03 1.167940166541517101e+03 -7.724721869755047976e+01 1.232333989270318231e+00 -7.659024102408869794e+01 3.957940732522178262e-01 2.571114161873876469e+01 -2.062519797387961651e-01 -1.361016075861917196e-01 1.135151279467931928e-01
1.114500000000000000e+03 1.251574735522607170e+03 -6.101165937891946101e+01 -1.845980236067799929e+00 -6.105385835686922746e+01 -6.846095074529211233e-02 1.690316021448878203e+01 1.528549293417129085e-01 -9.455295490224115140e-02 -1.857033787365330174e-03
1.150500000000000000e+03 1.231027034134636779e+03 -2.737520219758011564e+01 -5.646928057497113684e-03 -2.739066251299480825e+01 1.248586427861140269e+00 1.326807654718072627e+01 1.169640757227329020e-01 4.152759917948921353e-02 2.633356043848955608e-01
1.186500000000000000e+03 1.122802405397087341e+03 -3.788885142618299007e+00 -2.297622966378022547e+00 -3.126603243225508422e+00 -3.083292281791687461e-01 1.540175398963540943e+01 1.317772458343592634e-01 -6.683519924283065627e-02 2.530752151562687957e-01
1.222500000000000000e+03 9.622817484977399545e+02 5.597125959767609515e+00 1.245618137789282764e+00 6.770929942775608446e+00 -6.011977806472518226e-02 2.101815646348828892e+01 -1.370192244403650172e-01 -1.289356277611158341e-01 -9.191847792059207323e-02
1.258500000000000000e+03 8.091685857541910991e+02 -4.947541548445890669e+00 -1.815783001929324625e+00 -5.770108202063419789e+00 4.748634392752415501e-02 2.787725262614161537e+01 -8.731366761056699732e-02 1.092378346280762080e-01 7.013602951190112123e-02
1.294500000000000000e+03 7.440718617800180255e+02 -2.805460654645063912e+01 -6.644463794201782569e-02 -2.836329485661293859e+01 -1.759327697824610293e-01 3.024934103305433553e+01 -4.275220850063909950e-02 2.346483065031289283e-03 1.073053138328962514e-01
1.330500000000000000e+03 7.505427176882822096e+02 -5.173183929979729356e+01 8.333935763409773267e-01 -4.995699091456482677e+01 6.181443182112816848e-01 2.886052529320384252e+01 6.488295323196197062e-03 -1.326332056791704184e-01 7.943941298750460678e-02
1.366500000000000000e+03 7.892644670633665100e+02 -6.091605645066506014e+01 6.155087851372431640e-01 -5.970083688966106195e+01 9.628420200528513551e-01 2.302956227569247005e+01 -2.277849641178024687e-01 3.822347564435145395e-02 2.019325217158225716e-01
1.402500000000000000e+03 8.251777264326876775e+02 -5.306258732313965965e+01 5.425017950027953839e-01 -5.308018317860280177e+01 -8.627934865492609129e-01 1.691132375253303621e+01 -3.296715288410496103e-01 1.453766625423997816e-01 -9.813889470828554562e-02
1.438500000000000000e+03 8.188903152873351701e+02 -3.397565603158349745e+01 -9.309782289206096628e-01 -3.413994927001606783e+01 -6.400090452413833564e-01 1.255403258747437079e+01 7.939493124046348438e-03 -2.102255992017058595e-01 4.271348412186956600e-02
1.474500000000000000e+03 7.656607482389078996e+02 -1.163377563885319077e+01 -4.509642211995146255e-01 -1.306136639245037045e+01 -9.069062519060335781e-01 1.141196147726005350e+01 7.117324095332658307e-02 3.153832205201184125e-01 1.396777799391455688e-01
1.510500000000000000e+03 6.722178518483192420e+02 4.107889057497969842e-01 1.278238190042994438e+00 2.237656678910101782e+00 2.716091482331028928e-01 1.359021454246938454e+01 -2.261182644975115452e-03 2.311596562374143016e-01 -1.072379694411027540e-01
1.546500000000000000e+03 5.635977042643521600e+02 8.578082310613737604e+00 3.701722875260797796e-01 5.743312851622299320e+00 -2.303803443184175015e-01 1.721736715147604713e+01 1.310090699731122077e-01 -1.797540795794124596e-02 -3.470009415623487303e-02
1.582500000000000000e+03 4.730201437456894382e+02 -1.786790757042888478e+00 -5.335675479099737384e-01 -1.447288605110069071e+00 3.426025483401207161e-02 1.999475784838425341e+01 -3.168396196318841174e-01 -9.256008202745211189e-02 8.731731657388724921e-02
1.618500000000000000e+03 4.193932679369455059e+02 -1.251280493153954154e+01 -2.839708879923070750e-01 -1.340224875177085195e+01 -1.983720421979199844e-01 2.046518698592286611e+01 1.337926521377467426e-01 -2.372929078517901913e-02 1.623185231023062669e-01
1.654500000000000000e+03 4.085408595669562715e+02 -2.435064432348177021e+01 -1.481657289784181097e+00 -2.518168691775861845e+01 -2.773092978866817382e-02 1.829541624186417792e+01 1.019819213078886622e-01 -1.725361746086347681e-01 -1.039016695838940602e-01
1.690500000000000000e+03 4.165361151917641109e+02 -2.983138221541233648e+01 -7.348123957431473841e-02 -2.820803017527704171e+01 5.407588084203821532e-01 1.482467137132537438e+01 -7.232859327010468520e-02 -1.253034611028084888e-01 -1.217453319936245976e-01
1.726500000000000000e+03 4.145708402784288182e+02 -2.674268474095332238e+01 -2.751754961344607397e-01 -2.699068485436811571e+01 5.404692389408090047e-01 1.078153665583409371e+01 5.958435229690678403e-02 -2.910245957395951599e-01 5.844752060723362036e-02
1.762500000000000000e+03 4.043262717474850092e+02 -1.788414780892461309e+01 3.727657766747653062e-02 -1.741743033106130056e+01 3.409385769011938905e-01 8.421096837254445688e+00 -2.136361486485860994e-01 3.412367197701365873e-01 2.089279561357341719e-01
1.798500000000000000e+03 3.784096835892767672e+02 -1.082844287616050494e+01 6.863268881357227347e-01 -1.042510864789363012e+01 -5.821837298206491429e-01 8.008316115751458852e+00 -1.737067339055651249e-01 -1.078906420252333243e-02 1.982608668120463061e-02
1.834500000000000000e+03 3.405975077309331027e+02 -4.997158301525388424e+00 7.849230909900510866e-01 -5.074041311591425796e+00 -3.283656237557152080e-01 9.066074266853242136e+00 -9.633506836516063376e-02 1.490762732396989088e-01 2.420762149612001590e-01
1.870500000000000000e+03 2.972241182439656768e+02 -5.192313911106673174e+00 -3.141031849837004897e-01 -5.208254713215933585e+00 -3.098550089248849893e-01 1.016069107866804089e+01 -3.852308031273110611e-01 6.275249711134502084e-03 -5.045614866673713006e-02
1.906500000000000000e+03 2.683597136656961766e+02 -8.503452406198722002e+00 4.457609169071110600e-01 -9.217267572856421509e+00 -3.107642861133407264e-01 1.126035455368538507e+01 1.509392576983338841e-01 1.514085910202048885e-02 4.732165213665122661e-01
1.942500000000000000e+03 2.533780407165813813e+02 -1.485382390093893790e+01 -1.322551744653145622e+00 -1.383190098126827650e+01 3.219675360209789394e-01 1.107425286313218038e+01 -1.211678023204016685e-01 3.712310213046017271e-01 2.938115907074098643e-01
1.978500000000000000e+03 2.537326009658557382e+02 -1.653230588514400523e+01 -5.745642654109499592e-01 -1.688085223506499233e+01 -1.708125570343076438e-01 9.442523304798683625e+00 1.779797317627207498e-02 4.756438957986260097e-02 1.234160416709708108e-01
2.014500000000000000e+03 2.556561422920307223e+02 -1.731186738469222774e+01 1.420344657307048619e+00 -1.758707119600392943e+01 -6.784308644558593171e-01 7.982899984724445730e+00 -5.280118763602541232e-02 5.830716463582616416e-03 2.529776505573420181e-02
2.050500000000000000e+03 2.504676228437203349e+02 -1.575223786983174534e+01 -3.774908939736856817e-01 -1.468769064798127566e+01 -4.419396947915307239e-01 6.156411837833597467e+00 2.157405331111222346e-01 -1.009951982079171917e-01 2.822975472765987814e-01
2.086500000000000000e+03 2.360107315558268510e+02 -9.162616239919991301e+00 -6.124576949249336266e-01 -9.435109248947068039e+00 3.022280055110434516e-01 5.114277509247942888e+00 -1.200463213819677605e-01 5.916519812827703007e-03 1.619132520421708021e-01
2.122500000000000000e+03 2.209770122306514111e+02 -4.367301920849980590e+00 -1.926335239583281123e+00 -5.348804473554244154e+00 -2.930824130408776762e-01 5.323940098647637953e+00 -4.895976663791157257e-01 2.640280397944100854e-01 1.437687656481092535e-01
2.158500000000000000e+03 1.957706210746921442e+02 -3.218456061624361375e+00 6.189610833648987454e-01 -2.882920598359776321e+00 -1.305332983951981995e-01 5.176290919246181232e+00 1.359751077908753769e-01 -4.446088334993911761e-01 2.353621012276540525e-01
2.207000000000000000e+03 1.643545172327969226e+02 -3.302733625954167085e+00 -1.147528724293894742e-02 -3.709342869330061632e+00 4.969919257048827088e-02 5.991228118849260653e+00 2.285214934606355774e-01 -2.007234855453139122e-01 2.335622067777257393e-01
2.268000000000000000e+03 1.474043777074803074e+02 -7.040733966366424568e+00 -1.292243717167048389e-01 -6.928510428028190837e+00 5.827434048537586397e-01 5.600116349577025865e+00 -1.597249958967344452e-01 2.890615021599168832e-01 2.664011449699186240e-01
2.329000000000000000e+03 1.414485099095877843e+02 -7.921083383917506993e+00 2.773586054508169196e-01 -8.536900411496665342e+00 8.814006387903439155e-01 4.450104290515373151e+00 -9.054281612942539914e-02 -6.192552373430959545e-02 -1.121674475090456979e-01
2.390000000000000000e+03 1.339684684405062853e+02 -6.011047739494470576e+00 -5.974293358112549024e-01 -6.175121794868051239e+00 2.180367465697595764e-01 3.168515507845960144e+00 -1.739266877428635449e-01 1.761427691317342115e-01 -2.635742762120106275e-01
2.451000000000000000e+03 1.205982313460275464e+02 -3.281933234340482564e+00 -2.902964979862854289e-01 -3.919262536660176544e+00 6.943319922513152553e-03 2.545417091317021541e+00 2.207427201034206088e-01 1.168617672511656075e-01 -3.198637003767992870e-01
2.512000000000000000e+03 1.088138838800552293e+02 -2.958407612672568021e+00 -9.569978000685795683e-02 -3.088598434030819018e+00 4.745049568235830684e-01 2.651620954716435996e+00 -3.750196543486711276e-01 -2.308082321930357006e-01 -1.172541111020186377e-01
2.573000000000000000e+03 9.925098601335606929e+01 -3.982086274351576360e+00 -3.220567373981267911e-01 -3.394437638530717116e+00 -9.059159280126533043e-02 3.054130376597280261e+00 -1.127515369908452386e-01 4.321401234574051564e-02 6.397815409998580671e-02
2.634000000000000000e+03 9.686884760762876567e+01 -3.868837946511544779e+00 -1.875899602872545535e-01 -4.521782663754428278e+00 -1.495921469236394519e-01 2.409220521831606732e+00 -3.214969258132394092e-02 1.656286855053961671e-01 2.743962372516099979e-01
2.695000000000000000e+03 9.247233714687689599e+01 -3.345788843281146896e+00 -1.159394209481069554e-01 -3.517964917388852086e+00 -4.090430507533826532e-01 2.044270660001053841e+00 -2.856096206048572284e-02 3.058331821432475062e-01 2.983525450823668601e-01
2.756000000000000000e+03 8.620542539826294615e+01 -1.719297398331334215e+00 -5.484634722326982015e-01 -1.918932452756363372e+00 -2.838142014971075100e-01 1.518728359337324196e+00 8.913709285836721175e-02 -2.029261761897575567e-01 4.343718494177331024e-01
2.817000000000000000e+03 7.719327133983902911e+01 -1.527437532121075359e+00 -5.933776697922672760e-02 -1.645316326356459635e+00 -2.871922674639925122e-01 1.340284505207432808e+00 -1.175095343891207345e-01 4.703367793866883306e-02 -3.511934838805145231e-01
2.878000000000000000e+03 7.422184275831750710e+01 -1.872054077973520858e+00 -4.480275963014749840e-01 -2.201146526179481366e+00 -2.798988808538006579e-01 1.603584029171277958e+00 -1.593025026432625668e-01 1.300010626759748877e-01 2.700665958470184203e-01
2.939000000000000000e+03 7.005682975239636789e+01 -1.985881340219981972e+00 -1.494674328868614843e-01 -2.051482334155082299e+00 1.052004316301846654e-01 1.463292153429222475e+00 -2.872664612693257569e-01 -4.471276272886408609e-01 2.236253240546897114e-01
3.000000000000000000e+03 6.944234847676659683e+01 -2.054484199991929216e+00 1.001565686233773789e-01 -1.583385840740140882e+00 -7.631852075731269114e-01 1.504954648764897929e+00 -1.353867182847392492e-01 2.258913691748559716e-02 1.265456606932641725e-01
3.061000000000000000e+03 6.650709032462546588e+01 -1.315108481190922163e+00 1.663880835557968729e-01 -1.090410093531590574e+00 -5.667271965226294839e-01 4.983770355568114541e-01 -3.529689778992893268e-01 -5.229458829839113421e-02 6.588115951491295696e-01
3.122000000000000000e+03 6.554860748888613386e+01 -1.131030553842712116e+00 -2.330001663866205219e-01 -3.224871578227461733e-01 -2.631087428363251268e-01 8.935110421571246242e-01 -1.296104418676694015e-01 -1.886233144682472052e-01 9.009875463230716808e-02
3.183000000000000000e+03 6.381316989914444093e+01 -7.914925525228959646e-01 -6.085500970536009691e-01 -1.163975777849130200e+00 4.122159741618977025e-01 2.591606165045339805e-01 8.053587073501047855e-02 8.462887891907223958e-02 -3.354310362865648432e-01
3.244000000000000000e+03 6.332633116472544543e+01 -1.250576204039717254e+00 1.017001223113831315e-01 -3.836582574953310010e-01 -1.419870891913588562e-01 7.748155187318376269e-01 5.295546101095291447e-02 -2.838112191561899533e-01 2.370063512218423263e-01
3.305000000000000000e+03 6.228989379945588922e+01 -5.044105693438493132e-01 3.992140117115788311e-01 -1.121615383070945882e+00 2.965050105707919270e-01 3.598192487900094272e-01 1.163225041002800275e-01 2.133329951236274946e-01 5.151769055436000722e-02
3.366000000000000000e+03 6.308946688354206600e+01 -1.128395740466752173e+00 -2.375052950410893038e-01 -1.112807444772627052e+00 -6.734779860825182984e-01 3.308770840626175103e-01 1.214103963649049989e-01 2.003532437666659949e-01 -5.169114406201703871e-02
3.447000000000000000e+03 6.219107341689444013e+01 -3.638092340166271255e-01 -1.214559476072718525e-02 -2.677223590844206025e-01 4.228201506036280977e-01 4.944439520934719168e-01 3.448076928877572001e-02 2.536074214180575881e-01 -2.954941092527401114e-01
3.548000000000000000e+03 6.245931850847727418e+01 -9.088353665708323037e-01 1.573731367681964755e-01 -3.120142004250141543e-01 -3.489242282703022835e-02 3.422882589741880199e-01 -9.242748428598862587e-02 1.454886856818687069e-01 5.002736059577418404e-01
3.649000000000000000e+03 6.324962957310070522e+01 4.069021138246066704e-01 -1.025410145495945918e-01 1.226437961489541539e-01 1.025378159057308836e-01 -8.079096630826801406e-03 -2.165903007634430999e-01 -2.257234757866999342e-01 -3.903606475354974847e-01
3.750000000000000000e+03 6.452023422438855960e+01 -2.158207608808210554e-01 -9.800808517288278621e-02 -4.811309162826691299e-01 3.590704962760674634e-01 2.577362040815169286e-01 -4.638701166089483352e-01 -2.868372548904715158e-01 -2.634125731846276297e-01
3.851000000000000000e+03 6.620901862526173431e+01 3.094687571595523545e-01 4.262965506630398416e-01 -2.754091761158239393e-01 -5.646876793442838771e-01 -2.589158272699498831e-02 3.311957160250927346e-01 -5.290919811632065484e-01 3.110723001578579172e-01
3.952000000000000000e+03 6.758435866755002053e+01 -1.550794620683544622e-01 -1.127060439275647669e-01 -3.798713825243752451e-01 5.626853307906330981e-01 -1.206188306746994315e-01 8.935616311793323496e-02 2.267963335137898051e-01 -5.217259019253706054e-01
4.053000000000000000e+03 7.010973738414224954e+01 5.947314716601255491e-02 9.141320093381105627e-02 5.643585003693976088e-01 -8.172629217195678253e-01 -4.007789195819475569e-01 -1.172391513681255992e-01 -4.136487626098956927e-01 -6.343205328421896994e-01
4.154000000000000000e+03 7.026918362327022294e+01 -2.446050509607722301e-02 3.127152926669708732e-02 2.179450922942554048e-01 -1.915896958881916634e-01 1.989644524564440631e-02 2.266413152824019173e-01 -1.279901047389380153e-01 -3.269084316777917110e-01
4.255000000000000000e+03 7.393449987107877064e+01 -6.512343603535473147e-01 1.910640689585353380e-01 1.807654143350685416e-01 1.273285473418880598e-01 -3.795926217618611487e-02 -9.563267729318128407e-02 -3.720507363838168047e-01 -1.010597553297604145e-02
4.356000000000000000e+03 7.584910061782343860e+01 -3.255265745937242494e-01 -7.726486666989521024e-02 2.042222055079232768e-01 -4.675041769917500645e-01 1.378444864948907556e-01 -5.023856154483913317e-02 -1.110409046551487533e+00 -5.546510600107081856e-01
4.457000000000000000e+03 7.907258460239309272e+01 -2.326136456781838779e-01 -6.708344908698976594e-02 -9.579145410549811945e-01 -2.803193725137631542e-02 -6.302345038369940866e-01 -1.224464713196879440e-01 5.866638103924232128e-01 -1.793398223911275846e-01
4.558000000000000000e+03 8.141220661904546319e+01 -2.665934748609014582e-01 1.518770798681422785e-01 3.012356465238587022e-01 5.224380600648103473e-02 -6.652876278076506056e-01 -2.833931175694879845e-01 -2.470373691865870858e-02 -3.038416288473552718e-01
4.659000000000000000e+03 8.472289989437544477e+01 -1.254965422009240994e-01 -5.135303659365838547e-01 -1.913397548624785616e-01 3.468812710340394845e-01 9.012588929817205718e-01 -1.354562567357962821e-01 -1.242160506324981428e+00 9.369515110131260149e-02
4.760000000000000000e+03 8.591213466169779167e+01 -2.077041330998195823e-01 7.957842851309201437e-01 7.797880438615684140e-01 1.829789635327757624e-01 -9.787222119931077158e-02 6.038928080932481901e-02 4.036843302628646823e-02 -6.782166466906124347e-01
4.861000000000000000e+03 8.899950608711637301e+01 -8.406923622995998713e-03 -2.567919117253941730e-02 5.640358887503695851e-01 4.928746789266970074e-01 6.934713980128898170e-01 1.516416359502756883e+00 -2.519150536058430145e-02 6.843440434907082093e-01
4.962000000000000000e+03 9.219463690958181701e+01 3.144901975146192075e-01 7.813018566691632971e-01 -1.277259534763193649e+00 8.522581990956312747e-02 -2.820575277281626159e-01 1.864191496711208318e-01 7.810223148665306203e-01 5.442904911130607148e-01
5.063000000000000000e+03 9.598526288646669968e+01 1.225194636895766825e-01 -7.506475573127507905e-02 2.001316463390232642e-02 8.319880379212262200e-01 7.339052851966612057e-01 -5.993472998377997740e-01 1.376208361571638061e-01 -5.888704358988219312e-01
5.164000000000000000e+03 9.844978791921623440e+01 6.121027205670477311e-01 7.855876533231453962e-01 -3.627366704545772480e-01 1.125556043629373781e-01 -3.195561046022317442e-02 1.389886356367670828e-01 -4.889025406097648463e-01 1.029431709646782434e+00
5.265000000000000000e+03 1.013196265027746961e+02 -1.824249597684590718e-01 -8.022326639566629281e-02 -6.173144452773386970e-01 -6.838552715409197402e-01 -3.413429529955870345e-01 -3.831206066654331277e-01 -8.320848416963205763e-01 2.205427211877250548e-01
5.366000000000000000e+03 1.053806495639169754e+02 -9.895645231324611268e-01 7.176373691896521523e-01 5.834115809765758748e-02 -1.456990471864951120e+00 -6.379577986069215889e-01 5.726773750045294209e-01 6.943005151339309844e-01 -6.634742599392839946e-01
5.467000000000000000e+03 1.073587368260556616e+02 -2.261609061427941048e-02 2.166979120278731685e-01 -1.999068719693887219e-01 3.042440564609315556e-01 2.878846184575519773e-01 -1.927843361324468874e-01 2.739506611002335834e-01 -2.066787030965466787e-01
5.568000000000000000e+03 1.127669519957999569e+02 3.822271100068070915e-01 -6.095536824982751289e-01 -8.532634906744230863e-01 -1.367055322928492522e+00 -2.616060937440650713e-01 -1.293205972495659051e-03 -1.036491349103934034e-01 2.075055378567395026e-01
5.669000000000000000e+03 1.144270027057379053e+02 -6.194091509011958596e-01 9.697768742830925603e-01 -3.707487080521040812e-01 1.335803429539822673e+00 -4.668653949979661988e-01 1.493735016391633641e+00 1.952969593272681603e+00 2.346839602647100564e-01
5.770000000000000000e+03 1.178576076118031608e+02 1.040268187684617596e+00 -4.679244620099679564e-01 -1.956193647266399660e+00 6.594783449218305504e-01 1.144757007223981216e+00 8.769523852947647136e-01 -1.582794851297617766e+00 1.340229223694894056e+00
5.871000000000000000e+03 1.234051532814049210e+02 -5.418539115097495973e-01 1.203133795113054072e+00 1.963350595237086660e+00 -1.560483844856150326e-01 2.737495270090258837e-01 5.227418290709691107e-01 -3.597122308264918411e-01 4.888078965860947478e-01
