# l Dl_TT Dl_TE Dl_TB Dl_ET Dl_BT Dl_EE Dl_EB Dl_BE Dl_BB
7.050000000000000000e+01 2.325831455197409923e+03 -8.343877402087635176e+00 -1.411091291238608880e+00 -8.550844404212867289e+00 5.621188558366031707e+00 3.666226666495595032e-01 -2.900271550960148437e-02 2.564621772300619551e-02 -1.433728859677659007e-02
1.065000000000000000e+02 3.280390196017461221e+03 -2.873700300445707967e+01 7.347935944753524184e-01 -2.757228803827496222e+01 -1.368631367211067262e-01 8.080924445064068262e-01 -1.390602159518321973e-02 -3.585447122795565322e-02 -2.861543071446833938e-03
1.425000000000000000e+02 4.040375899662293705e+03 -4.556585010444009498e+01 3.074361127479010136e+00 -4.531721741814998694e+01 -3.692180281711316403e-01 1.076260632587378030e+00 -1.879088095760104993e-02 -5.686788553063860246e-03 5.061146570126166117e-02
1.785000000000000000e+02 5.175780177178535268e+03 -3.486681099215258683e+01 -1.121246295490537559e+00 -3.538391018968783897e+01 -1.357612640368628831e+00 8.643385767758366978e-01 6.637692831087393941e-04 -3.177477488943972195e-02 2.272705963375994120e-02
2.145000000000000000e+02 5.680577811350833144e+03 5.527529361585230561e+00 3.404493204842631737e+00 6.156293016960910691e+00 -7.074308756148203203e-01 7.622764170755809143e-01 5.188325190308057389e-02 5.765318744682067925e-03 -8.244410819852854636e-03
2.505000000000000000e+02 5.600134063368003808e+03 6.236458897809641400e+01 5.515948819914832102e-01 6.593944663839337750e+01 -6.316301195773024180e-01 2.568486904958814598e+00 3.258765521939201854e-02 3.645865101962624671e-02 2.049313434121563179e-02
2.865000000000000000e+02 4.472625605546139923e+03 1.080799578905126737e+02 1.758929528875041282e+00 1.072032786262653588e+02 5.307600107675951584e-01 6.693076633178392854e+00 1.185502775771387352e-01 -2.157420106294961198e-02 5.497160566588242536e-02
3.225000000000000000e+02 3.398882218492107313e+03 1.152670160168917448e+02 1.000666208148685232e+00 1.147652977561977821e+02 1.187389331787405133e-01 1.310486469748782312e+01 -2.140852241110805312e-02 -6.521899413201184825e-02 3.084268706990842684e-02
3.585000000000000000e+02 2.314865378101116221e+03 7.716354108033885950e+01 1.332447030328019144e+00 7.550208846136089846e+01 -1.749230605156678608e+00 1.950067977406261122e+01 -1.985831282392320346e-02 1.432161673134753344e-02 8.838323523352377420e-02
3.945000000000000000e+02 1.807035862776508111e+03 1.093697417575868513e+01 1.153785422928564008e+00 5.813533820568900445e+00 -4.064671048555855704e-01 2.170612692402022503e+01 -7.745274235520069328e-02 -1.184828516521953673e-01 8.231093367734802768e-02
4.305000000000000000e+02 1.830159247280623276e+03 -5.251284444367544779e+01 -6.582322240948481618e-01 -5.123969787230777229e+01 -6.093944736679213214e-01 1.908985850473141355e+01 -1.193455230384355970e-01 -9.526682606590049229e-02 1.276672443696423853e-01
4.665000000000000000e+02 2.068509172318080346e+03 -7.000619996453849581e+01 -4.786695764117450125e-01 -7.164371935807420755e+01 -5.167938358325675496e-01 1.311073500289342064e+01 -4.217429031450462690e-02 -6.396673757575407904e-02 -3.392365371538220986e-02
5.025000000000000000e+02 2.498141558701483063e+03 -5.654205302176369230e+01 -3.234158034327098696e-01 -5.752659724219685700e+01 -3.114116908507386094e-02 8.350403254688984589e+00 -1.013625018687974444e-01 6.848726258942056111e-02 1.142857191678060998e-02
5.385000000000000000e+02 2.554536013486577758e+03 -1.105115868775229160e+01 9.674277847206043113e-01 -1.199735092587804175e+01 -4.651076437295417199e-01 7.470066839880965759e+00 -1.933913774538101593e-01 -8.664053506058860821e-02 6.845443218040840605e-02
5.745000000000000000e+02 2.460389851908203582e+03 2.337054671601220690e+01 -3.890248067536981047e-01 2.370208892269545231e+01 -7.093141917241967409e-01 1.298258024666579402e+01 3.897148873200453889e-02 -2.289687775418195251e-02 2.412283563655515661e-01
6.105000000000000000e+02 2.116315903223389341e+03 2.539028163893862455e+01 -7.509490143382622218e-01 2.342054301261664762e+01 7.786163210109012245e-02 2.328918684563805641e+01 1.439062923406847772e-01 1.998384627072836289e-02 3.111473250396244034e-02
6.465000000000000000e+02 1.893886256448206495e+03 -1.480424001765651099e+01 -1.384038940059405531e+00 -1.372955916511046937e+01 -7.552009859620057997e-01 3.255945164165580508e+01 -1.111353109510639925e-01 -8.145720942664752551e-02 -3.762081781486026344e-02
6.825000000000000000e+02 1.783004873492374827e+03 -6.861738613194997072e+01 1.086738774792580742e+00 -6.778895967597378558e+01 -7.953918084562803248e-01 3.689762446457351075e+01 -6.335448551800582084e-02 -4.519202936877644849e-02 5.574662055638686387e-02
7.185000000000000000e+02 2.000921255385877885e+03 -1.171784648951543915e+02 5.540690508419283677e-01 -1.188131740909646510e+02 2.466530780460245986e-01 3.483353356434300707e+01 1.498710796384619959e-01 -1.259367497857372675e-01 6.415620059275309317e-02
7.545000000000000000e+02 2.259178209538227748e+03 -1.350685579724631680e+02 -1.066426850076564792e+00 -1.336251846588757530e+02 -6.531054221588197817e-02 2.692002178733274320e+01 -1.948587893273639321e-02 -4.918682809631028108e-02 2.590146908392280123e-01
7.905000000000000000e+02 2.507174199254750874e+03 -1.029158471794184351e+02 -6.095236360343131432e-02 -1.015652770062855410e+02 1.537406124346572256e-01 1.768820301375230741e+01 2.751451295124240914e-01 7.672823149116903343e-03 8.308295027655232534e-02
8.265000000000000000e+02 2.525654444225525822e+03 -4.535294752297880905e+01 -6.227400885344325232e-02 -4.380189996375404604e+01 -5.708565133783910506e-01 1.310725063772289900e+01 1.776188022894566176e-01 -1.190845224396728033e-02 3.792236871421011263e-02
8.625000000000000000e+02 2.262220897762636014e+03 1.830716896537258975e+01 -9.963952961044755252e-01 1.750847326615743427e+01 -1.641021033387692007e+00 1.473086822303845977e+01 1.537271486714689717e-01 1.560196131265351172e-02 2.144377991099677971e-01
8.985000000000000000e+02 1.902798275283931616e+03 5.529862606798232605e+01 4.017501971910746317e-01 5.520857580423385258e+01 -2.281168431496622961e-01 2.291770835946700657e+01 9.817341821383968048e-03 -3.763361071887517256e-02 1.415435971065247545e-01
9.345000000000000000e+02 1.534442382127570681e+03 5.147229135725137894e+01 1.281033180117968406e+00 5.344772220123815032e+01 -4.921695045783985867e-01 3.358858505247818016e+01 -9.396826020891595188e-02 -9.238838010810232482e-02 2.403356544096461045e-01
9.705000000000000000e+02 1.196597616822469490e+03 1.210086957067987967e+01 -7.013297936431659441e-01 1.278278174028739400e+01 2.623376758455839841e-01 4.126845443662989510e+01 1.896646857612492854e-01 1.397610498499707865e-01 4.549967275772291708e-02
1.006500000000000000e+03 1.066782165548558169e+03 -3.026029906488678733e+01 1.216610701718148224e+00 -3.256678245698405760e+01 1.067402571567965808e-01 4.136611654589283660e+01 1.229918609927216494e-01 5.905395006244817946e-02 9.708041557330751581e-02
1.042500000000000000e+03 1.083400378953576137e+03 -7.181031919422588317e+01 8.062852374553979296e-01 -6.949047920629951136e+01 -1.157013352086512015e+00 3.544768953864674899e+01 1.305780551728686345e-01 -1.915514079389710744e-01 -1.021513057983192002e-01
1.078500000000000000e+03 1.178295703485954618e+03 -7.853143077938493377e+01 -8.820704441573455901e-01 -7.775594249141730074e+01 1.226793822398447031e-01 2.576509710746154269e+01 -2.814874197217820395e-02 -7.484980375484413806e-02 1.782976399198457282e-02
1.114500000000000000e+03 1.220297175609845453e+03 -5.954793203672696222e+01 -5.446217301832090296e-01 -5.956427770349339568e+01 -1.072597697943261374e-01 1.700936447840857824e+01 -7.924167876163379365e-02 -1.869568051290501631e-02 9.900757956774461355e-02
1.150500000000000000e+03 1.235713520102934126e+03 -2.856489346772030302e+01 -1.139711644349965303e+00 -3.076955651418995075e+01 -5.943011356301868275e-01 1.337374053746712477e+01 1.489085839107520681e-01 8.272332725011853627e-02 1.518393021347828609e-01
1.186500000000000000e+03 1.113999484744942947e+03 -5.136297842779288914e+00 5.286041766052071988e-01 -3.448805403708930406e+00 -1.191553339766607267e-01 1.540374025994015739e+01 -6.028629148030692497e-03 5.141467043317318741e-04 -5.347056073395949072e-02
1.222500000000000000e+03 9.687611996139314670e+02 5.622456194980880895e+00 7.677002381085060723e-01 6.839188628355525879e+00 -2.513067978441124728e-01 2.168107573949099276e+01 -1.815273157337339294e-01 -5.422781657891061896e-02 -1.663620640689841834e-01
1.258500000000000000e+03 8.220819428879924544e+02 -5.315012541360516707e+00 1.097840420887608581e-01 -4.794405015256970159e+00 -1.032230971064092007e+00 2.753002590027269036e+01 1.092947163020070445e-01 -8.218638946930464928e-02 2.139206705483658322e-01
1.294500000000000000e+03 7.411455360238323919e+02 -2.978103345466866614e+01 2.833855392010423691e-01 -3.012889530551663597e+01 8.149453682280706213e-01 3.092177987286834195e+01 -8.357854559109142989e-02 -6.851951268909285686e-02 1.466182515947868914e-01
1.330500000000000000e+03 7.398700894451808381e+02 -4.986215772851961958e+01 -7.586227818775628240e-01 -5.081132955841189869e+01 -9.989343393016341111e-01 2.919548416666525981e+01 -4.403697093563173626e-01 2.157388864436295961e-01 1.567544433884936195e-01
1.366500000000000000e+03 7.835603850399318162e+02 -6.019294931038764673e+01 -3.100226063602531945e-01 -5.999640145267911606e+01 -6.848003087285170487e-01 2.307211259584340013e+01 -1.918421901355140125e-01 1.262911249258519830e-01 8.414102663643827085e-04
1.402500000000000000e+03 8.291120958466137836e+02 -5.292876135247487923e+01 -7.053727424331250606e-02 -5.350194462461566047e+01 9.895045882217712307e-02 1.685172345111035952e+01 -1.213439877541498957e-01 -7.764009196532035972e-02 1.912061909372879676e-01
1.438500000000000000e+03 8.175490909930103953e+02 -3.242962996135062781e+01 -1.898561720361129357e+00 -3.306110873451148535e+01 -4.163746112429105306e-01 1.239860758632179127e+01 -8.193998815550873616e-02 -2.307398907616000638e-01 6.247670642441258831e-02
1.474500000000000000e+03 7.693038243972182499e+02 -1.149442806813042850e+01 -2.653648204858430892e-01 -1.186780318651189425e+01 -4.272020850825872795e-01 1.161568239793114188e+01 2.665221499643314895e-01 1.168340402271331874e-01 1.249981303806589755e-01
1.510500000000000000e+03 6.729338999052912413e+02 2.123733165423909330e+00 1.506161087319271008e-01 2.995786674261277760e+00 8.966883773058464957e-02 1.365400080677676797e+01 -3.969923658635070296e-02 -2.565947550575098379e-01 9.944177209953358743e-02
1.546500000000000000e+03 5.612799839706667626e+02 4.788833297453715332e+00 1.588099801915860698e-01 4.499339448471960878e+00 -1.190531542982944391e-01 1.735513380819025997e+01 -3.454054778551650662e-01 -9.456457105891709347e-02 1.988750434134479161e-01
1.582500000000000000e+03 4.724618313484820646e+02 -1.642326443734864139e+00 2.089368682959247547e-01 -1.664441524456592880e+00 2.313591624294892568e-01 2.039278099173458259e+01 1.323202702398268704e-01 2.007635349447795814e-01 4.956358722262707572e-02
1.618500000000000000e+03 4.173678709014714627e+02 -1.399065784586498751e+01 -7.585742446764320857e-01 -1.299340288707592173e+01 -4.018841331009315732e-01 2.065555583009128071e+01 -1.744083536782548849e-01 4.236525965085022327e-02 1.858868494107377145e-01
1.654500000000000000e+03 4.052416432795322407e+02 -2.478654235624016167e+01 -7.357848981206124295e-01 -2.538028326938199797e+01 7.193050438763726184e-01 1.824053470374823149e+01 1.046418953997553108e-01 -1.048089049272281498e-01 2.741682768974276763e-01
1.690500000000000000e+03 4.073867119164705741e+02 -2.933662829072065747e+01 -1.064569206693068981e+00 -2.931951753477778055e+01 -6.380845040068593432e-01 1.472695424575730705e+01 3.112762765470975662e-02 2.638041814065261725e-01 1.939004864103429648e-01
1.726500000000000000e+03 4.137009199146610854e+02 -2.645684583058876882e+01 4.635543331306137271e-01 -2.704495289063241614e+01 4.509553304048494748e-01 1.120574498181464485e+01 -1.477382148074573298e-01 2.395002993750310616e-01 1.318236053526707918e-01
1.762500000000000000e+03 4.134312219226451361e+02 -2.033250136658365648e+01 6.090371260500220263e-01 -1.881396833363538690e+01 -7.770131142399279156e-01 8.376450803104191323e+00 -3.075729286816289987e-01 -1.258638680182674330e-01 -1.489192768304342662e-01
1.798500000000000000e+03 3.759300771236214587e+02 -1.006913118724119549e+01 2.309966999900131546e-02 -1.040522846985230032e+01 6.499888603904685480e-02 7.971305945346196964e+00 1.914876665868570083e-01 -8.026964108928850983e-02 2.538421241473129975e-01
1.834500000000000000e+03 3.359427384739774425e+02 -5.178583300542133117e+00 -7.059169956992852324e-01 -3.926304938385233534e+00 -3.606380261773951545e-01 8.290746119840088468e+00 2.821114895241856324e-01 -1.235814781563819298e-01 -9.223161195546400459e-02
1.870500000000000000e+03 2.985919106888658234e+02 -4.509189005502063807e+00 -3.697249848124829485e-01 -4.922669826234331580e+00 -1.043155824610293436e+00 1.013571238617519477e+01 6.544954877880317101e-02 1.861742089259481314e-01 -1.924668153599762010e-01
1.906500000000000000e+03 2.676210235250330243e+02 -9.384106063359054062e+00 1.102536069933396146e+00 -9.740125059976509903e+00 -3.371293335835549576e-01 1.084129886522314656e+01 1.595603858034366773e-02 1.497565151453489340e-02 1.059165330906599034e-01
1.942500000000000000e+03 2.547037583490757697e+02 -1.323814853357010435e+01 -6.256654721121680529e-01 -1.472643581031122295e+01 2.505680836603581541e-01 1.064294738717969757e+01 -7.051863986697769204e-02 1.717649265712971607e-01 -2.421593166254744911e-01
1.978500000000000000e+03 2.535875078184127460e+02 -1.789284405119768806e+01 8.646904483064917768e-01 -1.866963242218028896e+01 -1.076742751893800865e+00 9.459632235330271754e+00 1.585290057379357131e-01 9.047509604695742891e-02 9.599452617716530689e-02
2.014500000000000000e+03 2.524421001954562485e+02 -1.817610895605706389e+01 -6.153170154973203188e-01 -1.799876306062078868e+01 -4.909065898624298541e-01 7.767846895317758182e+00 -1.455941061145480386e-01 -1.047171648817810108e-01 -3.202678896735758340e-01
2.050500000000000000e+03 2.526464472138850397e+02 -1.484329615030770100e+01 -3.009241886801728438e-01 -1.516437419717368229e+01 3.669358303820743905e-03 5.848846890233055262e+00 8.927846343953500796e-02 -1.758509032784341120e-01 4.058865340662211607e-01
2.086500000000000000e+03 2.416591040050334698e+02 -1.000585339329595946e+01 -4.249729448180546987e-01 -9.712728388734824136e+00 -3.518490168123208917e-02 5.596585803666883407e+00 -9.463625062084146666e-03 5.318136262465665565e-02 -1.300386188172591995e-02
2.122500000000000000e+03 2.210757329613285833e+02 -4.918153522966575153e+00 -6.143904581379446839e-01 -5.427124804793212576e+00 5.846338835030033820e-01 5.228335209794457761e+00 -4.524424625316072479e-01 5.517773993487248840e-02 7.261471634855989898e-02
2.158500000000000000e+03 1.935643147524102972e+02 -2.535552286248067055e+00 5.875085443413879949e-01 -3.408907729524648378e+00 -5.814321630767713134e-03 5.659141376242595278e+00 -1.671005201434356824e-01 1.604616275009486670e-01 1.917401307817728773e-01
2.207000000000000000e+03 1.658303475013956358e+02 -4.125032186847541915e+00 -4.849410473537279359e-02 -3.509077060994215458e+00 6.014369746664156580e-01 6.038022018865548013e+00 4.566192498042926928e-01 5.098739402099116552e-02 1.585444424372054462e-01
2.268000000000000000e+03 1.463056737636372873e+02 -6.340426231560559067e+00 -5.153607509036298717e-01 -6.809442656262604032e+00 1.164153422858764664e-01 6.033508119327894548e+00 -8.301328451924142038e-02 -4.190269924907120969e-02 3.003787918636398047e-01
2.329000000000000000e+03 1.412646480690090982e+02 -8.418155774078581288e+00 -7.587949957621288599e-02 -8.510112011091845119e+00 2.470162412319436840e-01 4.702477250118234586e+00 2.984942661090513316e-01 -1.005976616484604430e-01 3.280387583765194126e-01
2.390000000000000000e+03 1.344327092136913393e+02 -5.871930743743084768e+00 -2.257846928702272327e-01 -6.523760803700490385e+00 6.050543925414580970e-01 2.989532319939358196e+00 1.754298100629989310e-01 1.385810185502162617e-01 1.245724344356820140e-01
2.451000000000000000e+03 1.221229509354199791e+02 -3.115716862554420707e+00 2.184845683149441720e-01 -3.182004202061487597e+00 1.513055186101480709e-01 2.846955197930292947e+00 -2.961856473848802906e-01 1.781980903996502053e-01 4.350993999132606871e-01
2.512000000000000000e+03 1.086511269852389887e+02 -2.344039510577233809e+00 2.214516103597148344e-01 -2.583845160448146494e+00 -9.113493089711222073e-02 2.772059541569506624e+00 6.083351231171098272e-02 -3.834525437889255706e-01 2.072751019975116737e-01
2.573000000000000000e+03 1.005609100553221111e+02 -4.506141292006485166e+00 3.820765631737977897e-01 -4.314863572195412722e+00 4.519384026095105700e-01 3.403276572402849531e+00 2.067564475384190414e-01 1.185088721916631171e-01 -4.904536971120279087e-01
2.634000000000000000e+03 9.738953172974308359e+01 -4.705281454441715638e+00 -4.077754488412664857e-01 -5.003874560655885873e+00 1.317271084703315331e-01 2.294060920453930841e+00 1.201821723860441032e-01 1.101947703976969145e-01 3.794083894450175215e-02
2.695000000000000000e+03 9.387670245679744596e+01 -3.297186619491842663e+00 3.234964710230781582e-01 -2.868811783894364087e+00 3.767508529973117026e-01 1.686472175330957057e+00 3.565864437739360016e-01 -2.176100081579234458e-01 1.915734509306967204e-01
2.756000000000000000e+03 8.667361905847640458e+01 -1.531883662801329926e+00 3.150045499880131938e-01 -2.121509463527871731e+00 7.251776790297861930e-02 1.442287772894856879e+00 -2.929958896200436369e-01 -1.369222177197544910e-01 1.476020095391184506e-01
2.817000000000000000e+03 7.846804595738734633e+01 -1.300428127650207433e+00 5.411192895900454047e-01 -9.902678661959063433e-01 -2.106834724999249731e-01 1.697200534626862822e+00 1.912833440227637571e-01 1.382437384412723291e-01 -6.905798487680840647e-02
2.878000000000000000e+03 7.363790731999435479e+01 -1.886727379811272032e+00 -6.322564740044267495e-01 -1.522387973368373171e+00 2.208105189091283671e-01 1.318621280342993307e+00 4.965123151356891640e-01 3.523112650981637950e-01 -1.977225766320799827e-01
2.939000000000000000e+03 7.099538302690532987e+01 -2.050705127904151492e+00 5.868414418785928843e-01 -1.881294152364304084e+00 -9.090194203453726418e-01 1.025419911725996336e+00 -1.465190059816448565e-01 1.608920540407343669e-03 3.013972459113103408e-01
3.000000000000000000e+03 6.945654541897582135e+01 -1.331002679062722738e+00 3.716534736133257910e-01 -2.190160808111293989e+00 2.997844317094872091e-02 8.052289281537297061e-01 -2.584721534722198011e-02 2.073922219268678757e-01 2.648414809435181150e-01
3.061000000000000000e+03 6.818410050203715400e+01 -1.554102904278582553e+00 -1.813436202129332653e-01 -1.511553913779001945e+00 6.841916083381585634e-02 1.180610297347209459e+00 -2.592759254272657965e-01 -2.044087555634853115e-01 -1.446186040292178343e-01
3.122000000000000000e+03 6.565382826338199607e+01 -7.001857030413420890e-01 9.411707681969083694e-03 -8.984105883927453462e-01 -1.784650393987903816e-01 1.414101085011029157e+00 3.249493097738711533e-01 2.854796661425099136e-02 -2.607648702704874755e-02
3.183000000000000000e+03 6.413659559703580726e+01 -3.822177752722442090e-01 -2.150784137018163511e-02 -1.570104796723557961e+00 -1.154443777134478433e-01 1.025537497905404383e+00 4.029676831109645085e-02 4.085844551103076094e-01 -1.353799639938154109e-01
3.244000000000000000e+03 6.316558201202850853e+01 -5.199844384443468304e-01 -3.902820093465189100e-01 -1.071941882958813874e+00 -7.695093168928628380e-01 5.481036206222187346e-01 -8.691745499906461392e-02 1.369412038830502554e-01 5.967079494070598455e-01
3.305000000000000000e+03 6.313326176311991844e+01 -1.096726852064979330e+00 -1.566039563557490855e-01 -6.103931656521223159e-01 -2.417016385926654132e-02 2.518082541523701257e-01 -5.255518042094309283e-01 -5.629253994122247473e-01 6.421466378095237459e-01
3.366000000000000000e+03 6.317106640601626566e+01 -7.338398854520029602e-01 8.810122307391786700e-01 -4.753397109482791483e-01 1.819210080204611002e-01 9.484402258642254946e-01 -3.939414494413268075e-01 -5.266912221927047000e-01 -1.624709680722544736e-01
3.447000000000000000e+03 6.225765899194276187e+01 -3.933356510993740729e-01 -1.454986603033247283e-01 -4.847393781854378858e-01 -5.527847914371293303e-01 3.596155464214377817e-01 2.381564848199204110e-01 3.712498675578269625e-01 2.184650466142320224e-01
3.548000000000000000e+03 6.215518208951290546e+01 -4.720111800985357098e-01 -3.134851261463441618e-01 -2.945623207023839174e-01 1.047035481185156214e-01 3.163743170406838612e-01 -6.429937376085631540e-03 -2.465706980980021945e-01 1.468388519091678168e-01
3.649000000000000000e+03 6.298196613961832213e+01 -1.076853548894452089e-01 -8.212421615145545362e-01 -3.600959522728652829e-01 9.478853034067979966e-01 1.550607381531905471e-01 -1.377121220899417964e-01 -3.541107550537801463e-01 -2.881872730540633865e-01
3.750000000000000000e+03 6.441729876636405550e+01 -2.783021210580515770e-01 6.180370513493760321e-02 -2.061910654747030058e-01 3.443673712477172688e-01 -1.867812201956835783e-01 1.468238305897656137e-01 -6.206856942335626376e-02 4.482757448385665811e-03
3.851000000000000000e+03 6.586626246154122555e+01 1.381019805167007231e-01 -1.624374453094021564e-01 -8.804153480920529073e-01 -1.945548384234185579e-01 -3.767958104618464032e-01 -1.542929944924122387e-01 -9.842309888253611416e-02 2.530422711811702863e-01
3.952000000000000000e+03 6.787497722577488446e+01 -7.606038541330937264e-01 5.915868372807290276e-01 -3.300808327234656114e-01 4.989134771254109535e-01 4.647661214971742227e-01 1.601677752291361945e-01 1.732585226543388313e-01 1.967970766069351840e-02
4.053000000000000000e+03 6.998464280885758626e+01 -6.538944336205086971e-01 -2.540887145211426223e-01 -3.310792771670540979e-01 1.063846546082768407e-01 -5.292227222913166162e-01 4.139340831459691339e-01 -4.275399046726525154e-01 -2.179790352499654804e-01
4.154000000000000000e+03 7.169045046653241116e+01 6.851802023874954684e-03 1.859083597911903030e-01 -4.156057442159736826e-01 1.130982226398004609e-01 3.141283637588821454e-01 5.047520753181115871e-02 -2.106561368624599861e-01 3.293475028213336819e-01
4.255000000000000000e+03 7.392375380439099786e+01 -1.994666027421350962e-01 -2.476894178327009866e-01 2.735257231849957393e-01 -1.649225762353009883e-02 6.073303583820841567e-01 3.994012172875547328e-01 -1.383169032161753187e-01 -3.345888399845835526e-01
4.356000000000000000e+03 7.659405854720070295e+01 2.270591903983189552e-01 4.736636914778925012e-01 -2.768934601142659657e-01 5.996249090475239685e-01 -5.107193561866649190e-02 1.858574755450350113e-01 -2.886733264079872630e-01 9.211315371219883641e-01
4.457000000000000000e+03 7.821398431871836010e+01 2.541328746279998274e-01 1.608709178650555016e-01 5.739171084127792088e-01 5.768003544660135762e-02 6.040330975420116211e-03 5.937023659028030087e-01 5.532124511522146237e-01 -3.669747911029426768e-01
4.558000000000000000e+03 8.085903199322225987e+01 2.547061500868699757e-01 -1.813497822191508235e-01 -4.187754050126824001e-01 -1.817439253692828549e-01 2.202754278625206896e-01 3.044562352179907005e-01 5.509766990585607260e-02 8.592076970813596892e-01
4.659000000000000000e+03 8.391914989905782818e+01 -3.996460730065459765e-03 2.361097057684968248e-01 -1.897266950323374668e-01 4.000500518173420450e-01 1.177052825078278353e+00 -4.482874803788894913e-01 6.628649023082520131e-01 -9.798891749042827337e-01
4.760000000000000000e+03 8.654481849398395354e+01 -7.527764013290588752e-02 -6.645793801172373838e-01 4.356411831008214497e-01 2.117965453583189328e-01 1.419353497295427147e+00 -1.115985279127124918e-01 5.280657052611757996e-01 3.960999063476121074e-01
4.861000000000000000e+03 8.947866309951413655e+01 1.729380447029108536e-01 3.966444312486395174e-01 -8.066519179524290761e-01 4.322945496528250997e-01 -9.014589600098892319e-01 -1.214401054032278937e+00 -8.398721390397561049e-01 3.816715857542329893e-02
4.962000000000000000e+03 9.260542694485242521e+01 -1.137762509416619661e-01 1.066654266293639020e-01 -1.065107300687093250e+00 -7.832859245880147148e-01 1.192873458279699594e-01 -5.762105697851155339e-02 -1.735525295142221758e-01 -1.293397976903966073e-01
5.063000000000000000e+03 9.631666110824954785e+01 2.525316023465249970e-01 -3.796695513184737414e-01 7.830762723456513585e-01 -2.610898792997783935e-01 3.446247644546611699e-01 2.932329883533341119e-01 -2.238763455416038495e-01 1.424843730960080324e+00
5.164000000000000000e+03 9.876510220337428336e+01 3.862044955967578463e-01 -5.937706388319867745e-01 6.280951873885527448e-01 1.327787624644812592e+00 -7.466075937472719248e-01 -1.494309819611864820e-01 6.250914061934044197e-01 -9.482164758868592003e-01
5.265000000000000000e+03 1.021912865027431110e+02 -8.397850013400185443e-01 -6.918510321102597782e-01 -5.454446577700846621e-01 1.155726945758998259e+00 3.456958663970052803e-01 8.321692647158748235e-01 3.785552764974956519e-01 -1.758479440558304296e-01
5.366000000000000000e+03 1.050733190189262984e+02 -6.467790091195074753e-02 2.031230421460655799e-01 -8.749467517048254983e-01 4.878777426236845516e-01 6.514486252043607539e-01 1.073891634266089135e+00 1.201889599798996455e+00 -2.289432110948681209e-01
5.467000000000000000e+03 1.088096855870655020e+02 -4.909795770670157267e-01 -3.895143952441596502e-01 4.218832108862862196e-01 1.582750529917587579e-01 -7.119980748615802879e-01 -2.292033352424701631e-01 6.663466694416810832e-01 8.044497075352331494e-01
5.568000000000000000e+03 1.113765155562237652e+02 -1.511994213019697719e+00 -7.073112193358366273e-01 -4.095015678965828188e-01 -1.164811758831401090e+00 -1.536522859955769427e+00 7.326498671841337185e-01 -1.232876475092758994e+00 -1.775093388758374191e-01
5.669000000000000000e+03 1.161247568417935696e+02 1.601458659724091405e+00 -5.133112243144400955e-01 2.000082090931667445e+00 1.960505943262539352e-01 1.059745843434104717e+00 -9.695346514609289867e-01 -2.419533233747005740e-01 6.336001871746347325e-01
5.770000000000000000e+03 1.189692970719023037e+02 1.084924364439795230e+00 -3.559149067300071412e-01 5.575950889157599288e-02 -9.814969871173945259e-02 8.389720844655222942e-01 2.175336092107870156e-01 1.322282946777343149e+00 4.472261690350490260e-01
5.871000000000000000e+03 1.235120972594544639e+02 7.528243541326700150e-01 4.510324079165895506e-01 -6.127981988637321020e-01 8.364508141973864275e-01 -9.116587023444046034e-01 -1.099440436450022762e+00 6.065453034828700574e-01 1.191180410386712962e-01
